1874.7378,4.407,425.4
1804.3445,4.417,408.5
1834.8998,4.414,415.7
1848.3717,4.423,417.9
1907.928,4.38,435.6
1902.7019,4.367,435.7
1840.036,4.402,418.0
1824.8851,4.409,413.9
1724.4778,4.478,385.1
1653.0502,4.519,365.8
1719.1005,4.485,383.3
1716.5728,4.496,381.8
1708.2624,4.524,377.6
1628.1393,4.539,358.7
1602.3628,4.547,352.4
1617.525,4.55,355.5
1623.7774,4.513,359.8
1646.515,4.511,365.0
1629.3312,4.536,359.2
1600.9053,4.539,352.7
1605.1926,4.546,353.1
1582.017,4.533,349.0
1587.5596,4.532,350.3
1667.5092,4.508,369.9
1632.7116,4.524,360.9
1602.5688,4.536,353.3
1601.6418,4.554,351.7
1591.59,4.55,349.8
1573.0889,4.561,344.9
1631.296,4.544,359.0
1609.572,4.52,356.1
1631.715,4.525,360.6
1583.3407,4.559,347.3
1571.3504,4.552,345.2
1575.5032,4.568,344.9
1583.2516,4.564,346.9
1554.732,4.546,342.0
1627.4565,4.527,359.5
1609.3798,4.522,355.9
1612.4662,4.546,354.7
1572.855,4.559,345.0
1575.21,4.55,346.2
1552.344,4.555,340.8
1554.1603,4.543,342.1
1614.6204,4.538,355.8
1631.9835,4.527,360.5
1582.7304,4.552,347.7
1568.3101,4.571,343.1
1586.7719,4.561,347.9
1554.6141,4.563,340.7
1548.594,4.548,340.5
1647.3847,4.537,363.1
1642.85,4.532,362.5
1553.2513,4.559,340.7
1553.6934,4.567,340.2
1566.7984,4.552,344.2
1546.6458,4.557,339.4
1593.2,4.552,350.0
1637.2173,4.539,360.7
1610.5716,4.519,356.4
1597.401,4.551,351.0
1564.5392,4.564,342.8
1583.8356,4.567,346.8
1558.375,4.55,342.5
1610.4468,4.548,354.1
1628.065,4.535,359.0
1607.8134,4.538,354.3
1598.2072,4.552,351.1
1568.0403,4.549,344.7
1620.168,4.56,355.3
1619.7398,4.546,356.3
1644.9328,4.529,363.2
1651.8996,4.506,366.6
1645.4556,4.518,364.2
1604.5826,4.534,353.9
1602.2412,4.557,351.6
1609.6348,4.556,353.3
1593.54,4.54,351.0
1627.0228,4.502,361.4
1647.4716,4.531,363.6
1624.7952,4.536,358.2
1586.5206,4.542,349.3
1641.3946,4.538,361.7
1600.7696,4.558,351.2
1590.99,4.525,351.6
1684.3351,4.529,371.9
1650.716,4.504,366.5
1617.8805,4.551,355.5
1601.538,4.555,351.6
1596.14,4.55,350.8
1633.9275,4.545,359.5
1678.3284,4.508,372.3
1625.2866,4.526,359.1
1627.5645,4.545,358.1
1567.3842,4.559,343.8
1566.2207,4.549,344.3
1559.2896,4.554,342.4
1590.8487,4.557,349.1
1636.228,4.535,360.8
1632.9808,4.526,360.8
1639.1529,4.557,359.7
1588.6772,4.556,348.7
1544.0384,4.552,339.2
1586.532,4.559,348.0
1591.083,4.533,351.0
1616.33,4.525,357.2
1637.7729,4.533,361.3
1572.855,4.559,345.0
1574.6786,4.559,345.4
1568.5194,4.557,344.2
1556.7744,4.568,340.8
1648.1109,4.539,363.1
1637.0419,4.511,362.9
1636.3308,4.524,361.7
1587.8997,4.559,348.3
1561.9134,4.559,342.6
1558.029,4.569,341.0
1575.9902,4.547,346.6
1608.721,4.538,354.5
1635.4608,4.548,359.6
1617.084,4.536,356.5
1571.2536,4.557,344.8
1563.0549,4.569,342.1
1545.7435,4.553,339.5
1589.0076,4.574,347.4
1633.8518,4.541,359.8
1615.0155,4.515,357.7
1604.2287,4.533,353.9
1577.8699,4.559,346.1
1577.2075,4.565,345.5
1589.857,4.562,348.5
1570.8952,4.552,345.1
1610.1813,4.537,354.9
1641.9403,4.537,361.9
1635.6051,4.527,361.3
1561.2075,4.545,343.5
1576.751,4.565,345.4
1576.2054,4.578,344.3
1576.1811,4.541,347.1
1642.9208,4.516,363.8
1640.751,4.515,363.4
1604.89,4.54,353.5
1594.8794,4.549,350.6
1612.416,4.56,353.6
1600.731,4.554,351.5
1595.3651,4.531,352.1
1638.048,4.52,362.4
1675.9778,4.526,370.3
1593.086,4.54,350.9
1586.3158,4.561,347.8
1575.2286,4.554,345.9
1619.6414,4.547,356.2
1663.821,4.509,369.0
1641.219,4.53,362.3
1625.9744,4.552,357.2
1604.328,4.532,354.0
1558.6795,4.535,343.7
1612.47,4.555,354.0
1673.14,4.522,370.0
1637.204,4.504,363.5
1636.9608,4.517,362.4
1574.5176,4.548,346.2
1558.2539,4.571,340.9
1555.416,4.56,341.1
1546.7396,4.564,338.9
1614.2984,4.532,356.2
1660.717,4.535,366.2
1624.1936,4.528,358.7
1552.68,4.56,340.5
1581.9515,4.555,347.3
1581.7548,4.561,346.8
1555.8708,4.548,342.1
1593.3495,4.533,351.5
1647.294,4.538,363.0
1612.4498,4.537,355.4
1583.2929,4.551,347.9
1587.6841,4.561,348.1
1563.4913,4.549,343.7
1605.9456,4.552,352.8
1660.8912,4.533,366.4
1608.3788,4.523,355.6
1596.7,4.562,350.0
1598.28,4.56,350.5
1551.3216,4.552,340.8
1573.5636,4.569,344.4
1554.0516,4.556,341.1
1611.4021,4.543,354.7
1647.7461,4.543,362.7
1561.5726,4.562,342.3
1565.4536,4.568,342.7
1551.8763,4.563,340.1
1545.0645,4.551,339.5
1639.7422,4.546,360.7
1628.6882,4.538,358.9
1606.706,4.54,353.9
1565.2098,4.554,343.7
1595.2248,4.563,349.6
1567.5078,4.566,343.3
1544.0284,4.556,338.9
1629.142,4.538,359.0
1626.629,4.531,359.0
1651.0157,4.547,363.1
1533.8133,4.569,335.7
1562.026,4.57,341.8
1548.4796,4.549,340.4
1608.6018,4.566,352.3
1594.3576,4.532,351.8
1649.4156,4.514,365.4
1636.3206,4.534,360.9
1593.9696,4.549,350.4
1595.23,4.55,350.6
1575.9204,4.556,345.9
1659.2316,4.526,366.6
1659.9281,4.507,368.3
1656.168,4.53,365.6
1614.2397,4.551,354.7
1566.576,4.554,344.0
1563.6024,4.548,343.8
1650.704,4.52,365.2
1663.7775,4.515,368.5
1603.1748,4.539,353.2
1588.1402,4.561,348.2
1587.95,4.537,350.0
1594.3884,4.558,349.8
1601.3508,4.548,352.1
1641.654,4.515,363.6
1690.54,4.525,373.6
1634.886,4.554,359.0
1590.3304,4.549,349.6
1542.2176,4.552,338.8
1577.553,4.566,345.5
1620.1548,4.518,358.6
1783.6458,4.458,400.1
1780.737,4.463,399.0
1557.4686,4.558,341.7
1556.6625,4.545,342.5
1589.6412,4.564,348.3
1581.7664,4.544,348.1
1622.0736,4.536,357.6
1625.0311,4.543,357.7
1604.58,4.552,352.5
1585.488,4.556,348.0
1579.9602,4.569,345.8
1576.751,4.565,345.4
1577.7636,4.526,348.6
1655.6975,4.525,365.9
1594.7094,4.533,351.8
1557.1065,4.573,340.5
1554.1665,4.551,341.5
1574.568,4.56,345.3
1553.596,4.556,341.0
1584.8586,4.566,347.1
1591.5744,4.563,348.8
1607.0599,4.541,353.9
1585.6122,4.542,349.1
1571.661,4.545,345.8
1591.0344,4.568,348.3
1562.2464,4.552,343.2
1548.594,4.54,341.1
1599.9627,4.557,351.1
1595.3,4.558,350.0
1596.595,4.55,350.9
1591.4847,4.551,349.7
1580.2038,4.533,348.6
1625.7024,4.536,358.4
1622.623,4.535,357.8
1578.5856,4.544,347.4
1601.3936,4.552,351.8
1580.1896,4.546,347.6
1594.107,4.53,351.9
1624.437,4.535,358.2
1574.789,4.558,345.5
1578.3417,4.563,345.9
1578.4164,4.554,346.6
1572.3526,4.547,345.8
1603.4271,4.541,353.1
1605.0352,4.552,352.6
1558.0376,4.561,341.6
1540.824,4.56,337.9
1555.5325,4.555,341.5
1562.4334,4.538,344.3
1617.8805,4.551,355.5
1590.3304,4.549,349.6
1564.5304,4.556,343.4
1559.7326,4.546,343.1
1579.3644,4.562,346.2
1621.851,4.543,357.0
1603.62,4.53,354.0
1580.0568,4.564,346.2
1561.344,4.56,342.4
1575.4928,4.564,345.2
1570.8165,4.565,344.1
1597.7731,4.543,351.7
1631.9898,4.522,360.9
1601.9935,4.555,351.7
1622.8472,4.556,356.2
1610.4475,4.525,355.9
1636.8663,4.533,361.1
1626.873,4.538,358.5
1580.0208,4.556,346.8
1743.4567,4.451,391.7
1736.2065,4.469,388.5
1637.142,4.53,361.4
1612.0624,4.559,353.6
1552.6848,4.544,341.7
1555.642,4.562,341.0
1559.06,4.552,342.5
1597.0256,4.528,352.7
1598.6624,4.552,351.2
1553.361,4.562,340.5
1584.7084,4.559,347.6
1595.9312,4.552,350.6
1579.8552,4.532,348.6
1593.7878,4.542,350.9
1578.1784,4.552,346.7
1546.622,4.565,338.8
1589.0765,4.565,348.1
1563.5125,4.565,342.5
1623.1168,4.544,357.2
1577.6208,4.536,347.8
1604.1816,4.547,352.8
1576.9851,4.567,345.3
1547.68,4.552,340.0
1569.552,4.56,344.2
1611.557,4.546,354.5
1603.7292,4.538,353.4
1584.9475,4.561,347.5
1593.6192,4.548,350.4
1596.8202,4.539,351.8
1646.1144,4.536,362.9
1574.1252,4.539,346.8
1594.8794,4.549,350.6
1603.6696,4.552,352.3
1603.42,4.55,352.4
1625.0992,4.528,358.9
1608.5264,4.549,353.6
1576.848,4.56,345.8
1589.0982,4.569,347.8
1592.9407,4.537,351.1
1590.5272,4.534,350.8
1598.1399,4.557,350.7
1567.1645,4.565,343.3
1548.0247,4.549,340.3
1549.38,4.557,340.0
1595.7675,4.527,352.5
1586.55,4.533,350.0
1574.789,4.558,345.5
1559.9664,4.572,341.2
1567.6239,4.569,343.1
1568.534,4.565,343.6
1629.2864,4.546,358.4
1628.952,4.54,358.8
1560.5379,4.551,342.9
1562.143,4.565,342.2
1569.2078,4.559,344.2
1572.1344,4.549,345.6
1614.54,4.548,355.0
1616.1419,4.541,355.9
1590.9586,4.543,350.2
1597.4385,4.555,350.7
1603.875,4.55,352.5
1637.6712,4.539,360.8
1611.3525,4.525,356.1
1592.0562,4.567,348.6
1601.0418,4.551,351.8
1584.9472,4.544,348.8
1650.456,4.528,364.5
1613.2193,4.543,355.1
1554.048,4.56,340.8
1563.9669,4.561,342.9
1579.584,4.56,346.4
1615.203,4.555,354.6
1620.1944,4.546,356.4
1584.1212,4.556,347.7
1593.8264,4.559,349.6
1574.235,4.563,345.0
1577.553,4.566,345.5
1628.3772,4.546,358.2
1625.5192,4.552,357.1
1575.7266,4.566,345.1
1556.324,4.564,341.0
1542.5135,4.565,337.9
1559.9744,4.556,342.4
1595.161,4.555,350.2
1608.9813,4.549,353.7
1561.4586,4.563,342.2
1586.137,4.571,347.0
1572.994,4.57,344.2
1588.8906,4.554,348.9
1614.46,4.535,356.0
1622.0736,4.536,357.6
1576.9824,4.542,347.2
1618.3356,4.551,355.6
1601.7029,4.549,352.1
1639.225,4.522,362.5
1599.0358,4.526,353.3
1591.1676,4.554,349.4
1579.9119,4.557,346.7
1598.103,4.553,351.0
1637.145,4.525,361.8
1614.4242,4.526,356.7
1596.3072,4.544,351.3
1585.675,4.55,348.5
1570.3422,4.557,344.6
1593.55,4.553,350.0
1615.0742,4.538,355.9
1577.3766,4.551,346.6
1584.968,4.565,347.2
1569.7638,4.554,344.7
1562.8205,4.555,343.1
1589.1414,4.543,349.8
1583.2728,4.534,349.2
1548.2364,4.559,339.6
1551.5268,4.566,339.8
1559.404,4.565,341.6
1589.0765,4.565,348.1
1611.2558,4.549,354.2
1621.1664,4.536,357.4
1572.1155,4.545,345.9
1545.2787,4.557,339.1
1564.766,4.562,343.0
1567.3644,4.551,344.4
1624.497,4.515,359.8
1614.7796,4.541,355.6
1612.1656,4.549,354.4
1591.3315,4.535,350.9
1611.0887,4.537,355.1
1667.4625,4.525,368.5
1594.6532,4.538,351.4
1588.8574,4.537,350.2
1625.292,4.545,357.6
1604.8802,4.531,354.2
1624.3717,4.559,356.3
1613.886,4.559,354.0
1571.3852,4.564,344.3
1568.6512,4.568,343.4
1543.94,4.541,340.0
1618.1784,4.548,355.8
1605.5457,4.547,353.1
1559.0624,4.564,341.6
1581.426,4.564,346.5
1558.3802,4.558,341.9
1614.104,4.534,356.0
1603.3742,4.546,352.7
1580.0554,4.543,347.8
1561.8,4.56,342.5
1562.925,4.55,343.5
1539.0432,4.548,338.4
1621.7786,4.553,356.2
1600.9784,4.556,351.4
1555.5325,4.555,341.5
1563.1696,4.568,342.2
1534.698,4.554,337.0
1612.7208,4.548,354.6
1639.9509,4.529,362.1
1603.1225,4.535,353.5
1587.0086,4.546,349.1
1591.8672,4.543,350.4
1612.0647,4.527,356.1
1653.3297,4.521,365.7
1622.1184,4.526,358.4
1595.7495,4.545,351.1
1579.2376,4.559,346.4
1614.681,4.542,355.5
1643.484,4.53,362.8
1626.251,4.535,358.6
1563.6024,4.548,343.8
1550.5074,4.563,339.8
1560.9985,4.555,342.7
1544.508,4.54,340.2
1587.8124,4.547,349.2
1610.5989,4.551,353.9
1589.857,4.562,348.5
1577.1777,4.557,346.1
1587.4438,4.559,348.2
1622.3916,4.556,356.1
1612.3107,4.543,354.9
1606.7584,4.544,353.6
1566.1206,4.554,343.9
1545.9747,4.551,339.7
1580.6387,4.567,346.1
1579.347,4.558,346.5
1583.762,4.538,349.0
1573.7167,4.547,346.1
1574.388,4.545,346.4
1602.4204,4.564,351.1
1575.7933,4.553,346.1
1621.9478,4.523,358.6
1615.172,4.537,356.0
1589.3865,4.545,349.7
1577.832,4.534,348.0
1620.1314,4.542,356.7
1631.2625,4.525,360.5
1635.7875,4.525,361.5
1617.111,4.545,355.8
1609.6887,4.551,353.7
1567.5979,4.553,344.3
1595.997,4.547,351.0
1595.0876,4.547,350.8
1615.25,4.55,355.0
1588.5417,4.553,348.9
1582.32,4.56,347.0
1588.7284,4.564,348.1
1589.0,4.54,350.0
1610.868,4.53,355.6
1579.2376,4.559,346.4
1562.485,4.562,342.5
1548.4796,4.549,340.4
1561.6795,4.573,341.5
1602.567,4.545,352.6
1598.8861,4.541,352.1
1557.4668,4.562,341.4
1572.8748,4.567,344.4
1552.429,4.57,339.7
1566.816,4.56,343.6
1606.503,4.551,353.0
1584.968,4.565,347.2
1602.0693,4.563,351.1
1601.9081,4.547,352.3
1566.4089,4.539,345.1
1595.013,4.53,352.1
1633.8786,4.531,360.6
1592.7351,4.539,350.9
1579.9752,4.548,347.4
1621.7185,4.549,356.5
1601.3085,4.535,353.1
1635.2457,4.521,361.7
1620.2592,4.536,357.2
1593.7602,4.551,350.2
1548.4815,4.545,340.7
1582.7952,4.564,346.8
1610.9528,4.552,353.9
1585.0527,4.543,348.9
1590.2055,4.563,348.5
1580.4544,4.552,347.2
1556.4435,4.555,341.7
1592.0092,4.546,350.2
1608.6763,4.543,354.1
1607.915,4.555,353.0
1582.9047,4.563,346.9
1558.2662,4.559,341.8
1573.3224,4.563,344.8
1604.1718,4.529,354.2
1586.6136,4.554,348.4
1587.8439,4.551,348.9
1569.9848,4.552,344.9
1592.0793,4.571,348.3
1568.8718,4.562,343.9
1621.7786,4.553,356.2
1616.9868,4.537,356.4
1620.423,4.539,357.0
1617.111,4.545,355.8
1604.1676,4.556,352.1
1606.73,4.526,355.0
1641.9382,4.522,363.1
1612.4662,4.546,354.7
1592.3594,4.547,350.2
1630.6731,4.541,359.1
1635.5168,4.523,361.6
1611.837,4.534,355.5
1572.2756,4.556,345.1
1575.48,4.56,345.5
1589.2395,4.555,348.9
1577.832,4.534,348.0
1607.4591,4.537,354.3
1615.0008,4.557,354.4
1553.9327,4.561,340.7
1585.8597,4.561,347.7
1634.2116,4.542,359.8
1597.626,4.54,351.9
1591.0296,4.551,349.6
1568.5279,4.561,343.9
1565.3352,4.561,343.2
1592.8835,4.555,349.7
1605.2904,4.536,353.9
1577.94,4.55,346.8
1572.987,4.566,344.5
1546.0736,4.558,339.2
1569.542,4.556,344.5
1553.2125,4.575,339.5
1616.7703,4.553,355.1
1635.8204,4.549,359.6
1564.3098,4.562,342.9
1600.192,4.546,352.0
1636.7488,4.544,360.2
1660.5036,4.527,366.8
1605.4962,4.543,353.4
1598.0637,4.549,351.3
1588.1145,4.557,348.5
1611.612,4.527,356.0
1624.2192,4.542,357.6
1601.2901,4.553,351.7
1559.178,4.559,342.0
1590.984,4.56,348.9
1623.7337,4.547,357.1
1586.0664,4.542,349.2
1564.6542,4.567,342.6
1591.5995,4.567,348.5
1567.621,4.565,343.4
1618.236,4.552,355.5
1615.6484,4.546,355.4
1573.5555,4.565,344.7
1555.1896,4.558,341.2
