1875.678,4.26,440.3
1820.0766,4.219,431.4
1907.8624,4.126,462.4
1886.4009,4.167,452.7
1844.822,4.21,438.2
1849.1579,4.177,442.7
1726.2135,4.257,405.5
1540.6245,4.383,351.5
1615.152,4.37,369.6
1594.098,4.365,365.2
1585.2235,4.361,363.5
1570.0706,4.382,358.3
1614.072,4.36,370.2
1595.4165,4.377,364.5
1562.6736,4.392,355.8
1567.8414,4.377,358.2
1577.4939,4.371,360.9
1548.1606,4.382,353.3
1573.0938,4.377,359.4
1582.2092,4.378,361.4
1584.0363,4.377,361.9
1629.4259,4.379,372.1
1583.862,4.385,361.2
1582.6008,4.367,362.4
1579.6312,4.354,362.8
1637.8092,4.364,375.3
1620.9942,4.354,372.3
1626.4491,4.371,372.1
1617.0678,4.374,369.7
1600.4352,4.368,366.4
1593.55,4.396,362.5
1585.616,4.385,361.6
1597.7341,4.393,363.7
1592.3526,4.377,363.8
1589.7327,4.371,363.7
1632.1983,4.363,374.1
1620.9648,4.368,371.1
1603.77,4.364,367.5
1677.645,4.335,387.0
1617.7541,4.357,371.3
1585.0693,4.351,364.3
1565.3668,4.364,358.7
1585.8045,4.365,363.3
1594.2358,4.387,363.4
1566.516,4.388,357.0
1580.2267,4.381,360.7
1558.0482,4.379,355.8
1588.7146,4.367,363.8
1602.9861,4.369,366.9
1600.4352,4.368,366.4
1603.423,4.369,367.0
1595.78,4.372,365.0
1597.4592,4.379,364.8
1561.8787,4.391,355.7
1554.6684,4.388,354.3
1576.047,4.395,358.6
1575.6884,4.394,358.6
1570.8672,4.383,358.4
1567.314,4.41,355.4
1596.145,4.373,365.0
1610.7168,4.358,369.6
1606.1532,4.386,366.2
1611.569,4.39,367.1
1628.0028,4.374,372.2
1577.087,4.393,359.0
1582.4376,4.392,360.3
1568.16,4.4,356.4
1554.693,4.398,353.5
1555.0884,4.383,354.8
1574.37,4.41,357.0
1566.4839,4.399,356.1
1564.3132,4.409,354.8
1584.79,4.39,361.0
1578.3462,4.377,360.6
1587.0345,4.395,361.1
1574.5625,4.375,359.9
1593.8352,4.398,362.4
1582.113,4.407,359.0
1581.4352,4.388,360.4
1559.1129,4.413,353.3
1559.1129,4.413,353.3
1586.3208,4.404,360.2
1592.6104,4.408,361.3
1548.6234,4.397,352.2
1578.5514,4.418,357.3
1563.1704,4.386,356.4
1589.7724,4.388,362.3
1570.8672,4.383,358.4
1616.22,4.38,369.0
1605.0514,4.358,368.3
1664.5342,4.354,382.3
1621.366,4.388,369.5
1595.3432,4.378,364.4
1588.2736,4.373,363.2
1584.739,4.385,361.4
1607.469,4.386,366.5
1584.246,4.38,361.7
1623.9086,4.363,372.2
1619.4328,4.358,371.6
1620.6592,4.366,371.2
1624.8456,4.382,370.8
1618.0772,4.372,370.1
1627.3233,4.371,372.3
1579.2835,4.393,359.5
1591.1183,4.399,361.7
1617.5052,4.374,369.8
1620.7245,4.365,371.3
1587.75,4.38,362.5
1615.4131,4.379,368.9
1670.4666,4.302,388.3
1675.5096,4.283,391.2
1639.9856,4.334,378.4
1633.256,4.36,374.6
1594.5408,4.371,364.8
1629.2939,4.381,371.9
1600.452,4.38,365.4
1586.3601,4.381,362.1
1577.0066,4.394,358.9
1587.6,4.41,360.0
1588.8704,4.394,361.6
1591.5276,4.388,362.7
1612.6656,4.368,369.2
1591.814,4.39,362.6
1604.8368,4.392,365.4
1620.5937,4.367,371.1
1613.8353,4.389,367.7
1605.4192,4.396,365.2
1581.5576,4.403,359.2
1613.694,4.409,366.0
1570.8231,4.389,357.9
1575.2819,4.399,358.1
1554.3476,4.412,352.3
1604.68,4.4,364.7
1577.327,4.39,359.3
1586.4376,4.397,360.8
1626.5634,4.389,370.6
1605.7152,4.392,365.6
1599.1344,4.374,365.6
1586.4376,4.397,360.8
1616.624,4.393,368.0
1578.2445,4.395,359.1
1580.9545,4.405,358.9
1548.6198,4.407,351.4
1572.9174,4.401,357.4
1579.551,4.406,358.5
1574.404,4.42,356.2
1587.96,4.4,360.9
1579.3986,4.386,360.1
1545.1395,4.421,349.5
1588.0695,4.393,361.5
1615.7556,4.374,369.4
1575.2121,4.389,358.9
1581.8478,4.377,361.4
1595.6136,4.392,363.3
1616.4092,4.396,367.7
1555.122,4.393,354.0
1578.117,4.402,358.5
1598.1875,4.375,365.3
1589.72,4.4,361.3
1589.4648,4.392,361.9
1605.276,4.392,365.5
1591.755,4.385,363.0
1636.6896,4.368,374.7
1629.7866,4.338,375.7
1639.0575,4.365,375.5
1648.7412,4.371,377.2
1620.8031,4.377,370.3
1595.5602,4.381,364.2
1582.4375,4.375,361.7
1590.3636,4.386,362.6
1574.574,4.386,359.0
1566.3683,4.379,357.7
1635.8654,4.381,373.4
1602.3,4.36,367.5
1623.1488,4.368,371.6
1615.6189,4.363,370.3
1649.0382,4.366,377.7
1650.4451,4.379,376.9
1599.277,4.39,364.3
1583.316,4.392,360.5
1579.16,4.4,358.9
1604.8176,4.404,364.4
1569.8367,4.401,356.7
1568.8318,4.418,355.1
1549.3244,4.394,352.6
1600.8174,4.381,365.4
1582.2092,4.378,361.4
1609.295,4.385,367.0
1594.0848,4.389,363.2
1618.0608,4.359,371.2
1596.1285,4.391,363.5
1559.8105,4.405,354.1
1565.622,4.404,355.5
1570.4975,4.393,357.5
1574.9152,4.414,356.8
1552.6744,4.406,352.4
1590.0813,4.401,361.3
1556.9008,4.403,353.6
1584.1457,4.387,361.1
1590.1641,4.377,363.3
1568.076,4.385,357.6
1621.2032,4.384,369.8
1577.9582,4.382,360.1
1623.0174,4.402,368.7
1557.0804,4.406,353.4
1667.1428,4.337,384.4
1705.8627,4.311,395.7
1576.3562,4.402,358.1
1592.1248,4.403,361.6
1591.6056,4.404,361.4
1580.9964,4.388,360.3
1607.4927,4.367,368.1
1634.5638,4.374,373.7
1595.9272,4.376,364.7
1585.3996,4.399,360.4
1561.4592,4.396,355.2
1550.912,4.406,352.0
1557.4276,4.402,353.8
1561.319,4.423,353.0
1543.6122,4.394,351.3
1603.8,4.4,364.5
1541.4776,4.408,349.7
1648.8205,4.391,375.5
1582.156,4.39,360.4
1573.8495,4.395,358.1
1633.069,4.37,373.7
1633.9168,4.384,372.7
1605.7793,4.379,366.7
1581.717,4.39,360.3
1594.887,4.39,363.3
1578.8011,4.399,358.9
1614.048,4.416,365.5
1627.872,4.376,372.0
1657.4028,4.357,380.4
1633.258,4.367,374.0
1639.6154,4.363,375.8
1614.0743,4.373,369.1
1616.589,4.381,369.0
1592.6466,4.373,364.2
1598.1154,4.382,364.7
1613.1997,4.373,368.9
1597.8222,4.374,365.3
1611.7838,4.387,367.4
1597.235,4.37,365.5
1578.9627,4.397,359.1
1624.653,4.365,372.2
1582.263,4.383,361.0
1605.3414,4.379,366.6
1592.2818,4.401,361.8
1610.1078,4.398,366.1
1591.92,4.4,361.8
1565.0228,4.411,354.8
1567.325,4.415,355.0
1611.9928,4.414,365.2
1560.6118,4.411,353.8
1580.57,4.415,358.0
1565.388,4.422,354.0
1561.8265,4.381,356.5
1609.8152,4.396,366.2
1581.066,4.37,361.8
1624.8315,4.395,369.7
1605.1282,4.394,365.3
1608.0568,4.396,365.8
1603.6304,4.408,363.8
1567.9256,4.408,355.7
1563.7077,4.421,353.7
1580.3186,4.418,357.7
1581.395,4.405,359.0
1592.0021,4.421,360.1
1546.65,4.419,350.0
1570.1454,4.413,355.8
1563.5305,4.423,353.5
1556.8056,4.424,351.9
1543.6091,4.399,350.9
1593.093,4.413,361.0
1565.7324,4.413,354.8
1550.9625,4.425,350.5
1541.1279,4.407,349.7
1607.838,4.393,366.0
1606.716,4.408,364.5
1598.0978,4.394,363.7
1622.383,4.373,371.0
1618.0128,4.392,368.4
1589.7492,4.394,361.8
1594.506,4.395,362.8
1585.3494,4.377,362.2
1602.7904,4.384,365.6
1583.6765,4.393,360.5
1595.196,4.38,364.2
1619.7921,4.379,369.9
1610.1024,4.404,365.6
1578.2558,4.411,357.8
1551.6108,4.413,351.6
1553.4367,4.387,354.1
1600.2592,4.406,363.2
1554.612,4.404,353.0
1558.7011,4.387,355.3
1580.544,4.41,358.4
1554.8733,4.401,353.3
1569.1796,4.393,357.2
1696.8101,4.343,390.7
1578.5572,4.402,358.6
1547.5682,4.399,351.8
1550.9124,4.401,352.4
1559.1156,4.382,355.8
1606.122,4.41,364.2
1577.3952,4.416,357.2
1576.0008,4.422,356.4
1550.912,4.406,352.0
1543.3488,4.392,351.4
1579.866,4.38,360.7
1627.659,4.411,369.0
1586.3601,4.381,362.1
1608.7143,4.399,365.7
1579.6036,4.372,361.3
1614.0432,4.367,369.6
1587.424,4.39,361.6
1593.1104,4.396,362.4
1611.0608,4.397,366.4
1581.7472,4.384,360.8
1582.1204,4.396,359.9
1611.134,4.396,366.5
1574.693,4.39,358.7
1589.4814,4.414,360.1
1563.884,4.424,353.5
1560.3728,4.388,355.6
1595.981,4.421,361.0
1556.2008,4.411,352.8
1604.3236,4.393,365.2
1578.339,4.41,357.9
1561.494,4.411,354.0
1590.666,4.382,363.0
1569.2832,4.428,354.4
1545.897,4.398,351.5
1594.3721,4.391,363.1
1587.3561,4.413,359.7
1557.612,4.415,352.8
1550.1968,4.414,351.2
1579.8778,4.402,358.9
1605.9913,4.423,363.1
1592.0322,4.426,359.7
1565.3872,4.427,353.6
1569.726,4.428,354.5
1572.2668,4.414,356.2
1635.0074,4.394,372.1
1609.8152,4.396,366.2
1588.5506,4.381,362.6
1596.5776,4.408,362.2
1611.4248,4.392,366.9
1618.6072,4.396,368.2
1597.6005,4.371,365.5
1613.332,4.396,367.0
1569.2299,4.387,357.7
1610.5068,4.374,368.2
1602.2306,4.409,363.4
1568.466,4.412,355.5
1572.8583,4.407,356.9
1598.5745,4.405,362.9
1569.017,4.426,354.5
1559.36,4.4,354.4
1603.814,4.388,365.5
1604.2032,4.412,363.6
1565.8302,4.422,354.1
1591.4016,4.401,361.6
1592.4905,4.415,360.7
1559.1122,4.418,352.9
1548.0932,4.393,352.4
1566.8175,4.395,356.5
1615.2796,4.423,365.2
1592.8044,4.422,360.2
1573.2498,4.418,356.1
1560.9602,4.427,352.6
1535.562,4.41,348.2
1539.8294,4.397,350.2
1546.4249,4.397,351.7
1631.682,4.404,370.5
1577.0472,4.388,359.4
1594.323,4.374,364.5
1590.16,4.4,361.4
1599.8648,4.388,364.6
1600.594,4.39,364.6
1612.6,4.4,366.5
1590.99,4.395,362.0
1581.081,4.398,359.5
1636.1864,4.376,373.9
1609.302,4.397,366.0
1577.871,4.405,358.2
1561.29,4.398,355.0
1635.8517,4.401,371.7
1572.8188,4.423,355.6
1577.8368,4.416,357.3
1554.1667,4.399,353.3
1608.7896,4.392,366.3
1588.7612,4.412,360.1
1545.102,4.402,351.0
1640.104,4.39,373.6
1573.52,4.42,356.0
1561.3212,4.418,353.4
1545.4448,4.408,350.6
1570.5704,4.408,356.3
1634.2285,4.399,371.5
1588.7949,4.417,359.7
1568.308,4.424,354.5
1554.08,4.4,353.2
1582.519,4.402,359.5
1614.3176,4.424,364.9
1567.2384,4.416,354.9
1565.8302,4.422,354.1
1591.1652,4.404,361.3
1600.127,4.402,363.5
1599.3567,4.383,364.9
1595.4126,4.406,362.1
1593.6502,4.406,361.7
1587.1396,4.388,361.7
1623.19,4.387,370.0
1576.7642,4.397,358.6
1566.7088,4.391,356.8
1634.2968,4.398,371.6
1602.328,4.402,364.0
1575.7766,4.409,357.4
1556.1984,4.416,352.4
1551.1437,4.383,353.9
1650.1551,4.411,374.1
1576.0865,4.421,356.5
1573.4037,4.411,356.7
1546.4175,4.387,352.5
1615.081,4.39,367.9
1566.3614,4.426,353.9
1551.405,4.425,350.6
1537.817,4.39,350.3
1597.7168,4.399,363.2
1562.7348,4.422,353.4
1552.715,4.43,350.5
1565.4723,4.431,353.3
1563.7077,4.421,353.7
1563.6995,4.411,354.5
1537.0479,4.413,348.3
1608.7143,4.399,365.7
1589.1546,4.418,359.7
1567.1568,4.422,354.4
1605.3414,4.379,366.6
1588.9481,4.393,361.7
1617.3465,4.389,368.5
1593.627,4.395,362.6
1629.7032,4.388,371.4
1605.7146,4.386,366.1
1590.7248,4.404,361.2
1599.5742,4.386,364.7
1601.9024,4.396,364.4
1623.6972,4.386,370.2
1586.5605,4.401,360.5
1613.0366,4.406,366.1
1565.4518,4.406,355.3
1600.155,4.39,364.5
1608.2,4.4,365.5
1540.2691,4.397,350.3
1602.7816,4.396,364.6
1611.7192,4.394,366.8
1561.06,4.385,356.0
1565.771,4.37,358.3
1595.634,4.38,364.3
1560.9594,4.407,354.2
1529.3853,4.391,348.3
1596.1652,4.402,362.6
1569.2292,4.403,356.4
1569.4172,4.406,356.2
1544.8425,4.395,351.5
1584.2391,4.397,360.3
1547.1836,4.418,350.2
1540.188,4.388,351.0
1569.2292,4.403,356.4
1602.4086,4.418,362.7
1587.8352,4.396,361.2
1594.8688,4.396,362.8
1597.1673,4.377,364.9
1596.6272,4.396,363.2
1602.5698,4.381,365.8
1576.5432,4.372,360.6
1578.9034,4.358,362.3
1633.5691,4.369,373.9
1635.8574,4.353,375.8
1601.1072,4.389,364.8
1619.471,4.39,368.9
1552.5854,4.402,352.7
1590.5274,4.378,363.3
1598.8833,4.401,363.3
1578.1724,4.412,357.7
1559.8195,4.415,353.3
1549.9271,4.387,353.3
1578.7233,4.389,359.7
1565.2044,4.414,354.6
1582.2257,4.411,358.7
1566.2948,4.396,356.3
1586.5605,4.401,360.5
1637.3632,4.411,371.2
1583.8257,4.413,358.9
1568.216,4.42,354.8
1584.626,4.414,359.0
1557.0668,4.426,351.8
1544.4889,4.399,351.1
1559.1762,4.397,354.6
1606.4092,4.412,364.1
1567.5933,4.417,354.9
1571.2985,4.415,355.9
1601.0232,4.396,364.2
1589.0053,4.369,363.7
1581.503,4.37,361.9
1583.3256,4.369,362.4
1637.3078,4.399,372.2
1623.4632,4.383,370.4
1608.935,4.39,366.5
1598.3315,4.373,365.5
1597.605,4.377,365.0
1581.3336,4.378,361.2
1604.4656,4.379,366.4
1580.742,4.38,360.9
1569.0675,4.389,357.5
1573.856,4.384,359.0
1561.8988,4.396,355.3
1547.9616,4.358,355.2
1583.2614,4.358,363.3
1604.3976,4.392,365.3
1579.522,4.39,359.8
1556.4612,4.377,355.6
1579.1072,4.367,361.6
1619.032,4.39,368.8
1567.5305,4.397,356.5
1554.5115,4.395,353.7
1545.8924,4.388,352.3
1538.4096,4.368,352.2
1614.5116,4.373,369.2
1598.6127,4.393,363.9
1584.8679,4.389,361.1
1555.0465,4.399,353.5
1567.8617,4.393,356.9
1575.7152,4.348,362.4
1610.316,4.364,369.0
1589.1484,4.361,364.4
1580.0554,4.366,361.9
1577.0034,4.383,359.8
1578.8952,4.364,361.8
1640.8734,4.371,375.4
1605.7793,4.379,366.7
1591.4,4.36,365.0
1599.2834,4.378,365.3
1580.7636,4.374,361.4
1588.6404,4.362,364.2
1585.3068,4.389,361.2
1549.4884,4.387,353.2
1550.9375,4.375,354.5
1575.8898,4.386,359.3
1555.2266,4.402,353.3
1572.375,4.375,359.4
1620.5578,4.387,369.4
1584.79,4.39,361.0
1574.7328,4.384,359.2
1556.7552,4.368,356.4
1589.733,4.365,364.2
1575.292,4.388,359.0
1566.1045,4.393,356.5
1560.645,4.39,355.5
1531.9488,4.372,350.4
1583.5498,4.354,363.7
1588.5327,4.387,362.1
1602.5664,4.393,364.8
1572.059,4.39,358.1
1551.8952,4.374,354.8
1546.209,4.374,353.5
1588.7746,4.354,364.9
1609.5396,4.369,368.4
1627.6448,4.366,372.8
1611.3552,4.368,368.9
1579.771,4.346,363.5
1620.6,4.38,370.0
1590.68,4.37,364.0
1608.404,4.34,370.6
1604.6884,4.382,366.2
1619.3888,4.372,370.4
1576.6436,4.382,359.8
1561.0437,4.369,357.3
1593.55,4.396,362.5
1576.6503,4.359,361.7
1587.8848,4.384,362.2
1570.5792,4.392,357.6
1564.2396,4.389,356.4
1581.7313,4.349,363.7
1600.3793,4.381,365.3
1550.995,4.369,355.0
1576.872,4.356,362.0
1607.5844,4.372,367.7
1550.1165,4.395,352.7
1545.25,4.375,353.2
1561.4806,4.369,357.4
1585.3311,4.383,361.7
1546.7766,4.398,351.7
1571.652,4.395,357.6
1539.3966,4.382,351.3
1542.7098,4.374,352.7
1548.1836,4.366,354.6
1579.1664,4.372,361.2
1614.1102,4.366,369.7
1582.7391,4.371,362.1
1587.768,4.368,363.5
1589.1482,4.373,363.4
1631.6965,4.357,374.5
1598.2496,4.336,368.6
1619.1952,4.348,372.4
1588.7123,4.361,364.3
1629.332,4.36,373.7
1574.4069,4.377,359.7
1623.4812,4.356,372.7
1560.0556,4.397,354.8
1573.8126,4.379,359.4
1566.0351,4.361,359.1
1635.8782,4.367,374.6
1579.1949,4.383,360.3
1581.876,4.365,362.4
1573.6863,4.397,357.9
1554.9,4.38,355.0
1572.1966,4.366,360.1
1605.7152,4.392,365.6
1540.8018,4.386,351.3
1544.0896,4.352,354.8
1606.146,4.38,366.7
1613.7405,4.365,369.7
1628.2845,4.383,371.5
1568.547,4.39,357.3
1565.5563,4.389,356.7
1542.1176,4.386,351.6
1558.7598,4.381,355.8
1620.3951,4.383,369.7
1560.0556,4.397,354.8
1570.5088,4.382,358.4
1612.6732,4.348,370.9
1596.474,4.356,366.5
1643.4604,4.357,377.2
1611.9945,4.365,369.3
1603.9991,4.367,367.3
1601.3214,4.374,366.1
1585.9505,4.363,363.5
1584.6409,4.357,363.7
1617.8907,4.341,372.7
1648.5738,4.359,378.2
1563.7273,4.357,358.9
1621.8125,4.375,370.7
1598.771,4.385,364.6
1548.4287,4.363,354.9
1613.7052,4.372,369.1
1553.6448,4.374,355.2
1594.6098,4.382,363.9
1549.93,4.366,355.0
1592.849,4.358,365.5
1567.0035,4.371,358.5
1568.916,4.38,358.2
1561.875,4.375,357.0
1545.8304,4.352,355.2
1549.2708,4.374,354.2
1568.2156,4.361,359.6
1586.3868,4.363,363.6
1573.296,4.38,359.2
1568.0,4.375,358.4
1559.0564,4.388,355.3
1574.3343,4.389,358.7
1541.8528,4.384,351.7
1599.42,4.37,366.0
1584.128,4.352,364.0
1590.5862,4.353,365.4
1601.7953,4.361,367.3
1607.2304,4.358,368.8
1609.9115,4.357,369.5
1602.1626,4.362,367.3
1561.2336,4.344,359.4
1587.404,4.361,364.0
1580.0666,4.354,362.9
1630.266,4.359,374.0
1578.324,4.348,363.0
1582.4601,4.363,362.7
1580.7636,4.374,361.4
1552.3893,4.389,353.7
1539.3812,4.372,352.1
1610.4134,4.369,368.6
1570.303,4.39,357.7
1599.3945,4.345,368.1
1597.017,4.385,364.2
1559.1156,4.382,355.8
1583.1888,4.359,363.2
1596.3402,4.394,363.3
1544.3147,4.391,351.7
1540.1568,4.368,352.6
1586.8956,4.362,363.8
1590.303,4.381,363.0
1559.328,4.39,355.2
1544.4733,4.379,352.7
1556.432,4.372,356.0
1610.2764,4.371,368.4
1596.2188,4.378,364.6
1556.4033,4.383,355.1
1583.3338,4.357,363.4
1593.225,4.365,365.0
1609.3755,4.365,368.7
1603.6496,4.372,366.8
1580.4173,4.367,361.9
1581.736,4.355,363.2
1608.7572,4.374,367.8
1633.1945,4.361,374.5
1585.8762,4.358,363.9
1645.2444,4.371,376.4
1552.9862,4.366,355.7
1552.7216,4.336,358.1
1598.5528,4.376,365.3
1603.7328,4.377,366.4
1569.0336,4.384,357.9
1548.042,4.373,354.0
1548.558,4.345,356.4
1630.447,4.37,373.1
1564.568,4.385,356.8
1549.4368,4.372,354.4
1588.0448,4.352,364.9
1598.262,4.38,364.9
1546.3312,4.388,352.4
1531.9404,4.387,349.2
1550.852,4.36,355.7
1579.8125,4.375,361.1
1607.469,4.386,366.5
1561.7115,4.393,355.5
1578.4426,4.387,359.8
1539.8348,4.382,351.4
1553.7444,4.362,356.2
1602.7045,4.373,366.5
1593.0816,4.367,364.8
1570.1874,4.358,360.3
1598.3926,4.366,366.1
1605.186,4.356,368.5
1584.7104,4.368,362.8
1605.0839,4.351,368.9
1606.5595,4.355,368.9
1622.4056,4.366,371.6
1583.9764,4.348,364.3
1643.0832,4.356,377.2
1618.318,4.355,371.6
1590.8974,4.373,363.8
1558.0999,4.373,356.3
1611.049,4.385,367.4
1575.969,4.385,359.4
1561.7583,4.371,357.3
1564.544,4.352,359.5
1612.6656,4.368,369.2
1601.616,4.376,366.0
1572.7752,4.392,358.1
1571.1408,4.374,359.2
1536.1404,4.369,351.6
1620.23,4.379,370.0
1586.8548,4.386,361.8
1556.694,4.39,354.6
1559.6616,4.386,355.6
1551.1584,4.367,355.2
1547.7189,4.361,354.9
1595.748,4.396,363.0
1545.3698,4.394,351.7
1545.9696,4.382,352.8
1583.9604,4.378,361.8
1569.3158,4.358,360.1
1594.1034,4.377,364.2
1588.6404,4.362,364.2
1638.232,4.357,376.0
1638.5481,4.359,375.9
1594.1692,4.364,365.3
1613.9776,4.348,371.2
1603.2402,4.359,367.8
1571.0079,4.341,361.9
1612.2617,4.361,369.7
1563.48,4.343,360.0
1557.9387,4.353,357.9
1556.8168,4.378,355.6
1579.8125,4.375,361.1
1544.8836,4.342,355.8
1648.364,4.37,377.2
1585.7116,4.378,362.2
1552.25,4.375,354.8
1580.7042,4.369,361.8
1605.4208,4.384,366.2
1565.85,4.38,357.5
1531.4012,4.358,351.4
1564.7744,4.366,358.4
1614.9955,4.385,368.3
1560.9168,4.392,355.4
1542.3777,4.383,351.9
1552.3326,4.374,354.9
1596.5676,4.391,363.6
1604.033,4.385,365.8
1554.7336,4.382,354.8
1554.8169,4.381,354.9
1559.7282,4.358,357.9
1614.3336,4.356,370.6
1584.0606,4.359,363.4
1568.175,4.35,360.5
1630.204,4.36,373.9
1591.6224,4.363,364.8
1615.59,4.35,371.4
1581.944,4.346,364.0
1600.027,4.342,368.5
1572.525,4.35,361.5
1633.6335,4.339,376.5
1564.3486,4.343,360.2
1630.8894,4.363,373.8
1561.9893,4.379,356.7
1560.156,4.38,356.2
1544.8968,4.374,353.2
1588.6332,4.356,364.7
1617.096,4.38,369.2
1607.1246,4.366,368.1
1583.4464,4.379,361.6
1559.9718,4.366,357.3
1553.1056,4.348,357.2
1562.2917,4.353,358.9
1599.1344,4.374,365.6
1611.3816,4.374,368.4
1568.916,4.38,358.2
1549.458,4.377,354.0
1557.7182,4.383,355.4
1546.5625,4.375,353.5
1540.7413,4.361,353.3
1560.6451,4.363,357.7
1578.0828,4.369,361.2
1599.2834,4.378,365.3
1590.5336,4.372,363.8
1587.1592,4.346,365.2
1579.8482,4.357,362.6
1601.9588,4.339,369.2
1609.947,4.363,369.0
1592.352,4.365,364.8
1591.836,4.36,365.1
1580.498,4.348,363.5
1657.8388,4.349,381.2
1632.1797,4.349,375.3
1565.5776,4.344,360.4
1617.511,4.354,371.5
1571.4647,4.381,358.7
1556.2692,4.374,355.8
1548.636,4.344,356.5
1596.6544,4.372,365.2
1569.0324,4.373,358.8
1549.5195,4.371,354.5
1536.0668,4.349,353.2
1589.8791,4.369,363.9
1588.2762,4.361,364.2
1546.5625,4.375,353.5
1563.0696,4.371,357.6
1577.52,4.382,360.0
1547.8275,4.391,352.5
1564.568,4.385,356.8
1547.016,4.38,353.2
1557.5116,4.364,356.9
1583.6744,4.376,361.9
1541.6739,4.381,351.9
1567.2441,4.379,357.9
1545.9745,4.361,354.5
1609.1712,4.368,368.4
1579.1936,4.348,363.2
1586.0871,4.373,362.7
1575.1296,4.356,361.6
1606.9608,4.362,368.4
1588.2351,4.343,365.7
1603.4712,4.362,367.6
1606.6151,4.327,371.3
1617.33,4.35,371.8
1609.5158,4.343,370.6
1605.688,4.328,371.0
1550.995,4.369,355.0
1586.8404,4.338,365.8
1580.5536,4.371,361.6
1584.562,4.37,362.6
1605.0514,4.358,368.3
1562.1548,4.366,357.8
1569.267,4.37,359.1
1580.2056,4.346,363.6
1593.8832,4.368,364.9
1561.5983,4.373,357.1
1547.1707,4.357,355.1
1551.3196,4.343,357.2
1576.0745,4.355,361.9
1575.1769,4.367,360.7
1561.161,4.373,357.0
1577.9085,4.377,360.5
1555.668,4.376,355.5
1537.5022,4.342,354.1
1544.0544,4.347,355.2
1556.3988,4.356,357.3
1558.1853,4.361,357.3
1592.7196,4.372,364.3
1594.5222,4.359,365.8
1565.6225,4.355,359.5
1594.9581,4.359,365.9
1616.658,4.38,369.1
1588.784,4.36,364.4
1620.6012,4.332,374.1
1614.0924,4.353,370.8
1595.0164,4.339,367.6
1587.04,4.36,364.0
1575.8248,4.328,364.1
1627.2147,4.359,373.3
1586.284,4.382,362.0
1558.0736,4.384,355.4
1544.0544,4.347,355.2
1563.1848,4.364,358.2
1604.3664,4.368,367.3
1564.7388,4.372,357.9
1547.9765,4.379,353.5
1553.94,4.365,356.0
1574.7666,4.378,359.7
1558.7415,4.365,357.1
1541.3648,4.364,353.2
1543.876,4.36,354.1
1588.0504,4.376,362.9
1587.312,4.38,362.4
1545.7125,4.385,352.5
1550.8032,4.366,355.2
1536.7326,4.362,352.3
1575.786,4.353,362.0
1607.6538,4.371,367.8
1594.971,4.365,365.4
1555.6389,4.371,355.9
1603.0414,4.349,368.6
1613.6571,4.353,370.7
1585.5044,4.351,364.4
1594.6056,4.364,365.4
1583.5498,4.354,363.7
1587.399,4.373,363.0
1574.9067,4.359,361.3
1628.8926,4.353,374.2
1579.5542,4.361,362.2
1582.5192,4.344,364.3
1608.939,4.365,368.6
1568.2791,4.377,358.3
1559.1979,4.381,355.9
1555.2283,4.343,358.1
1577.9475,4.365,361.5
1557.3628,4.382,355.4
1544.911,4.358,354.5
1588.6108,4.331,366.8
1595.7077,4.373,364.9
1560.2417,4.357,358.1
1603.7328,4.377,366.4
1564.5798,4.374,357.7
1552.4744,4.388,353.8
1552.914,4.356,356.5
1582.1327,4.379,361.3
1533.5166,4.389,349.4
1549.1385,4.365,354.9
1586.8296,4.392,361.3
1539.2224,4.384,351.1
1541.5308,4.362,353.4
1548.3228,4.348,356.1
1590.68,4.37,364.0
1571.1924,4.362,360.2
1604.0766,4.333,370.2
1595.8299,4.359,366.1
1572.96,4.35,361.6
1586.4594,4.362,363.7
1616.4861,4.321,374.1
1573.395,4.35,361.7
1630.1316,4.332,376.3
1591.317,4.355,365.4
1592.4132,4.358,365.4
1627.8738,4.326,376.3
1566.4876,4.372,358.3
1580.854,4.367,362.0
1586.375,4.375,362.6
1544.022,4.374,353.0
1558.8125,4.375,356.3
1547.7189,4.361,354.9
1606.2976,4.384,366.4
1628.8776,4.374,372.4
1556.9808,4.376,355.8
1621.048,4.36,371.8
1570.1088,4.376,358.8
1573.7765,4.385,358.9
1540.0943,4.379,351.7
1540.845,4.365,353.0
1565.892,4.374,358.0
1568.88,4.358,360.0
1551.0768,4.368,355.1
1554.5838,4.389,354.2
1544.337,4.365,353.8
1553.307,4.351,357.0
1561.0832,4.346,359.2
1591.407,4.366,364.5
1609.065,4.35,369.9
1600.158,4.34,368.7
1577.2596,4.326,364.6
1607.0208,4.348,369.6
1652.7251,4.339,380.9
1585.545,4.325,366.6
1574.6198,4.357,361.4
1599.495,4.35,367.7
1602.936,4.344,369.0
1573.2978,4.363,360.6
1576.7132,4.364,361.3
1561.954,4.363,358.0
1574.2272,4.368,360.4
1596.2658,4.359,366.2
1590.316,4.369,364.0
1563.8216,4.378,357.2
1565.771,4.37,358.3
1573.943,4.366,360.5
1562.1548,4.366,357.8
1595.5117,4.351,366.7
1550.0625,4.375,354.3
1561.0,4.375,356.8
1544.655,4.382,352.5
1544.283,4.355,354.6
1598.1875,4.375,365.3
1584.2736,4.368,362.7
1557.1135,4.385,355.1
1561.1232,4.368,357.4
1559.7568,4.352,358.4
1624.524,4.367,372.0
1580.3424,4.368,361.8
1596.8544,4.344,367.6
1632.6288,4.356,374.8
1586.6685,4.353,364.5
1583.688,4.37,362.4
1600.7329,4.351,367.9
1573.1002,4.354,361.3
1628.8335,4.361,373.5
1658.98,4.36,380.5
1591.6938,4.362,364.9
1622.2278,4.362,371.9
1578.4676,4.358,362.2
1586.673,4.371,363.0
1565.802,4.386,357.0
1548.1015,4.367,354.5
1602.5724,4.356,367.9
1550.082,4.38,353.9
1567.8777,4.371,358.7
1590.3756,4.356,365.1
1608.4772,4.378,367.4
1570.8672,4.383,358.4
1556.555,4.354,357.5
1630.6272,4.374,372.8
1574.8713,4.371,360.3
1567.164,4.38,357.8
1544.388,4.38,352.6
1541.9136,4.352,354.3
1648.998,4.374,377.0
1568.2374,4.383,357.8
1566.6792,4.386,357.2
1542.4704,4.392,351.2
1560.2496,4.368,357.2
1587.1604,4.382,362.2
1577.0745,4.365,361.3
1570.924,4.33,362.8
1603.744,4.358,368.0
1657.0775,4.355,380.5
1605.7656,4.373,367.2
1592.5536,4.356,365.6
1620.7668,4.371,370.8
1592.7786,4.359,365.4
1597.8853,4.367,365.9
1618.5744,4.344,372.6
1612.0616,4.364,369.4
1560.9503,4.381,356.3
1577.7971,4.367,361.3
1563.3475,4.373,357.5
1576.5015,4.361,361.5
1593.882,4.38,363.9
1576.2888,4.392,358.9
1552.4972,4.372,355.1
1604.227,4.37,367.1
1591.254,4.38,363.3
1559.4714,4.383,355.8
1562.4441,4.351,359.1
1610.7525,4.383,367.5
1631.6154,4.379,372.6
1567.3119,4.389,357.1
1557.0625,4.375,355.9
1541.5884,4.356,353.9
1597.1673,4.377,364.9
1636.4166,4.386,373.1
1574.1354,4.386,358.9
1541.6346,4.366,353.1
1606.0444,4.369,367.6
1648.0464,4.368,377.3
1599.1248,4.368,366.1
1595.1128,4.363,365.6
1621.6762,4.343,373.4
1599.7024,4.366,366.4
1619.4804,4.364,371.1
1596.717,4.365,365.8
1589.2965,4.365,364.1
1599.829,4.345,368.2
1645.7236,4.363,377.2
1634.0562,4.354,375.3
1600.5984,4.384,365.1
1557.3628,4.382,355.4
1573.0698,4.366,360.3
1607.8824,4.374,367.6
1632.6856,4.376,373.1
1587.1396,4.388,361.7
1561.8297,4.359,358.3
1588.8585,4.371,363.5
1569.0974,4.394,357.1
1578.6078,4.362,361.9
1581.717,4.39,360.3
1548.6664,4.376,353.9
1600.159,4.378,365.5
1600.4322,4.398,363.9
1556.255,4.39,354.5
1555.9632,4.356,357.2
1594.5992,4.388,363.4
1627.913,4.382,371.5
1576.048,4.384,359.5
1569.5368,4.394,357.2
1587.3465,4.391,361.5
1586.091,4.355,364.2
1657.6704,4.344,381.6
1606.2172,4.379,366.8
1592.5536,4.356,365.6
1607.7558,4.382,366.9
1589.952,4.368,364.0
1572.7095,4.365,360.3
1621.92,4.36,372.0
1588.496,4.364,364.0
1611.054,4.366,369.0
1616.125,4.375,369.4
1643.0589,4.371,375.9
1583.9392,4.384,361.3
1572.498,4.39,358.2
1593.144,4.36,365.4
1626.8655,4.391,370.5
1565.6886,4.382,357.3
1582.932,4.38,361.4
1635.9944,4.379,373.6
1586.6235,4.389,361.5
1568.916,4.38,358.2
1608.3015,4.355,369.3
1610.763,4.389,367.0
1541.2815,4.365,353.1
1608.8028,4.367,368.4
1618.9617,4.391,368.7
1582.108,4.385,360.8
1582.7602,4.399,359.8
1572.779,4.381,359.0
1555.5858,4.377,355.4
1607.6295,4.365,368.3
1602.7175,4.385,365.5
1589.4268,4.381,362.8
1606.9375,4.375,367.3
1615.589,4.37,369.7
1591.625,4.375,363.8
1585.296,4.36,363.6
1591.554,4.37,364.2
1617.456,4.348,372.0
1589.8052,4.364,364.3
1621.9278,4.353,372.6
1655.356,4.37,378.8
1596.798,4.37,365.4
1588.741,4.39,361.9
1590.9124,4.396,361.9
1588.4133,4.377,362.9
1622.049,4.378,370.5
1571.2256,4.384,358.4
1575.6075,4.395,358.5
1592.3856,4.394,362.4
1575.571,4.39,358.9
1574.2026,4.374,359.9
1609.5794,4.381,367.4
1629.1194,4.377,372.2
1582.68,4.4,359.7
1596.1876,4.396,363.1
1579.8421,4.397,359.3
1549.644,4.38,353.8
1622.712,4.368,371.5
1601.033,4.39,364.7
1584.3975,4.395,360.5
1570.4676,4.377,358.8
1619.172,4.388,369.0
1591.9056,4.383,363.2
1600.3036,4.388,364.7
1594.9392,4.353,366.4
1680.3945,4.359,385.5
1651.5107,4.361,378.7
1607.2304,4.358,368.8
1686.06,4.35,387.6
1648.3675,4.355,378.5
1640.787,4.358,376.5
1585.56,4.38,362.0
1627.026,4.362,373.0
1620.7004,4.372,370.7
1578.7292,4.372,361.1
1621.5748,4.372,370.9
1603.5945,4.385,365.7
1579.9649,4.373,361.3
1616.6981,4.373,369.7
1593.4338,4.386,363.3
1583.9604,4.378,361.8
1593.4464,4.368,364.8
1618.3125,4.375,369.9
1592.3085,4.395,362.3
1585.7457,4.389,361.3
1569.7308,4.364,359.7
1628.616,4.378,372.0
1657.908,4.386,378.0
1629.48,4.404,370.0
1586.64,4.4,360.6
1581.231,4.385,360.6
1550.8544,4.376,354.4
1647.9423,4.391,375.3
1623.2832,4.392,369.6
1599.6286,4.397,363.8
1585.539,4.386,361.5
1624.2808,4.364,372.2
1618.0101,4.353,371.7
1640.1875,4.375,374.9
1632.1833,4.377,372.9
1622.9825,4.357,372.5
1641.7296,4.392,373.8
1613.312,4.384,368.0
1624.5396,4.353,373.2
1634.8736,4.376,373.6
1659.6687,4.371,379.7
1583.862,4.385,361.2
1622.9136,4.391,369.6
1601.1812,4.388,364.9
1606.007,4.394,365.5
1604.8374,4.386,365.9
1646.811,4.374,376.5
1593.7216,4.388,363.2
1590.3125,4.375,363.5
1623.7655,4.385,370.3
1609.3756,4.396,366.1
1609.4928,4.376,367.8
1663.068,4.395,378.4
1608.6306,4.406,365.1
1585.3595,4.405,359.9
1589.877,4.398,361.5
1567.4406,4.371,358.6
1647.3798,4.379,376.2
1620.3656,4.396,368.6
1597.4084,4.403,362.8
1588.761,4.401,361.0
1581.7956,4.389,360.4
1607.968,4.36,368.8
1657.827,4.365,379.8
1637.125,4.375,374.2
1636.5872,4.348,376.4
1617.4168,4.388,368.6
1635.0647,4.373,373.9
1648.801,4.37,377.3
1607.0775,4.373,367.5
1632.864,4.38,372.8
1632.248,4.376,373.0
1649.0583,4.373,377.1
1610.401,4.394,366.5
1595.038,4.388,363.5
1643.306,4.388,374.5
1580.8728,4.406,358.8
1592.3856,4.394,362.4
1609.3332,4.372,368.1
1644.4384,4.384,375.1
1581.5576,4.403,359.2
1588.247,4.385,362.2
1625.4516,4.386,370.6
1604.1004,4.396,364.9
1634.2968,4.398,371.6
1643.4213,4.393,374.1
1591.7632,4.402,361.6
1598.5464,4.411,362.4
1579.961,4.39,359.9
1599.8656,4.376,365.6
1683.0144,4.392,383.2
1597.253,4.405,362.6
1597.3536,4.398,363.2
1582.5887,4.373,361.9
1646.4952,4.372,376.6
1638.4368,4.368,375.1
1627.3026,4.378,371.7
1634.6622,4.386,372.7
1595.05,4.37,365.0
1649.5335,4.365,377.9
1631.6943,4.371,373.3
1652.8152,4.376,377.7
1624.0364,4.361,372.4
1628.7228,4.383,371.6
1660.22,4.369,380.0
1627.6065,4.393,370.5
1607.9112,4.392,366.1
1606.4412,4.382,366.6
1664.249,4.39,379.1
1598.7492,4.397,363.6
1588.488,4.376,363.0
1598.8292,4.366,366.2
1648.0695,4.389,375.5
1582.6395,4.395,360.1
1621.5748,4.372,370.9
1642.4772,4.394,373.8
1608.3486,4.398,365.7
1574.8446,4.377,359.8
1588.4214,4.371,363.4
1638.6275,4.399,372.5
1598.8833,4.401,363.3
1599.4764,4.399,363.6
1583.5975,4.405,359.5
1579.477,4.385,360.2
1652.7065,4.385,376.9
1641.9988,4.381,374.8
1590.9615,4.401,361.5
1661.334,4.38,379.3
1635.3167,4.369,374.3
1622.45,4.385,370.0
1605.8835,4.365,367.9
1620.23,4.379,370.0
1654.5216,4.384,377.4
1613.4524,4.382,368.2
1620.5616,4.347,372.8
1657.6875,4.375,378.9
1676.7528,4.362,384.4
1612.4352,4.384,367.8
1614.9166,4.367,369.8
1635.1008,4.386,372.8
1589.28,4.4,361.2
1650.25,4.375,377.2
1622.9327,4.397,369.1
1602.9312,4.394,364.8
1655.208,4.365,379.2
1639.1776,4.384,373.9
1619.189,4.394,368.5
1652.8152,4.376,377.7
1648.884,4.39,375.6
1596.1876,4.396,363.1
1588.7235,4.407,360.5
1598.0418,4.383,364.6
1619.2417,4.387,369.1
1591.086,4.405,361.2
1626.8202,4.398,369.9
1586.7222,4.382,362.1
1638.5226,4.394,372.9
1650.698,4.396,375.5
1601.0074,4.402,363.7
1673.5257,4.389,381.3
1616.22,4.38,369.0
1604.1375,4.365,367.5
1672.4532,4.369,382.8
1687.7447,4.369,386.3
1653.2138,4.354,379.7
1629.3277,4.367,373.1
1640.9952,4.383,374.4
1632.1932,4.356,374.7
1628.5536,4.392,370.8
1636.9648,4.391,372.8
1617.64,4.372,370.0
1637.843,4.391,373.0
1607.76,4.4,365.4
1588.5327,4.387,362.1
1630.5422,4.382,372.1
1630.6816,4.393,371.2
1651.8942,4.391,376.2
1632.4388,4.393,371.6
1615.602,4.395,367.6
1642.234,4.391,374.0
1613.7732,4.402,366.6
1593.0705,4.385,363.3
1621.5528,4.404,368.2
1655.2198,4.394,376.7
1612.3068,4.398,366.6
1590.9124,4.396,361.9
1585.7268,4.354,364.2
1626.5984,4.382,371.2
1620.672,4.404,368.0
1590.4202,4.391,362.2
1635.5394,4.386,372.9
1657.152,4.384,378.0
1613.404,4.37,369.2
1654.8444,4.356,379.9
1635.1665,4.385,372.9
1622.712,4.368,371.5
1690.1645,4.373,386.5
1620.396,4.37,370.8
1667.904,4.38,380.8
1616.862,4.364,370.5
1653.2064,4.384,377.1
1609.3664,4.384,367.1
1589.806,4.37,363.8
1621.3359,4.369,371.1
1657.225,4.39,377.5
1606.5936,4.392,365.8
1614.9834,4.366,369.9
1643.1122,4.391,374.2
1592.5392,4.392,362.6
1600.159,4.378,365.5
1639.2684,4.396,372.9
1606.8856,4.388,366.2
1585.1376,4.374,362.4
1606.9375,4.375,367.3
1652.52,4.395,376.0
1600.7961,4.399,363.9
1583.9604,4.378,361.8
1642.851,4.395,373.8
1629.8988,4.398,370.6
1590.1886,4.394,361.9
1589.5152,4.368,363.9
1625.8902,4.386,370.7
1588.9188,4.399,361.2
1634.5511,4.381,373.1
1636.0938,4.349,376.2
1656.2568,4.377,378.4
1627.7752,4.357,373.6
1643.7448,4.388,374.6
1612.3023,4.347,370.9
1612.9936,4.376,368.6
1635.0012,4.374,373.8
1617.5368,4.367,370.4
1619.415,4.365,371.0
1647.2918,4.366,377.3
1593.0548,4.391,362.8
1601.3232,4.392,364.6
1574.2505,4.379,359.5
1609.4229,4.377,367.7
1591.0674,4.394,362.1
1617.8658,4.362,370.9
1638.236,4.385,373.6
1581.874,4.388,360.5
1634.256,4.365,374.4
1659.0847,4.381,378.7
1609.2288,4.392,366.4
1589.588,4.367,364.0
1637.7768,4.392,372.9
1643.2905,4.395,373.9
1587.3956,4.396,361.1
1572.8022,4.358,360.9
1625.856,4.38,371.2
1601.255,4.387,365.0
1595.385,4.395,363.0
1575.4076,4.381,359.6
1632.9456,4.392,371.8
1619.0184,4.371,370.4
1624.6352,4.372,371.6
1623.664,4.36,372.4
1625.408,4.36,372.8
1630.5779,4.361,373.9
1630.6378,4.367,373.4
1620.0468,4.362,371.4
1655.7348,4.371,378.8
1626.1602,4.382,371.1
1599.5454,4.362,366.7
1640.2464,4.381,374.4
1585.6498,4.373,362.6
1596.643,4.39,363.7
1587.5986,4.382,362.3
1619.7921,4.379,369.9
1598.3856,4.396,363.6
1610.98,4.354,370.0
1624.8764,4.388,370.3
1579.866,4.38,360.7
1650.5808,4.362,378.4
1668.399,4.379,381.0
1587.2382,4.398,360.9
1571.6231,4.379,358.9
1649.6913,4.377,376.9
1628.5536,4.392,370.8
1602.8442,4.401,364.2
1588.2748,4.396,361.3
1575.924,4.38,359.8
1662.8244,4.406,377.4
1616.9076,4.389,368.4
1600.155,4.39,364.5
1583.2166,4.382,361.3
1648.7548,4.378,376.6
1618.572,4.351,372.0
1637.002,4.37,374.6
1626.012,4.371,372.0
1666.392,4.36,382.2
1660.0484,4.372,379.7
1628.145,4.365,373.0
1598.6032,4.363,366.4
1663.7696,4.352,382.3
1652.6468,4.364,378.7
1643.4387,4.379,375.3
1574.8119,4.383,359.3
1640.6845,4.381,374.5
1606.2278,4.391,365.8
1583.958,4.395,360.4
1612.8675,4.365,369.5
1642.7504,4.376,375.4
1585.229,4.39,361.1
1591.2612,4.374,363.8
1639.665,4.39,373.5
1600.9586,4.391,364.6
1592.748,4.395,362.4
1584.4764,4.394,360.6
1581.503,4.37,361.9
1606.2976,4.384,366.4
1632.5562,4.378,372.9
1627.0704,4.388,370.8
1574.3736,4.383,359.2
1595.8245,4.395,363.1
1580.2416,4.392,359.8
1567.362,4.372,358.5
1582.7232,4.377,361.6
1632.371,4.394,371.5
1640.6208,4.368,375.6
1633.04,4.384,372.5
1600.5756,4.366,366.6
1597.59,4.365,366.0
1633.1322,4.369,373.8
1623.2576,4.373,371.2
1597.956,4.366,366.0
1636.7416,4.381,373.6
1636.3768,4.366,374.8
1614.557,4.385,368.2
1614.1185,4.385,368.1
1608.2744,4.399,365.6
1604.984,4.39,365.6
1645.2432,4.392,374.6
1594.659,4.393,363.0
1569.3434,4.391,357.4
1612.8143,4.391,367.3
1581.7605,4.395,359.9
1629.3637,4.393,370.9
1616.624,4.393,368.0
1609.449,4.395,366.2
1575.9981,4.401,358.1
1569.5523,4.383,358.1
1600.9477,4.397,364.1
1616.265,4.398,367.5
1567.3836,4.404,355.9
1549.317,4.389,353.0
1583.034,4.39,360.6
1592.136,4.374,364.0
1590.9615,4.401,361.5
1596.0342,4.398,362.9
1589.4372,4.398,361.4
1604.1798,4.358,368.1
1651.7588,4.379,377.2
1648.4237,4.369,377.3
1616.4504,4.383,368.8
1601.3592,4.361,367.2
1600.556,4.36,367.1
1661.5872,4.368,380.4
1629.432,4.392,371.0
1578.5766,4.374,360.9
1575.1263,4.379,359.7
1632.7018,4.402,370.9
1595.696,4.408,362.0
1587.312,4.38,362.4
1601.8878,4.402,363.9
1597.2,4.4,363.0
1584.6788,4.397,360.4
1610.5392,4.386,367.2
1606.812,4.395,365.6
1594.7919,4.397,362.7
1575.2316,4.372,360.3
1597.946,4.396,363.5
1574.4512,4.393,358.4
1572.7248,4.398,357.6
1575.3636,4.398,358.2
1557.6561,4.389,354.9
1611.3524,4.393,366.8
1629.76,4.4,370.4
1579.1925,4.405,358.5
1557.74,4.388,355.0
1613.5386,4.387,367.8
1644.804,4.392,374.5
1599.426,4.388,364.5
1689.4923,4.369,386.7
1599.2922,4.353,367.4
1633.7572,4.366,374.2
1605.0514,4.358,368.3
1611.0341,4.379,367.9
1590.67,4.358,365.0
1601.0122,4.366,366.7
1600.487,4.361,367.0
1670.0372,4.381,381.2
1626.756,4.373,372.0
1573.9353,4.383,359.1
1589.8791,4.369,363.9
1591.4673,4.383,363.1
1575.916,4.402,358.0
1555.6931,4.381,355.1
1607.6016,4.378,367.2
1554.7896,4.407,352.8
1564.5133,4.391,356.3
1583.9006,4.373,362.2
1613.5386,4.387,367.8
1578.4049,4.393,359.3
1584.1596,4.398,360.2
1544.6627,4.387,352.1
1594.659,4.393,363.0
1559.6286,4.402,354.3
1577.7886,4.406,358.1
1563.8445,4.399,355.5
1545.4813,4.367,353.9
1619.0523,4.377,369.9
1566.9586,4.409,355.4
1578.117,4.402,358.5
1575.8592,4.352,362.1
1659.933,4.374,379.5
1630.2644,4.366,373.4
1614.557,4.385,368.2
1585.2235,4.361,363.5
1621.2717,4.383,369.9
1601.1066,4.377,365.8
1610.875,4.375,368.2
1616.9669,4.369,370.1
1618.1055,4.365,370.7
1603.9296,4.368,367.2
1623.7655,4.385,370.3
1610.252,4.39,366.8
1559.515,4.393,355.0
1560.8382,4.377,356.6
1591.5839,4.393,362.3
1567.0656,4.392,356.8
1581.84,4.394,360.0
1582.814,4.37,362.2
1617.4168,4.388,368.6
1579.8421,4.397,359.3
1569.114,4.383,358.0
1590.8593,4.391,362.3
1602.2517,4.403,363.9
1565.7914,4.402,355.7
1559.346,4.395,354.8
1605.4126,4.378,366.7
1562.355,4.401,355.0
1547.3692,4.381,353.2
1608.7896,4.392,366.3
1593.7038,4.394,362.7
1555.5034,4.378,355.3
1633.9168,4.384,372.7
1592.2044,4.379,363.6
1614.7463,4.363,370.1
1637.6866,4.366,375.1
1599.2108,4.379,365.2
1590.5336,4.372,363.8
1592.535,4.35,366.1
1622.2843,4.381,370.3
1614.508,4.36,370.3
1597.4343,4.361,366.3
1629.9459,4.371,372.9
1579.8024,4.392,359.7
1549.317,4.389,353.0
1567.2384,4.368,358.8
1588.818,4.389,362.0
1562.6094,4.398,355.3
1557.7182,4.383,355.4
1609.8885,4.395,366.3
1627.17,4.38,371.5
1559.6616,4.386,355.6
1580.304,4.38,360.8
1574.532,4.392,358.5
1574.8908,4.382,359.4
1577.8312,4.378,360.4
1616.1708,4.387,368.4
1552.4071,4.399,352.9
1571.514,4.402,357.0
1554.1449,4.389,354.1
1565.9713,4.373,358.1
1638.216,4.392,373.0
1592.0232,4.393,362.4
1574.8096,4.394,358.4
1577.4,4.4,358.5
1611.2186,4.357,369.8
1626.9627,4.363,372.9
1600.5968,4.378,365.6
1592.2044,4.379,363.6
1631.1994,4.358,374.3
1628.7708,4.362,373.4
1583.4464,4.379,361.6
1572.4252,4.363,360.4
1608.8267,4.373,367.9
1582.5706,4.379,361.4
1562.8302,4.374,357.3
1601.6937,4.387,365.1
1577.0472,4.388,359.4
1574.5657,4.397,358.1
1570.8868,4.366,359.8
1599.9389,4.387,364.7
1565.9952,4.389,356.8
1604.2528,4.388,365.6
1585.5901,4.391,361.1
1575.0517,4.391,358.7
1560.1002,4.386,355.7
1569.7123,4.381,358.3
1589.4648,4.392,361.9
1549.68,4.4,352.2
1577.84,4.4,358.6
1541.4938,4.378,352.1
1564.0742,4.391,356.2
1643.0472,4.392,374.1
1580.7909,4.407,358.7
1561.4748,4.401,354.8
1554.6993,4.403,353.1
1545.3153,4.369,353.7
1631.1534,4.386,371.9
1610.4134,4.369,368.6
1605.625,4.375,367.0
1649.5335,4.365,377.9
1606.2172,4.379,366.8
1593.4482,4.374,364.3
1636.2852,4.388,372.9
1589.0784,4.368,363.8
1609.212,4.38,367.4
1617.8072,4.376,369.7
1584.5844,4.387,361.2
1575.8898,4.386,359.3
1579.3986,4.386,360.1
1580.839,4.39,360.1
1572.1024,4.384,358.6
1627.5415,4.381,371.5
1577.9248,4.388,359.6
1562.6212,4.382,356.6
1578.6705,4.367,361.5
1604.6184,4.389,365.6
1573.3284,4.396,357.9
1556.8416,4.383,355.2
1635.275,4.39,372.5
1607.9829,4.397,365.7
1582.6352,4.406,359.2
1555.7535,4.401,353.5
1537.8984,4.374,351.6
1602.715,4.391,365.0
1574.0725,4.403,357.5
1546.4232,4.392,352.1
1581.2768,4.373,361.6
1588.039,4.399,361.0
1579.1949,4.383,360.3
1591.1898,4.369,364.2
1591.0912,4.352,365.6
1586.0124,4.374,362.6
1598.5536,4.382,364.8
1586.646,4.383,362.0
1589.7724,4.388,362.3
1592.136,4.374,364.0
1602.7175,4.385,365.5
1620.7896,4.364,371.4
1578.24,4.384,360.0
1596.14,4.385,364.0
1627.236,4.392,370.5
1555.4432,4.384,354.8
1609.0828,4.394,366.2
1558.7208,4.392,354.9
1614.9384,4.392,367.7
1572.6684,4.404,357.1
1556.9808,4.376,355.8
1628.0,4.4,370.0
1555.6302,4.387,354.6
1621.017,4.393,369.0
1590.6066,4.411,360.6
1555.0522,4.414,352.3
1545.0127,4.403,350.9
1561.5983,4.373,357.1
1606.332,4.413,364.0
1603.5726,4.403,364.2
1550.2869,4.413,351.3
1558.9365,4.415,353.1
1548.0948,4.403,351.6
1582.4803,4.397,359.9
1612.598,4.394,367.0
1613.9162,4.394,367.3
1594.9455,4.395,362.9
1603.5932,4.391,365.2
1582.4688,4.386,360.8
1584.6416,4.363,363.2
1642.621,4.385,374.6
1598.688,4.392,364.0
1594.4292,4.396,362.7
1626.6996,4.387,370.8
1581.125,4.375,361.4
1625.2184,4.402,369.2
1561.4864,4.406,354.4
1609.8048,4.384,367.2
1631.4507,4.401,370.7
1576.7649,4.413,357.3
1552.8282,4.389,353.8
1611.9402,4.397,366.6
1597.7712,4.404,362.8
1579.1446,4.378,360.7
1596.0875,4.403,362.5
1559.2885,4.411,353.5
1536.402,4.396,349.5
1625.676,4.42,367.8
1586.4735,4.413,359.5
1559.817,4.41,353.7
1537.9893,4.393,350.1
1568.5164,4.374,358.6
1567.7395,4.405,355.9
1556.9056,4.408,353.2
1565.2974,4.418,354.3
1547.4765,4.405,351.3
1595.6894,4.391,363.4
1581.4638,4.382,360.9
1614.784,4.388,368.0
1595.4862,4.382,364.1
1616.8887,4.383,368.9
1588.6092,4.386,362.2
1622.2648,4.394,369.2
1618.38,4.374,370.0
1578.4426,4.387,359.8
1604.6145,4.395,365.1
1593.7038,4.394,362.7
1612.4342,4.414,365.3
1551.426,4.39,353.4
1616.1847,4.393,367.9
1579.9916,4.406,358.6
1550.2076,4.399,352.4
1586.7222,4.382,362.1
1616.0415,4.395,367.7
1580.8392,4.401,359.2
1554.084,4.405,352.8
1546.0732,4.396,351.7
1601.0838,4.401,363.8
1550.56,4.405,352.0
1558.7011,4.387,355.3
1595.88,4.4,362.7
1563.8604,4.404,355.1
1561.3136,4.408,354.2
1555.2189,4.397,353.7
1590.0813,4.401,361.3
1576.9325,4.411,357.5
1569.5015,4.405,356.3
1554.5245,4.405,352.9
1578.164,4.396,359.0
1582.377,4.37,362.1
1600.3699,4.393,364.3
1588.0368,4.382,362.4
1601.0985,4.395,364.3
1610.3241,4.389,366.9
1586.9315,4.385,361.9
1577.884,4.36,361.9
1622.7513,4.387,369.9
1581.7956,4.389,360.4
1627.4748,4.382,371.4
1565.3664,4.407,355.2
1581.3864,4.383,360.8
1570.5704,4.408,356.3
1564.62,4.395,356.0
1573.2953,4.391,358.3
1576.274,4.403,358.0
1568.9766,4.406,356.1
1555.2072,4.392,354.1
1580.5576,4.388,360.2
1572.7248,4.398,357.6
1559.6286,4.402,354.3
1574.2859,4.411,356.9
1544.9288,4.399,351.2
1591.814,4.39,362.6
1590.6,4.4,361.5
1590.0813,4.401,361.3
1557.612,4.41,353.2
1554.7016,4.408,352.7
1565.52,4.4,355.8
1573.1088,4.404,357.2
1560.8728,4.408,354.1
1574.013,4.409,357.0
1579.5824,4.378,360.8
1651.26,4.38,377.0
1642.875,4.381,375.0
1604.537,4.378,366.5
1594.1695,4.405,361.9
1598.0376,4.371,365.6
1576.7642,4.397,358.6
1570.984,4.376,359.0
1578.0833,4.397,358.9
1590.8039,4.403,361.3
1565.7068,4.403,355.6
1601.5461,4.389,364.9
1571.8085,4.409,356.5
1579.8768,4.418,357.6
1561.8787,4.391,355.7
1565.559,4.415,354.6
1572.878,4.412,356.5
1566.2697,4.391,356.7
1595.4614,4.394,363.1
1568.18,4.405,356.0
1564.2345,4.415,354.3
1560.4776,4.392,355.3
1558.6364,4.393,354.8
1557.03,4.386,355.0
1579.9372,4.412,358.1
1551.771,4.421,351.0
1548.448,4.399,352.0
1581.7277,4.417,358.1
1620.0864,4.412,367.2
1561.319,4.423,353.0
1579.9806,4.422,357.3
1601.2555,4.381,365.5
1573.4914,4.394,358.1
1598.8404,4.372,365.7
1601.472,4.39,364.8
1603.8843,4.393,365.1
1576.767,4.386,359.5
1595.008,4.352,366.5
1639.5515,4.385,373.9
1606.664,4.385,366.4
1582.9074,4.386,360.9
1591.9664,4.388,362.8
1553.7312,4.404,352.8
1595.491,4.405,362.2
1555.4616,4.389,354.4
1582.519,4.402,359.5
1586.9607,4.407,360.1
1585.8804,4.404,360.1
1616.6325,4.399,367.5
1585.2788,4.406,359.8
1574.0725,4.403,357.5
1604.6916,4.388,365.7
1599.5852,4.409,362.8
1558.9365,4.415,353.1
1552.9381,4.403,352.7
1594.7666,4.403,362.2
1573.9475,4.415,356.5
1556.8178,4.414,352.7
1548.8868,4.404,351.7
1549.659,4.385,353.4
1617.8832,4.406,367.2
1559.9921,4.423,352.7
1549.5028,4.397,352.4
1589.806,4.37,363.8
1589.0478,4.386,362.3
1636.2585,4.395,372.3
1613.6925,4.391,367.5
1596.5676,4.391,363.6
1585.368,4.365,363.2
1609.813,4.39,366.7
1620.5916,4.399,368.4
1622.2436,4.388,369.7
1601.8382,4.379,365.8
1601.8382,4.379,365.8
1576.99,4.405,358.0
1560.9492,4.402,354.6
1585.3552,4.394,360.8
1569.9762,4.394,357.3
1569.061,4.405,356.2
1591.375,4.39,362.5
1619.2719,4.399,368.1
1573.3575,4.401,357.5
1577.1546,4.403,358.2
1569.2893,4.397,356.9
1631.9824,4.406,370.4
1546.2242,4.414,350.3
1566.5874,4.403,355.8
1560.349,4.414,353.5
1545.5422,4.402,351.1
1544.0448,4.384,352.2
1542.9882,4.381,352.2
1611.0577,4.403,365.9
1586.0406,4.402,360.3
1551.2592,4.412,351.6
1579.2728,4.382,360.4
1595.725,4.402,362.5
1578.8442,4.393,359.4
1619.91,4.39,369.0
1604.984,4.39,365.6
1595.7076,4.379,364.4
1611.7838,4.387,367.4
1595.6894,4.391,363.4
1598.9181,4.377,365.3
1596.264,4.395,363.2
1604.3988,4.386,365.8
1616.1004,4.388,368.3
1574.289,4.395,358.2
1586.6688,4.416,359.3
1548.4464,4.404,351.6
1566.0624,4.404,355.6
1558.9295,4.405,353.9
1608.6322,4.382,367.1
1618.9831,4.403,367.7
1561.7607,4.413,353.9
1543.6122,4.394,351.3
1573.637,4.37,360.1
1583.5976,4.394,360.4
1600.5448,4.408,363.1
1558.7593,4.417,352.9
1538.1702,4.386,350.7
1575.0,4.375,360.0
1610.3259,4.401,365.9
1552.1416,4.412,351.8
1540.012,4.385,351.2
1601.8114,4.403,363.8
1578.0888,4.413,357.6
1548.5325,4.393,352.5
1567.4037,4.377,358.1
1616.6095,4.387,368.5
1602.279,4.385,365.4
1598.335,4.379,365.0
1614.723,4.395,367.4
1589.4372,4.398,361.4
1601.0368,4.384,365.2
1604.545,4.39,365.5
1612.944,4.383,368.0
1593.2644,4.394,362.6
1594.1716,4.382,363.8
1640.8512,4.392,373.6
1581.867,4.41,358.7
1550.8032,4.366,355.2
1600.884,4.392,364.5
1599.5526,4.398,363.7
1574.0968,4.408,357.1
1559.4936,4.361,357.6
1609.8114,4.402,365.7
1575.0618,4.407,357.4
1576.9038,4.373,360.6
1619.4151,4.397,368.3
1576.2175,4.409,357.5
1546.9377,4.411,350.7
1536.327,4.377,351.0
1600.8092,4.393,364.4
1598.4432,4.401,363.2
1561.4976,4.416,353.6
1567.755,4.41,355.5
1565.2911,4.413,354.7
1552.6744,4.406,352.4
1558.48,4.4,354.2
1613.8954,4.418,365.3
1603.81,4.394,365.0
1591.4811,4.371,364.1
1612.093,4.37,368.9
1605.7656,4.373,367.2
1591.0395,4.377,363.5
1606.1532,4.386,366.2
1605.7656,4.373,367.2
1575.6688,4.372,360.4
1647.0651,4.377,376.3
1603.1036,4.361,367.6
1592.1,4.392,362.5
1589.6518,4.378,363.1
1615.602,4.395,367.6
1566.0216,4.394,356.4
1581.94,4.37,362.0
1614.7269,4.401,366.9
1560.8502,4.398,354.9
1552.001,4.378,354.5
1589.805,4.41,360.5
1578.6387,4.401,358.7
1560.3192,4.378,356.4
1568.7912,4.387,357.6
1608.327,4.41,364.7
1598.289,4.403,363.0
1568.5516,4.411,355.6
1547.5668,4.394,352.2
1619.7912,4.404,367.8
1607.9004,4.404,365.1
1553.9082,4.407,352.6
1560.645,4.39,355.5
1559.1398,4.387,355.4
1603.3017,4.389,365.3
1593.57,4.39,363.0
1598.7205,4.355,367.1
1640.3744,4.372,375.2
1563.8007,4.389,356.3
1570.3094,4.379,358.6
1623.1914,4.374,371.1
1607.7558,4.382,366.9
1633.2136,4.388,372.2
1582.56,4.396,360.0
1581.7896,4.372,361.8
1618.9617,4.391,368.7
1575.86,4.408,357.5
1563.5732,4.397,355.6
1590.75,4.375,363.6
1590.205,4.405,361.0
1585.5576,4.408,359.7
1558.2968,4.397,354.4
1592.692,4.39,362.8
1579.662,4.41,358.2
1554.652,4.367,356.0
1603.2288,4.384,365.7
1560.4368,4.413,353.6
1547.808,4.416,350.5
1546.5114,4.401,351.4
1557.2172,4.389,354.8
1604.489,4.414,363.5
1599.6868,4.402,363.4
1550.7282,4.413,351.4
1563.618,4.417,354.0
1548.1723,4.387,352.9
1548.0932,4.393,352.4
1617.3675,4.401,367.5
1592.438,4.399,362.0
1592.6423,4.379,363.7
1614.03,4.38,368.5
1583.5976,4.394,360.4
1591.403,4.378,363.5
1572.0432,4.368,359.9
1583.6765,4.393,360.5
1582.2372,4.348,363.9
1599.8682,4.382,365.1
1621.2717,4.383,369.9
1558.6986,4.371,356.6
1624.564,4.405,368.8
1560.6052,4.406,354.2
1565.5822,4.394,356.3
1619.7118,4.399,368.2
1577.2366,4.402,358.3
1560.8635,4.403,354.5
1556.0689,4.387,354.7
1568.1897,4.367,359.1
1586.1555,4.395,360.9
1570.3825,4.405,356.5
1547.107,4.414,350.5
1537.7282,4.391,350.2
1590.1347,4.389,362.3
1564.3008,4.404,355.2
1570.2216,4.391,357.6
1556.0238,4.413,352.6
1553.2,4.4,353.0
1594.7919,4.397,362.7
1588.8835,4.405,360.7
1578.5572,4.402,358.6
1568.18,4.405,356.0
1583.6744,4.376,361.9
1586.6625,4.377,362.5
1593.882,4.38,363.9
1580.2758,4.386,360.3
1606.0746,4.381,366.6
1612.8552,4.378,368.4
1610.8056,4.376,368.1
1585.8232,4.388,361.4
1616.3808,4.384,368.7
1588.3791,4.389,361.9
1597.4592,4.379,364.8
1549.59,4.396,352.5
1572.3008,4.387,358.4
1578.117,4.402,358.5
1581.754,4.406,359.0
1561.5808,4.384,356.2
1570.9374,4.371,359.4
1564.2844,4.399,355.6
1550.8246,4.402,352.3
1560.2377,4.379,356.3
1578.0828,4.386,359.8
1569.5856,4.404,356.4
1552.4978,4.403,352.6
1565.9648,4.384,357.2
1564.656,4.405,355.2
1564.2,4.4,355.5
1549.1504,4.396,352.4
1554.2296,4.388,354.2
1562.0988,4.404,354.7
1575.1179,4.401,357.9
1553.9931,4.401,353.1
1560.4559,4.387,355.7
1612.3799,4.397,366.7
1593.006,4.38,363.7
1613.4624,4.356,370.4
1616.4261,4.377,369.3
1647.5686,4.346,379.1
1611.0341,4.379,367.9
1612.1952,4.362,369.6
1580.9328,4.348,363.6
1638.1839,4.379,374.1
1589.733,4.365,364.2
1633.0587,4.377,373.1
1556.184,4.396,354.0
1600.89,4.386,365.0
1559.9543,4.393,355.1
1568.079,4.374,358.5
1573.0587,4.383,358.9
1552.4002,4.394,353.3
1582.0406,4.397,359.8
1592.4264,4.376,363.9
1607.5451,4.391,366.1
1559.0056,4.399,354.4
1546.125,4.375,353.4
1609.8885,4.395,366.3
1616.5526,4.394,367.9
1567.8036,4.399,356.4
1556.6398,4.406,353.3
1546.2368,4.384,352.7
1577.7244,4.396,358.9
1569.2616,4.392,357.3
1552.9338,4.398,353.1
1553.9064,4.412,352.2
1549.0497,4.387,353.1
1628.5846,4.358,373.7
1628.375,4.375,372.2
1596.2172,4.372,365.1
1606.5246,4.362,368.3
1601.4724,4.378,365.8
1579.1446,4.378,360.7
1618.5466,4.378,369.7
1578.96,4.386,360.0
1598.0376,4.371,365.6
1607.3551,4.369,367.9
1587.0843,4.383,362.1
1559.223,4.386,355.5
1592.253,4.39,362.7
1585.2402,4.401,360.2
1559.4952,4.388,355.4
1562.784,4.38,356.8
1573.7344,4.391,358.4
1569.1796,4.393,357.2
1577.4066,4.389,359.4
1588.353,4.395,361.4
1559.3888,4.384,355.7
1562.8302,4.374,357.3
1614.6753,4.377,368.9
1588.6818,4.402,360.9
1571.704,4.405,356.8
1549.4157,4.403,351.9
1576.863,4.362,361.5
1574.0928,4.392,358.4
1556.0202,4.403,353.4
1558.92,4.4,354.3
1542.7296,4.384,351.9
1569.96,4.361,360.0
1616.8638,4.377,369.4
1580.1492,4.382,360.6
1603.9465,4.355,368.3
1611.2614,4.382,367.7
1591.7665,4.379,363.5
1576.75,4.375,360.4
1617.7854,4.389,368.6
1578.0828,4.369,361.2
1581.6528,4.368,362.1
1604.891,4.373,367.0
1595.2704,4.373,364.8
1561.6892,4.388,355.9
1582.8296,4.387,360.8
1550.9012,4.391,353.2
1556.5076,4.387,354.8
1588.7616,4.384,362.4
1550.729,4.393,353.0
1559.4952,4.388,355.4
1603.1418,4.373,366.6
1579.522,4.39,359.8
1611.6114,4.377,368.2
1581.1612,4.397,359.6
1554.2727,4.377,355.1
1601.0985,4.395,364.3
1557.954,4.401,354.0
1571.1852,4.379,358.8
1575.0868,4.396,358.3
1556.5472,4.402,353.6
1582.2345,4.389,360.5
1577.4814,4.399,358.6
1565.5822,4.394,356.3
1555.1204,4.372,355.7
1603.3738,4.382,365.9
1566.2075,4.381,357.5
1591.0125,4.389,362.5
1590.4528,4.379,363.2
1595.776,4.384,364.0
1590.303,4.381,363.0
1603.4436,4.356,368.1
1579.8299,4.339,364.1
1589.7896,4.382,362.8
1636.128,4.37,374.4
1617.64,4.372,370.0
1602.9312,4.394,364.8
1561.8787,4.391,355.7
1582.5887,4.373,361.9
1582.4803,4.397,359.9
1572.1821,4.383,358.7
1555.546,4.388,354.5
1581.0407,4.393,359.9
1558.305,4.365,357.0
1583.3597,4.397,360.1
1572.8562,4.391,358.2
1567.2042,4.374,358.3
1534.6287,4.401,348.7
1573.9622,4.399,357.8
1557.4174,4.397,354.2
1542.1875,4.375,352.5
1588.6416,4.368,363.7
1577.2848,4.396,358.8
1571.57,4.396,357.5
1552.1206,4.387,353.8
1561.6326,4.378,356.7
1595.1288,4.404,362.2
1619.4222,4.378,369.9
1626.7776,4.352,373.8
1632.6953,4.369,373.7
1580.7196,4.357,362.8
1616.8329,4.371,369.9
1583.3289,4.351,363.9
1575.6427,4.349,362.3
1654.1875,4.375,378.1
1610.8232,4.382,367.6
1624.6634,4.351,373.4
1626.8212,4.372,372.1
1560.58,4.396,355.0
1575.5642,4.379,359.8
1583.958,4.395,360.4
1560.3253,4.399,354.7
1562.3928,4.374,357.2
1564.2155,4.405,355.1
1560.7652,4.399,354.8
1549.8994,4.361,355.4
1578.1392,4.374,360.8
1588.5088,4.393,361.6
1565.7717,4.397,356.1
1545.5856,4.371,353.6
1585.151,4.391,361.0
1556.72,4.4,353.8
1566.2948,4.396,356.3
1553.2313,4.379,354.7
1561.1424,4.384,356.1
1602.6444,4.386,365.4
1563.9288,4.398,355.6
1563.4444,4.388,356.3
1551.2398,4.366,355.3
1601.255,4.387,365.0
1606.0444,4.369,367.6
1573.8126,4.379,359.4
1621.3359,4.369,371.1
1578.2459,4.361,361.9
1620.432,4.356,372.0
1660.5429,4.371,379.9
1581.591,4.357,363.0
1601.9865,4.383,365.5
1588.2685,4.355,364.7
1627.713,4.358,373.5
1563.718,4.39,356.2
1593.7971,4.387,363.3
1554.768,4.392,354.0
1562.574,4.355,358.8
1603.875,4.375,366.6
1594.8112,4.391,363.2
1558.1788,4.388,355.1
1581.7896,4.372,361.8
1570.4156,4.394,357.4
1555.816,4.39,354.4
1567.2042,4.374,358.3
1553.8134,4.398,353.3
1567.468,4.403,356.0
1551.2679,4.371,354.9
1571.1696,4.368,359.7
1588.6638,4.391,361.8
1548.8,4.4,352.0
1541.5918,4.387,351.4
1576.7642,4.397,358.6
1562.71,4.402,355.0
1553.706,4.389,354.0
1549.7849,4.357,355.7
1597.4592,4.379,364.8
1618.9128,4.366,370.8
1571.04,4.364,360.0
1605.975,4.37,367.5
1601.8156,4.367,366.8
1574.6067,4.363,360.9
1578.2459,4.361,361.9
1607.0775,4.373,367.5
1617.2667,4.351,371.7
1587.9006,4.378,362.7
1585.5123,4.357,363.9
1592.13,4.38,363.5
1551.2544,4.392,353.2
1585.436,4.37,362.8
1583.9901,4.389,360.9
1553.3144,4.378,354.8
1589.22,4.36,364.5
1574.9712,4.392,358.6
1576.047,4.395,358.6
1548.7836,4.364,354.9
1625.2164,4.383,370.8
1598.771,4.385,364.6
1563.908,4.393,356.0
1550.3844,4.402,352.2
1539.3812,4.372,352.1
1626.2609,4.387,370.7
1563.9912,4.392,356.1
1549.0638,4.402,351.9
1545.1656,4.376,353.1
1635.8464,4.388,372.8
1577.9248,4.388,359.6
1582.647,4.378,361.5
1585.1472,4.368,362.9
1591.4811,4.371,364.1
1591.5508,4.364,364.7
1617.337,4.37,370.1
1607.1246,4.366,368.1
1608.7129,4.387,366.7
1591.4772,4.377,363.6
1605.0459,4.377,366.7
1605.3984,4.372,367.2
1609.7787,4.359,369.3
1559.1688,4.376,356.3
1574.9676,4.364,360.9
1641.1226,4.381,374.6
1587.732,4.386,362.0
1601.4003,4.379,365.7
1546.7301,4.373,353.7
1613.8906,4.382,368.3
1550.2032,4.368,354.9
1623.0928,4.382,370.4
1551.7794,4.391,353.4
1567.394,4.366,359.0
1634.8046,4.397,371.8
1586.0292,4.391,361.2
1571.57,4.396,357.5
1559.515,4.393,355.0
1551.2398,4.366,355.3
1572.061,4.379,359.0
1532.703,4.398,348.5
1577.0818,4.382,359.9
1549.644,4.38,353.8
1549.9792,4.376,354.2
1583.7315,4.381,361.5
1576.3125,4.375,360.3
1591.4772,4.377,363.6
1593.4464,4.368,364.8
1591.6986,4.374,363.9
1580.7888,4.362,362.4
1598.8812,4.359,366.8
1617.7541,4.357,371.3
1584.6342,4.351,364.2
1630.7019,4.359,374.1
1611.3162,4.342,371.1
1582.675,4.366,362.5
1604.3236,4.393,365.2
1596.504,4.368,365.5
1555.9848,4.388,354.6
1556.9502,4.371,356.2
1552.743,4.39,353.7
1562.589,4.377,357.0
1586.6235,4.389,361.5
1563.5268,4.387,356.4
1552.5219,4.377,354.7
1607.022,4.38,366.9
1586.9315,4.385,361.9
1557.133,4.39,354.7
1543.168,4.384,352.0
1569.704,4.37,359.2
1605.27,4.38,366.5
1609.4463,4.389,366.7
1559.0757,4.393,354.9
1547.7072,4.377,353.6
1553.6896,4.384,354.4
1588.4214,4.371,363.4
1567.8796,4.382,357.8
1602.338,4.372,366.5
1592.865,4.37,364.5
1581.6636,4.356,363.1
1592.188,4.355,365.6
1652.4972,4.374,377.8
1585.8762,4.358,363.9
1583.1762,4.371,362.2
1576.15,4.348,362.5
1650.9805,4.355,379.1
1583.1861,4.353,363.7
1605.352,4.36,368.2
1561.161,4.373,357.0
1573.8954,4.389,358.6
1575.2823,4.377,359.9
1565.211,4.366,358.5
1574.933,4.387,359.0
1556.3184,4.368,356.3
1605.8504,4.378,366.8
1555.9154,4.394,354.1
1574.9695,4.381,359.5
1562.5528,4.372,357.4
1590.316,4.369,364.0
1592.4935,4.381,363.5
1569.7123,4.381,358.3
1553.6896,4.384,354.4
1544.3638,4.354,354.7
1547.8809,4.359,355.1
1604.916,4.36,368.1
1577.8312,4.378,360.4
1567.324,4.378,358.0
1558.3458,4.386,355.3
1552.3554,4.363,355.8
1623.6066,4.354,372.9
1603.0414,4.349,368.6
1577.76,4.325,364.8
1593.2145,4.359,365.5
1570.0444,4.324,363.1
1572.0197,4.339,362.3
1620.9344,4.348,372.8
1615.79,4.367,370.0
1582.8228,4.364,362.7
1577.6608,4.363,361.6
1595.008,4.352,366.5
1562.6212,4.382,356.6
1558.5024,4.368,356.8
1562.1385,4.355,358.7
1553.2512,4.384,354.3
1551.7296,4.376,354.6
1587.4776,4.366,363.6
1583.9006,4.373,362.2
1569.2742,4.381,358.2
1553.9835,4.359,356.5
1587.1038,4.353,364.6
1551.9176,4.379,354.4
1536.9366,4.349,353.4
1582.7508,4.353,363.6
1583.9604,4.378,361.8
1555.8816,4.384,354.9
1541.2404,4.386,351.4
1554.4375,4.375,355.3
1612.498,4.364,369.5
1586.0738,4.379,362.2
1562.4729,4.373,357.3
1560.5625,4.375,356.7
1608.7185,4.335,371.1
1603.744,4.358,368.0
1620.4955,4.355,372.1
1587.2577,4.369,363.3
1602.0234,4.338,369.3
1637.5394,4.354,376.1
1582.1514,4.373,361.8
1575.057,4.339,363.0
1591.035,4.359,365.0
1573.222,4.364,360.5
1579.628,4.36,362.3
1563.6212,4.364,358.3
1580.2267,4.381,360.7
1560.4005,4.377,356.5
1552.3057,4.369,355.3
1576.126,4.366,361.0
1623.8265,4.371,371.5
1569.548,4.372,359.0
1549.47,4.35,356.2
1594.32,4.368,365.0
1579.6036,4.372,361.3
1557.856,4.376,356.0
1538.3502,4.353,353.4
1560.5664,4.364,357.6
1592.9313,4.363,365.1
1584.7601,4.379,361.9
1580.1492,4.382,360.6
1561.1424,4.384,356.1
1535.3234,4.358,352.3
1601.0334,4.353,367.8
1570.0632,4.371,359.2
1546.209,4.374,353.5
1596.6198,4.341,367.8
1588.3938,4.347,365.4
1617.688,4.33,373.6
1596.1764,4.354,366.6
1581.0772,4.364,362.3
1570.4277,4.337,362.1
1605.6071,4.343,369.7
1597.6005,4.371,365.5
1592.1127,4.337,367.1
1583.9058,4.349,364.2
1564.2,4.345,360.0
1583.1116,4.366,362.6
1568.3178,4.382,357.9
1590.4395,4.385,362.7
1561.518,4.374,357.0
1562.2646,4.381,356.6
1561.4976,4.352,358.8
1604.48,4.36,368.0
1560.156,4.38,356.2
1561.2462,4.338,359.9
1607.0076,4.374,367.4
1575.0245,4.369,360.5
1565.1996,4.388,356.7
1546.6836,4.389,352.4
1577.381,4.355,362.2
1566.873,4.389,357.0
1547.9367,4.369,354.3
1587.5472,4.371,363.2
1557.6352,4.384,355.3
1576.106,4.372,360.5
1563.3838,4.378,357.1
1574.172,4.38,359.4
1595.349,4.347,367.0
1571.079,4.346,361.5
1594.3655,4.355,366.1
1617.456,4.348,372.0
1612.9344,4.364,369.6
1604.2474,4.357,368.2
1592.3968,4.352,365.9
1568.7462,4.354,360.3
1597.414,4.355,366.8
1595.2144,4.336,367.9
1620.6219,4.353,372.3
1555.4448,4.368,356.1
1586.241,4.365,363.4
1560.7236,4.362,357.8
1590.67,4.358,365.0
1587.3246,4.374,362.9
1583.1855,4.365,362.7
1587.4776,4.366,363.6
1569.5922,4.377,358.6
1571.4,4.365,360.0
1553.7735,4.383,354.5
1555.3595,4.385,354.7
1550.3112,4.372,354.6
1562.2656,4.359,358.4
1574.3572,4.372,360.1
1539.3966,4.382,351.3
1574.019,4.365,360.6
1616.0568,4.376,369.3
1564.2594,4.378,357.3
1570.7816,4.373,359.2
1555.6931,4.381,355.1
1558.0931,4.351,358.1
1585.4248,4.376,362.3
1641.0098,4.339,378.2
1589.733,4.365,364.2
1621.804,4.348,373.0
1597.755,4.35,367.3
1606.2978,4.339,370.2
1595.9856,4.344,367.4
1628.3862,4.347,374.6
1599.386,4.358,367.0
1595.76,4.36,366.0
1613.2352,4.346,371.2
1568.3148,4.371,358.8
1574.6884,4.379,359.6
1561.4375,4.375,356.9
1562.8792,4.351,359.2
1616.862,4.364,370.5
1596.3354,4.358,366.3
1568.9348,4.363,359.6
1578.8608,4.376,360.8
1575.9744,4.368,360.8
1616.7656,4.372,369.8
1563.222,4.38,356.9
1553.5035,4.365,355.9
1575.57,4.35,362.2
1575.7976,4.376,360.1
1559.653,4.37,356.9
1540.6891,4.351,354.1
1603.056,4.368,367.0
1587.6128,4.376,362.8
1551.1437,4.383,353.9
1571.7286,4.349,361.4
1606.8672,4.376,367.2
1593.1534,4.366,364.9
1591.2453,4.337,366.9
1656.2606,4.346,381.1
1596.083,4.349,367.0
1603.6452,4.353,368.4
1607.733,4.357,369.0
1586.604,4.36,363.9
1592.5464,4.337,367.2
1590.67,4.358,365.0
1630.7965,4.343,375.5
1578.615,4.35,362.9
1565.3169,4.359,359.1
1626.5787,4.369,372.3
1576.7721,4.369,360.9
1553.5857,4.353,356.9
1574.4555,4.365,360.7
1572.6998,4.382,358.9
1569.2742,4.381,358.2
1576.8024,4.351,362.4
1579.736,4.376,361.0
1568.5164,4.374,358.6
1544.4346,4.331,356.6
1619.8773,4.351,372.3
1571.343,4.377,359.0
1567.0456,4.376,358.1
1551.413,4.385,353.8
1536.4728,4.344,353.7
1597.6872,4.351,367.2
1571.4216,4.376,359.1
1579.4514,4.374,361.1
1549.4368,4.372,354.4
1586.091,4.355,364.2
1617.8658,4.362,370.9
1600.3944,4.356,367.4
1602.3684,4.359,367.6
1605.0176,4.352,368.8
1617.6435,4.345,372.3
1587.4684,4.354,364.6
1587.4684,4.354,364.6
1597.4343,4.361,366.3
1571.794,4.354,361.0
1653.9732,4.356,379.7
1595.5117,4.351,366.7
1594.4684,4.372,364.7
1580.6112,4.376,361.2
1554.0628,4.358,356.6
1631.762,4.363,374.0
1571.9028,4.381,358.8
1561.3568,4.376,356.8
1566.5244,4.337,361.2
1609.4928,4.376,367.8
1560.2656,4.384,355.9
1581.6636,4.356,363.1
1608.7572,4.374,367.8
1608.418,4.385,366.8
1567.995,4.386,357.5
1560.7284,4.389,355.6
1574.5558,4.346,362.3
1595.3428,4.372,364.9
1587.474,4.395,361.2
1557.1724,4.379,355.6
1580.5874,4.382,360.7
1586.9617,4.373,362.9
1637.931,4.362,375.5
1560.4816,4.376,356.6
1609.2395,4.367,368.5
1609.9776,4.356,369.6
1601.2902,4.362,367.1
1577.8724,4.366,361.4
1607.4646,4.361,368.6
1584.2053,4.363,363.1
1621.6118,4.358,372.1
1580.1375,4.359,362.5
1600.2576,4.358,367.2
1587.6401,4.339,365.9
1616.6634,4.367,370.2
1607.6721,4.377,367.3
1570.5003,4.371,359.3
1549.8186,4.362,355.3
1627.5809,4.367,372.7
1569.4336,4.379,358.4
1547.4915,4.353,355.5
1620.899,4.369,371.0
1610.0694,4.374,368.1
1567.3434,4.361,359.4
1621.8792,4.374,370.8
1556.7783,4.389,354.7
1579.1949,4.383,360.3
1542.4244,4.367,353.2
1590.7529,4.369,364.1
1575.6422,4.378,359.9
1554.1642,4.373,355.4
1573.8954,4.389,358.6
1564.6961,4.367,358.3
1555.0133,4.357,356.9
1615.7128,4.381,368.8
1553.1795,4.369,355.5
1618.1347,4.337,373.1
1618.318,4.355,371.6
1583.8416,4.356,363.6
1603.744,4.358,368.0
1595.844,4.365,365.6
1608.8267,4.373,367.9
1597.4343,4.361,366.3
1587.9744,4.353,364.8
1578.104,4.345,363.2
1595.1486,4.337,367.8
1638.3111,4.377,374.3
1574.8908,4.382,359.4
1562.2364,4.348,359.3
1615.113,4.377,369.0
1555.0388,4.373,355.6
1651.0451,4.369,377.9
1569.2299,4.387,357.7
1586.5265,4.355,364.3
1593.8856,4.374,364.4
1570.6266,4.386,358.1
1567.0935,4.347,360.5
1610.6174,4.366,368.9
1582.6734,4.389,360.6
1569.864,4.39,357.6
1549.1886,4.359,355.4
1581.3652,4.366,362.2
1624.272,4.384,370.5
1585.7946,4.394,360.9
1561.7448,4.382,356.4
1586.0124,4.374,362.6
1622.4048,4.392,369.4
1584.424,4.36,363.4
1576.696,4.37,360.8
1581.0488,4.376,361.3
1590.666,4.382,363.0
1615.5528,4.364,370.2
1586.4552,4.356,364.2
1651.9189,4.369,378.1
1585.6555,4.355,364.1
1634.1938,4.366,374.3
1608.0216,4.372,367.8
1624.8476,4.348,373.7
1588.626,4.38,362.7
1559.572,4.36,357.7
1629.5571,4.377,372.3
1581.94,4.37,362.0
1603.5397,4.361,367.7
1572.1398,4.389,358.2
1595.4165,4.377,364.5
1598.625,4.375,365.4
1578.8813,4.387,359.9
1565.7255,4.365,358.7
1581.6695,4.385,360.7
1571.7009,4.389,358.1
1553.067,4.365,355.8
1599.156,4.355,367.2
1601.7672,4.386,365.2
1577.6863,4.391,359.3
1557.6103,4.379,355.7
1591.3347,4.373,363.9
1561.2722,4.393,355.4
1577.8854,4.394,359.1
1575.3084,4.371,360.4
1640.4996,4.377,374.8
1608.1098,4.377,367.4
1618.6976,4.342,372.8
1602.0234,4.338,369.3
1666.666,4.363,382.0
1595.3056,4.354,366.4
1635.8111,4.361,375.1
1615.1617,4.343,371.9
1605.788,4.36,368.3
1620.899,4.369,371.0
1653.4904,4.372,378.2
1595.634,4.38,364.3
1630.7815,4.385,371.9
1619.997,4.395,368.6
1578.6784,4.384,360.1
1593.7334,4.382,363.7
1591.869,4.395,362.2
1602.8631,4.383,365.7
1582.92,4.397,360.0
1576.08,4.378,360.0
1647.8177,4.379,376.3
1596.9426,4.386,364.1
1563.9912,4.392,356.1
1612.3799,4.397,366.7
1573.1919,4.403,357.3
1579.4828,4.396,359.3
1570.823,4.405,356.6
1578.1916,4.379,360.4
1607.8608,4.368,368.1
1626.3972,4.404,369.3
1581.5576,4.403,359.2
1579.736,4.376,361.0
1679.0165,4.385,382.9
1598.8448,4.384,364.7
1624.4375,4.375,371.3
1632.51,4.365,374.0
1658.2252,4.388,377.9
1596.4293,4.387,363.9
1609.9304,4.376,367.9
1594.7919,4.397,362.7
1606.6402,4.373,367.4
1610.2485,4.365,368.9
1640.2452,4.367,375.6
1611.7936,4.399,366.4
1595.0505,4.405,362.1
1591.6794,4.386,362.9
1617.1344,4.392,368.2
1594.4526,4.407,361.8
1599.9306,4.393,364.2
1564.264,4.394,356.0
1593.0331,4.397,362.3
1578.5214,4.386,359.9
1619.0802,4.383,369.4
1595.8245,4.395,363.1
1575.7218,4.399,358.2
1583.8368,4.368,362.6
1642.1034,4.393,373.8
1596.372,4.405,362.4
1597.3308,4.404,362.7
1581.395,4.405,359.0
1568.7168,4.377,358.4
1592.7072,4.384,363.3
1610.9138,4.399,366.2
1626.24,4.4,369.6
1597.8096,4.392,363.8
1648.952,4.36,378.2
1620.6338,4.373,370.6
1646.1008,4.364,377.2
1630.764,4.365,373.6
1643.376,4.38,375.2
1612.8308,4.372,368.9
1641.8568,4.362,376.4
1635.232,4.384,373.0
1601.0973,4.371,366.3
1616.7954,4.378,369.3
1620.876,4.395,368.8
1596.492,4.392,363.5
1590.666,4.382,363.0
1621.5042,4.386,369.7
1617.1488,4.404,367.2
1598.399,4.39,364.1
1623.0928,4.382,370.4
1614.3556,4.394,367.4
1604.8206,4.374,366.9
1606.1136,4.368,367.7
1651.8312,4.392,376.1
1585.8,4.405,360.0
1587.8254,4.379,362.6
1648.4832,4.403,374.4
1647.2284,4.402,374.2
1569.061,4.405,356.2
1572.5408,4.384,358.7
1653.6506,4.391,376.6
1632.6061,4.397,371.3
1588.1125,4.381,362.5
1648.2846,4.406,374.1
1600.854,4.404,363.5
1632.3125,4.375,373.1
1669.8,4.4,379.5
1628.8256,4.388,371.2
1630.3017,4.379,372.3
1654.506,4.377,378.0
1645.0612,4.388,374.9
1642.8048,4.368,376.1
1631.4186,4.382,372.3
1629.7644,4.367,373.2
1660.6569,4.369,380.1
1632.5376,4.398,371.2
1589.502,4.38,362.9
1647.0036,4.378,376.2
1606.563,4.41,364.3
1600.9308,4.403,363.6
1612.5979,4.369,369.1
1624.1814,4.398,369.3
1588.2685,4.355,364.7
1602.2517,4.403,363.9
1616.7084,4.404,367.1
1602.1123,4.369,366.7
1649.2608,4.384,376.2
1614.8671,4.411,366.1
1583.3994,4.402,359.7
1585.9375,4.375,362.5
1611.7838,4.387,367.4
1601.0985,4.395,364.3
1605.4701,4.407,364.3
1596.1821,4.413,361.7
1594.9455,4.395,362.9
1622.2086,4.401,368.6
1608.4792,4.408,364.9
1644.804,4.392,374.5
1627.373,4.39,370.7
1649.2536,4.377,376.8
1651.3044,4.372,377.7
1630.9143,4.383,372.1
1646.9928,4.371,376.8
1635.872,4.36,375.2
1662.969,4.382,379.5
1650.0682,4.378,376.9
1639.1232,4.378,374.4
1652.391,4.383,377.0
1602.642,4.38,365.9
1636.056,4.398,372.0
1694.8194,4.393,385.8
1619.5725,4.407,367.5
1595.7077,4.373,364.9
1639.541,4.405,372.2
1622.7298,4.406,368.3
1618.5357,4.397,368.1
1597.521,4.39,363.9
1621.1846,4.403,368.2
1594.4044,4.402,362.2
1600.3776,4.387,364.8
1636.6581,4.389,372.9
1649.7384,4.404,374.6
1603.9942,4.409,363.8
1596.9312,4.392,363.6
1633.4436,4.404,370.9
1596.7028,4.412,361.9
1590.2016,4.416,360.1
1602.4384,4.412,363.2
1628.589,4.385,371.4
1640.3462,4.393,373.4
1654.96,4.384,377.5
1639.335,4.395,373.0
1697.242,4.397,386.0
1625.3125,4.375,371.5
1614.557,4.385,368.2
1668.4925,4.385,380.5
1669.34,4.393,380.0
1634.0913,4.401,371.3
1622.3405,4.367,371.5
1610.1771,4.403,365.7
1615.4578,4.397,367.4
1590.1886,4.394,361.9
1657.7932,4.402,376.6
1636.36,4.4,371.9
1603.6486,4.402,364.3
1597.1652,4.383,364.4
1647.75,4.394,375.0
1598.5464,4.411,362.4
1633.0458,4.397,371.4
1612.737,4.41,365.7
1607.5788,4.414,364.2
1591.649,4.409,361.0
1589.0256,4.392,361.8
1624.352,4.414,368.0
1635.4578,4.413,370.6
1590.1655,4.411,360.5
1583.4112,4.418,358.4
1593.9125,4.397,362.5
1652.0706,4.402,375.3
1609.3998,4.419,364.2
1612.9665,4.401,366.5
1663.9832,4.372,380.6
1649.9507,4.387,376.1
1633.9824,4.383,372.8
1649.762,4.39,375.8
1651.8245,4.399,375.5
1613.9162,4.394,367.3
1668.112,4.384,380.5
1650.0072,4.379,376.8
1618.8912,4.392,368.6
1642.8744,4.374,375.6
1678.2185,4.399,381.5
1607.2916,4.412,364.3
1626.0279,4.403,369.3
1629.3388,4.406,369.8
1592.4625,4.393,362.5
1616.1847,4.393,367.9
1624.9328,4.406,368.8
1601.911,4.39,364.9
1582.0312,4.408,358.9
1605.5268,4.412,363.9
1636.1739,4.383,373.3
1617.002,4.406,367.0
1589.1213,4.413,360.1
1622.9246,4.378,370.7
1629.495,4.41,369.5
1583.0528,4.417,358.4
1596.0225,4.415,361.5
1587.7856,4.391,361.6
1659.804,4.405,376.8
1644.5872,4.402,373.6
1608.826,4.415,364.4
1589.0427,4.403,360.9
1684.164,4.395,383.2
1687.4613,4.391,384.3
1625.36,4.4,369.4
1649.323,4.39,375.7
1627.4412,4.389,370.8
1661.1866,4.397,377.8
1622.7224,4.381,370.4
1640.214,4.395,373.2
1646.6274,4.377,376.2
1661.9935,4.391,378.5
1645.0274,4.402,373.7
1625.5876,4.403,369.2
1618.7628,4.412,366.9
1602.2517,4.403,363.9
1592.848,4.405,361.6
1599.6099,4.403,363.3
1627.56,4.4,369.9
1613.5515,4.405,366.3
1630.446,4.39,371.4
1627.7184,4.404,369.6
1595.491,4.405,362.2
1588.188,4.38,362.6
1638.315,4.41,371.5
1601.3205,4.415,362.7
1587.5189,4.411,359.9
1615.24,4.4,367.1
1601.1625,4.417,362.5
1565.7324,4.413,354.8
1637.843,4.391,373.0
1606.9548,4.422,363.4
1600.482,4.42,362.1
1592.5566,4.386,363.1
1621.8048,4.388,369.6
1628.787,4.395,370.6
1654.1442,4.383,377.4
1619.032,4.39,368.8
1641.3696,4.384,374.4
1649.3792,4.396,375.2
1644.0632,4.376,375.7
1644.3648,4.392,374.4
1621.017,4.393,369.0
1672.6188,4.397,380.4
1631.1888,4.392,371.4
1641.5508,4.388,374.1
1601.3992,4.414,362.8
1596.2427,4.401,362.7
1632.7425,4.395,371.5
1632.8812,4.412,370.1
1592.1248,4.403,361.6
1607.6853,4.401,365.3
1677.6612,4.401,381.2
1607.1903,4.419,363.7
1584.1158,4.393,360.6
1644.827,4.405,373.4
1613.3769,4.419,365.1
1592.4442,4.421,360.2
1573.2345,4.413,356.5
1649.9429,4.427,372.7
1601.4777,4.413,362.9
1582.472,4.408,359.0
1604.9692,4.402,364.6
1627.444,4.42,368.2
1591.4232,4.428,359.4
1604.799,4.41,363.9
1626.7811,4.417,368.3
1618.5428,4.403,367.6
1604.106,4.39,365.4
1623.8265,4.371,371.5
1674.5534,4.394,381.1
1634.0912,4.388,372.4
1629.5503,4.403,370.1
1637.7768,4.392,372.9
1666.584,4.395,379.2
1636.7416,4.381,373.6
1634.0456,4.408,370.7
1579.6332,4.383,360.4
1622.6824,4.388,369.8
1608.3845,4.415,364.3
1589.542,4.391,362.0
1662.624,4.416,376.5
1581.7494,4.422,357.7
1625.8902,4.386,370.7
1610.4382,4.417,364.6
1582.308,4.41,358.8
1606.738,4.396,365.5
1603.0865,4.415,363.1
1589.2668,4.422,359.4
1595.5376,4.393,363.2
1606.716,4.408,364.5
1591.3128,4.424,359.7
1596.062,4.42,361.1
1580.6952,4.424,357.3
1595.8026,4.401,362.6
1637.2395,4.419,370.5
1588.68,4.413,360.0
1583.4112,4.418,358.4
1606.6638,4.397,365.4
1627.5376,4.394,370.4
1654.1034,4.369,378.6
1630.22,4.406,370.0
1622.5636,4.396,369.1
1623.7224,4.392,369.7
1614.0743,4.373,369.1
1671.4185,4.395,380.3
1616.4873,4.401,367.3
1605.975,4.37,367.5
1679.5656,4.383,383.2
1606.6396,4.409,364.4
1614.9252,4.386,368.2
1616.6976,4.416,366.1
1566.7872,4.411,355.2
1600.89,4.386,365.0
1641.0268,4.396,373.3
1611.2446,4.418,364.7
1580.04,4.4,359.1
1604.1645,4.401,364.5
1593.774,4.41,361.4
1620.8208,4.414,367.2
1572.7744,4.408,356.8
1602.5163,4.411,363.3
1658.4825,4.405,376.5
1594.698,4.415,361.2
1595.0154,4.422,360.7
1602.0216,4.406,363.6
1644.4008,4.424,371.7
1593.1308,4.418,360.6
1575.8848,4.397,358.4
1643.8786,4.406,373.1
1607.3088,4.406,364.8
1610.8212,4.412,365.1
1624.5507,4.399,369.3
1609.2234,4.386,366.9
1619.6456,4.406,367.6
1607.3845,4.405,364.9
1627.5,4.375,372.0
1602.594,4.41,363.4
1614.006,4.374,369.0
1624.0662,4.374,371.3
1665.3052,4.387,379.6
1586.921,4.402,360.5
1632.0525,4.405,370.5
1587.6,4.41,360.0
1620.3264,4.384,369.6
1602.3852,4.407,363.6
1585.8395,4.399,360.5
1614.501,4.41,366.1
1578.3625,4.415,357.5
1583.707,4.387,361.0
1608.7488,4.416,364.3
1563.1502,4.402,355.1
1589.0256,4.392,361.8
1599.1443,4.409,362.7
1577.3952,4.416,357.2
1572.0608,4.406,356.8
1569.2742,4.381,358.2
1627.7376,4.416,368.6
1583.3018,4.414,358.7
1588.517,4.415,359.8
1568.7889,4.403,356.3
1560.6645,4.395,355.1
1616.0415,4.395,367.7
1611.4272,4.398,366.4
1598.1154,4.382,364.7
1660.3704,4.374,379.6
1635.5482,4.399,371.8
1607.7558,4.382,366.9
1664.8866,4.394,378.9
1628.6488,4.397,370.4
1605.276,4.386,366.0
1581.066,4.37,361.8
1594.5314,4.406,361.9
1602.6408,4.392,364.9
1622.6601,4.413,367.7
1593.2928,4.416,360.8
1570.5792,4.392,357.6
1603.3375,4.423,362.5
