1913.168,4.388,436.0
1946.099,4.393,443.0
1920.5436,4.353,441.2
2033.5392,4.323,470.4
1904.8158,4.391,433.8
1851.7191,4.389,421.9
1925.4528,4.384,439.2
1815.6415,4.423,410.5
1603.5225,4.549,352.5
1598.7692,4.564,350.3
1594.7964,4.567,349.2
1544.3673,4.557,338.9
1554.6216,4.551,341.6
1667.1249,4.529,368.1
1648.7416,4.532,363.8
1603.36,4.555,352.0
1569.4308,4.557,344.4
1616.3994,4.543,355.8
1631.0784,4.551,358.4
1643.48,4.525,363.2
1653.015,4.498,367.5
1674.3324,4.524,370.1
1598.415,4.55,351.3
1579.9304,4.561,346.4
1598.805,4.555,351.0
1608.5182,4.558,352.9
1692.6624,4.521,374.4
1679.18,4.52,371.5
1580.8848,4.548,347.6
1589.2092,4.551,349.2
1612.2173,4.553,354.1
1602.7704,4.543,352.8
1652.6172,4.524,365.3
1667.7136,4.522,368.8
1625.224,4.555,356.8
1583.6571,4.539,348.9
1592.808,4.56,349.3
1604.9754,4.557,352.2
1649.3625,4.525,364.5
1644.7272,4.516,364.2
1623.53,4.535,358.0
1593.2924,4.564,349.1
1581.0795,4.563,346.5
1577.5238,4.558,346.1
1603.36,4.555,352.0
1642.6644,4.524,363.1
1648.836,4.536,363.5
1602.137,4.558,351.5
1588.0548,4.566,347.8
1608.4974,4.567,352.2
1565.6652,4.554,343.8
1626.5274,4.551,357.4
1638.042,4.515,362.8
1644.2096,4.532,362.8
1584.7299,4.563,347.3
1587.2031,4.557,348.3
1547.5647,4.553,339.9
1597.215,4.57,349.5
1617.797,4.538,356.5
1644.2088,4.537,362.4
1641.672,4.53,362.4
1617.38,4.556,355.0
1581.6042,4.554,347.3
1592.4048,4.568,348.6
1559.9704,4.552,342.7
1604.7369,4.537,353.7
1655.8336,4.544,364.4
1650.1968,4.536,363.8
1555.1858,4.562,340.9
1578.72,4.576,345.0
1564.6527,4.563,342.9
1586.2917,4.557,348.1
1602.3452,4.556,351.7
1605.1428,4.542,353.4
1628.6284,4.529,359.6
1596.7,4.562,350.0
1560.8856,4.568,341.7
1535.4918,4.574,335.7
1565.448,4.56,343.3
1592.8493,4.529,351.7
1668.9654,4.534,368.1
1635.1348,4.537,360.4
1559.74,4.55,342.8
1564.986,4.556,343.5
1557.5815,4.561,341.5
1598.87,4.55,351.4
1674.9072,4.528,369.9
1653.7818,4.521,365.8
1634.7192,4.551,359.2
1614.1392,4.552,354.6
1588.463,4.558,348.5
1571.0556,4.538,346.2
1653.3478,4.526,365.3
1700.8684,4.508,377.3
1616.352,4.52,357.6
1581.2569,4.553,347.3
1590.3304,4.549,349.6
1619.8989,4.549,356.1
1626.629,4.531,359.0
1671.1262,4.519,369.8
1633.7952,4.512,362.1
1597.7124,4.548,351.3
1602.4684,4.537,353.2
1591.59,4.55,349.8
1635.7745,4.535,360.7
1652.7169,4.507,366.7
1654.4655,4.539,364.5
1584.444,4.553,348.0
1566.4779,4.563,343.3
1545.056,4.555,339.2
1621.5213,4.551,356.3
1638.1375,4.519,362.5
1643.5741,4.529,362.9
1595.011,4.565,349.4
1571.0409,4.563,344.3
1571.5854,4.554,345.1
1600.2441,4.563,350.7
1602.8216,4.538,353.2
1639.5687,4.543,360.9
1638.1251,4.539,360.9
1582.32,4.56,347.0
1570.5846,4.563,344.2
1557.3397,4.571,340.7
1568.5279,4.561,343.9
1659.512,4.528,366.5
1646.9661,4.511,365.1
1624.1884,4.547,357.2
1579.9602,4.569,345.8
1566.3432,4.552,344.1
1582.2988,4.556,347.3
1532.302,4.555,336.4
1628.2112,4.543,358.4
1636.4192,4.528,361.4
1593.54,4.54,351.0
1569.5596,4.564,343.9
1573.3382,4.571,344.2
1588.6413,4.569,347.7
1585.968,4.56,347.8
1596.12,4.528,352.5
1613.4173,4.541,355.3
1572.935,4.55,345.7
1557.1215,4.565,341.1
1579.347,4.558,346.5
1550.8624,4.556,340.4
1568.0817,4.573,342.9
1579.4944,4.544,347.6
1638.955,4.525,362.2
1644.4736,4.544,361.9
1567.6157,4.561,343.7
1572.6498,4.569,344.2
1588.2029,4.573,347.3
1568.9751,4.557,344.3
1621.688,4.54,357.2
1643.664,4.528,363.0
1672.192,4.544,368.0
1615.4565,4.557,354.5
1618.9009,4.559,355.1
1582.19,4.54,348.5
1594.4896,4.544,350.9
1691.4617,4.519,374.3
1674.323,4.513,371.0
1614.2397,4.551,354.7
1587.5514,4.558,348.3
1581.58,4.55,347.6
1613.3754,4.546,354.9
1650.0384,4.512,365.7
1651.8866,4.522,365.3
1649.109,4.543,363.0
1598.1248,4.544,351.7
1587.5685,4.545,349.3
1584.144,4.56,347.4
1637.9238,4.546,360.3
1638.7676,4.517,362.8
1684.254,4.53,371.8
1592.352,4.56,349.2
1583.318,4.555,347.6
1551.0874,4.558,340.3
1614.1908,4.556,354.3
1627.6425,4.525,359.7
1630.0032,4.548,358.4
1587.4175,4.555,348.5
1594.6051,4.573,348.7
1606.7754,4.566,351.9
1563.9462,4.549,343.8
1568.8068,4.542,345.4
1662.548,4.54,366.2
1661.274,4.539,366.0
1591.789,4.561,349.0
1589.533,4.565,348.2
1560.5379,4.551,342.9
1599.4689,4.553,351.3
1614.0675,4.525,356.7
1635.5559,4.547,359.7
1599.948,4.535,352.8
1589.6412,4.564,348.3
1588.1844,4.569,347.6
1555.9867,4.559,341.3
1583.905,4.558,347.5
1628.8945,4.531,359.5
1654.5624,4.548,363.8
1599.507,4.557,351.0
1566.7035,4.561,343.5
1560.317,4.565,341.8
1561.6865,4.565,342.1
1559.7476,4.558,342.2
1617.924,4.532,357.0
1644.102,4.548,361.5
1569.8865,4.557,344.5
1570.2474,4.566,343.9
1595.6165,4.555,350.3
1611.0016,4.556,353.6
1556.5572,4.554,341.8
1622.8849,4.537,357.7
1651.1935,4.535,364.1
1595.1941,4.559,349.9
1543.7808,4.562,338.4
1580.5504,4.576,345.4
1565.3295,4.557,343.5
1602.449,4.555,351.8
1618.5415,4.535,356.9
1647.657,4.539,363.0
1568.2865,4.555,344.3
1571.9154,4.551,345.4
1580.5372,4.547,347.6
1600.8058,4.562,350.9
1656.0423,4.521,366.3
1650.1464,4.516,365.4
1620.3264,4.521,358.4
1570.5151,4.543,345.7
1611.6943,4.567,352.9
1580.1072,4.551,347.2
1637.9441,4.511,363.1
1690.854,4.521,374.0
1629.1744,4.528,359.8
1580.04,4.56,346.5
1608.826,4.555,353.2
1587.1464,4.536,349.9
1589.6204,4.534,350.6
1661.2372,4.529,366.8
1623.57,4.525,358.8
1619.345,4.55,355.9
1612.2666,4.557,353.8
1571.532,4.542,346.0
1610.5989,4.551,353.9
1656.3582,4.533,365.4
1653.5577,4.539,364.3
1605.5344,4.556,352.4
1595.387,4.57,349.1
1580.04,4.56,346.5
1603.9992,4.562,351.6
1562.7777,4.539,344.3
1659.2522,4.531,366.2
1640.766,4.53,362.2
1618.847,4.555,355.4
1598.7692,4.564,350.3
1742.8845,4.445,392.1
1764.7716,4.461,395.6
1839.9948,4.438,414.6
1696.2858,4.509,376.2
1643.924,4.52,363.7
1587.069,4.554,348.5
1570.3653,4.569,343.7
1546.5384,4.554,339.6
1572.1767,4.561,344.7
1629.72,4.527,360.0
1620.6996,4.517,358.8
1626.8848,4.552,357.4
1562.1411,4.569,341.9
1563.282,4.571,342.0
1548.6697,4.567,339.1
1575.7148,4.562,345.4
1629.5342,4.529,359.8
1651.653,4.545,363.4
1599.716,4.555,351.2
1573.7668,4.559,345.2
1587.336,4.56,348.1
1578.7008,4.568,345.6
1568.2436,4.543,345.2
1656.4587,4.537,365.1
1627.2315,4.539,358.5
1583.855,4.55,348.1
1546.8849,4.551,339.9
1574.9478,4.581,343.8
1534.5369,4.563,336.3
1617.1254,4.554,355.1
1609.8264,4.536,354.9
1642.118,4.54,361.7
1588.2936,4.568,347.7
1566.8084,4.556,343.9
1568.0718,4.561,343.8
1589.857,4.562,348.5
1618.3294,4.523,357.8
1636.0512,4.512,362.6
1630.7178,4.526,360.3
1611.6606,4.554,353.9
1614.895,4.549,355.0
1573.0245,4.545,346.1
1612.566,4.545,354.8
1707.7301,4.519,377.9
1646.8243,4.523,364.1
1566.232,4.553,344.0
1603.8562,4.559,351.8
1573.645,4.535,347.0
1627.8756,4.537,358.8
1681.2897,4.533,370.9
1634.2508,4.522,361.4
1572.1509,4.553,345.3
1586.2363,4.549,348.7
1615.3552,4.558,354.4
1570.1694,4.542,345.7
1678.4474,4.529,370.6
1670.4198,4.494,371.7
1634.1465,4.533,360.5
1588.3556,4.559,348.4
1584.0872,4.573,346.4
1555.645,4.55,341.9
1623.8312,4.546,357.2
1644.0122,4.519,363.8
1639.4868,4.539,361.2
1575.8106,4.557,345.8
1585.0324,4.556,347.9
1596.3171,4.557,350.3
1570.095,4.551,345.0
1609.0304,4.544,354.1
1635.9597,4.533,360.9
1644.2999,4.531,362.9
1612.7696,4.561,353.6
1577.2872,4.556,346.2
1546.6065,4.569,338.5
1612.6077,4.567,353.1
1581.3545,4.535,348.7
1671.7704,4.533,368.8
1634.2392,4.532,360.6
1568.742,4.555,344.4
1571.6795,4.549,345.5
1591.1181,4.563,348.7
1548.12,4.56,339.5
1599.6957,4.533,352.9
1681.5708,4.524,371.7
1633.3416,4.527,360.8
1542.5135,4.565,337.9
1543.4082,4.569,337.8
1584.5445,4.573,346.5
1543.3388,4.558,338.6
1630.0995,4.547,358.5
1618.51,4.54,356.5
1623.765,4.542,357.5
1573.7953,4.571,344.3
1564.423,4.561,343.0
1573.688,4.58,343.6
1533.2628,4.566,335.8
1594.775,4.55,350.5
1635.6964,4.526,361.4
1611.6009,4.541,354.9
1571.055,4.575,343.4
1562.0288,4.562,342.4
1584.2923,4.567,346.9
1553.596,4.556,341.0
1611.7,4.54,355.0
1683.3804,4.524,372.1
1640.9184,4.548,360.8
1602.1125,4.545,352.5
1591.517,4.555,349.4
1593.6192,4.548,350.4
1639.0451,4.529,361.9
1637.3164,4.513,362.8
1655.5239,4.527,365.7
1602.5526,4.554,351.9
1597.4644,4.546,351.4
1583.8264,4.546,348.4
1626.723,4.53,359.1
1677.9334,4.513,371.8
1622.8566,4.542,357.3
1620.6432,4.532,357.6
1617.8805,4.551,355.5
1634.6232,4.552,359.1
1655.8896,4.528,365.7
1636.679,4.51,362.9
1627.4678,4.522,359.9
1606.8084,4.548,353.3
1612.9742,4.559,353.8
1596.4086,4.569,349.4
1576.074,4.542,347.0
1630.8,4.53,360.0
1655.9268,4.548,364.1
1592.6715,4.557,349.5
1584.402,4.566,347.0
1592.487,4.563,349.0
1591.896,4.56,349.1
1573.954,4.549,346.0
1651.832,4.538,364.0
1635.1552,4.522,361.6
1594.7382,4.559,349.8
1603.5044,4.558,351.8
1566.8244,4.572,342.7
1583.6154,4.569,346.6
1596.5226,4.533,352.2
1669.5224,4.522,369.2
1663.1208,4.554,365.2
1557.688,4.568,341.0
1600.6572,4.572,350.1
1592.0784,4.554,349.6
1590.8182,4.553,349.4
1607.204,4.535,354.4
1648.3796,4.546,362.6
1596.718,4.54,351.7
1563.3882,4.554,343.3
1575.8255,4.561,345.5
1573.112,4.573,344.0
1559.6334,4.563,341.8
1612.9388,4.532,355.9
1635.7745,4.535,360.7
1639.2488,4.556,359.8
1566.7101,4.569,342.9
1564.3056,4.558,343.2
1575.2586,4.562,345.3
1574.9133,4.561,345.3
1599.3428,4.532,352.9
1659.0928,4.538,365.6
1640.6514,4.546,360.9
1582.4484,4.563,346.8
1557.2368,4.564,341.2
1558.7221,4.559,341.9
1599.648,4.56,350.8
1631.222,4.54,359.3
1632.6934,4.534,360.1
1605.2435,4.541,353.5
1607.6166,4.549,353.4
1622.491,4.555,356.2
1641.24,4.559,360.0
1615.25,4.55,355.0
1659.4032,4.524,366.8
1640.839,4.514,363.5
1636.8252,4.548,359.9
1609.737,4.555,353.4
1571.0778,4.542,345.9
1575.5124,4.543,346.8
1676.1829,4.529,370.1
1690.54,4.525,373.6
1641.2616,4.554,360.4
1602.51,4.55,352.2
1626.492,4.556,357.0
1596.7616,4.544,351.4
1638.7536,4.542,360.8
1665.297,4.513,369.0
1663.1594,4.517,368.2
1578.1473,4.531,348.3
1577.9975,4.541,347.5
1580.932,4.556,347.0
1601.7182,4.562,351.1
1654.2681,4.531,365.1
1640.9444,4.523,362.8
1604.2816,4.568,351.2
1551.312,4.56,340.2
1558.152,4.556,342.0
1589.4008,4.562,348.4
1622.075,4.55,356.5
1603.3758,4.537,353.4
1652.6528,4.544,363.7
1617.836,4.565,354.4
1605.472,4.561,352.0
1545.709,4.565,338.6
1592.0562,4.567,348.6
1633.946,4.54,359.9
1603.5012,4.522,354.6
1642.0152,4.546,361.2
1561.115,4.558,342.5
1578.7419,4.551,346.9
1601.2962,4.566,350.7
1550.0723,4.547,340.9
1635.9597,4.533,360.9
1601.561,4.537,353.0
1603.36,4.555,352.0
1567.272,4.56,343.7
1577.4418,4.567,345.4
1541.1237,4.569,337.3
1573.7787,4.563,344.9
1655.1864,4.536,364.9
1615.2337,4.541,355.7
1594.3554,4.554,350.1
1577.685,4.573,345.0
1544.6778,4.566,338.3
1593.4263,4.567,348.9
1546.0618,4.562,338.9
1633.1868,4.548,359.1
1612.9388,4.532,355.9
1608.7286,4.547,353.8
1580.496,4.56,346.6
1593.8264,4.559,349.6
1568.539,4.573,343.0
1592.8848,4.572,348.4
1615.6156,4.523,357.2
1632.1812,4.549,358.8
1600.2756,4.554,351.4
1580.496,4.56,346.6
1596.6585,4.545,351.3
1625.9965,4.561,356.5
1592.955,4.55,350.1
1664.6322,4.521,368.2
1659.4774,4.507,368.2
1653.014,4.54,364.1
1583.9618,4.549,348.2
1602.465,4.546,352.5
1609.1792,4.556,353.2
1634.414,4.535,360.4
1654.296,4.515,366.4
1645.1046,4.547,361.8
1598.736,4.56,350.6
1592.0746,4.541,350.6
1580.8848,4.548,347.6
1611.3564,4.548,354.3
1652.53,4.525,365.2
1646.9159,4.501,365.9
1602.8718,4.542,352.9
1602.51,4.55,352.2
1600.5948,4.564,350.7
1622.3328,4.552,356.4
1634.884,4.52,361.7
1660.4379,4.533,366.3
1593.6552,4.552,350.1
1564.8763,4.577,341.9
1562.712,4.56,342.7
1574.098,4.556,345.5
1587.5982,4.566,347.7
1618.176,4.515,358.4
1630.4264,4.534,359.6
1615.1996,4.564,353.9
1570.6966,4.562,344.3
1540.824,4.56,337.9
1557.7968,4.571,340.8
1648.1988,4.533,363.6
1645.1919,4.521,363.9
1627.6608,4.544,358.2
1577.4418,4.567,345.4
1571.1426,4.558,344.7
1576.941,4.555,346.2
1574.7016,4.567,344.8
1628.3476,4.532,359.3
1619.592,4.524,358.0
1646.0967,4.551,361.7
1569.5648,4.568,343.6
1586.794,4.565,347.6
1548.576,4.56,339.6
1572.51,4.558,345.0
1662.3832,4.547,365.6
1616.33,4.525,357.2
1588.532,4.57,347.6
1566.5946,4.566,343.1
1554.8484,4.557,341.2
1602.242,4.57,350.6
1604.9325,4.553,352.5
1612.8414,4.533,355.8
1656.58,4.52,366.5
1599.192,4.56,350.7
1581.4416,4.568,346.2
1570.704,4.566,344.0
1536.99,4.55,337.8
1615.8597,4.553,354.9
1621.2306,4.521,358.6
1619.5448,4.534,357.2
1575.1476,4.563,345.2
1576.751,4.565,345.4
1599.5427,4.561,350.7
1561.9938,4.542,343.9
1602.3156,4.534,353.4
1687.6893,4.521,373.3
1660.308,4.524,367.0
1637.5225,4.555,359.5
1621.536,4.56,355.6
1589.8304,4.558,348.8
1611.832,4.52,356.6
1675.1942,4.502,372.1
1646.5588,4.526,363.8
1556.2085,4.565,340.9
1565.2,4.55,344.0
1591.5796,4.537,350.8
1657.425,4.51,367.5
1650.684,4.515,365.6
1590.2862,4.558,348.9
1583.9008,4.541,348.8
1630.9503,4.557,357.9
1628.6882,4.538,358.9
1627.9485,4.541,358.5
1656.3839,4.517,366.7
1642.85,4.532,362.5
1595.7892,4.549,350.8
1572.3991,4.559,344.9
1555.0704,4.563,340.8
1606.3842,4.561,352.2
1624.0455,4.515,359.7
1653.7131,4.527,365.3
1599.6354,4.573,349.8
1595.7558,4.558,350.1
1575.665,4.55,346.3
1649.5245,4.563,361.5
1621.9764,4.551,356.4
1602.5152,4.532,353.6
1623.6003,4.539,357.7
1584.055,4.565,347.0
1572.744,4.56,344.9
1541.918,4.57,337.4
1582.3388,4.564,346.7
1639.5888,4.528,362.1
1651.5495,4.531,364.5
1598.5792,4.544,351.8
1556.7744,4.568,340.8
1591.9704,4.572,348.2
1572.7312,4.556,345.2
1575.665,4.55,346.3
1596.2184,4.536,351.9
1645.7515,4.535,362.9
1567.0404,4.558,343.8
1559.7478,4.562,341.9
1584.5445,4.573,346.5
1578.672,4.56,346.2
1585.4328,4.548,348.6
1650.1968,4.536,363.8
1609.3728,4.536,354.8
1561.5636,4.574,341.4
1540.2497,4.561,337.7
1599.6615,4.577,349.5
1547.8968,4.558,339.6
1620.255,4.55,356.1
1610.4768,4.534,355.2
1631.5594,4.546,358.9
1572.186,4.565,344.4
1548.6923,4.559,339.7
1579.1576,4.568,345.7
1575.9492,4.564,345.3
1644.388,4.54,362.2
1627.9485,4.541,358.5
1625.9965,4.561,356.5
1582.2109,4.561,346.9
1567.9154,4.546,344.9
1596.699,4.549,351.0
1637.6856,4.519,362.4
1660.2964,4.508,368.3
1637.545,4.55,359.9
1603.1113,4.553,352.1
1596.7728,4.557,350.4
1611.61,4.55,354.2
1663.2759,4.521,367.9
1644.2756,4.516,364.1
1576.206,4.545,346.8
1585.9168,4.552,348.4
1588.3285,4.555,348.7
1647.657,4.539,363.0
1706.302,4.526,377.0
1632.0528,4.536,359.8
1608.1125,4.575,351.5
1556.6707,4.553,341.9
1576.4664,4.551,346.4
1665.706,4.508,369.5
1663.2428,4.516,368.3
1593.7488,4.564,349.2
1559.7478,4.562,341.9
1570.231,4.558,344.5
1624.0154,4.558,356.3
1597.172,4.54,351.8
1617.7312,4.534,356.8
1653.0165,4.545,363.7
1597.6124,4.562,350.2
1550.4965,4.567,339.5
1555.5267,4.563,340.9
1616.409,4.57,353.7
1648.7334,4.527,364.2
1630.0668,4.533,359.6
1609.6887,4.551,353.7
1544.7789,4.569,338.1
1593.6415,4.565,349.1
1602.5256,4.563,351.2
1596.2818,4.553,350.6
1645.749,4.53,363.3
1643.664,4.528,363.0
1608.2086,4.561,352.6
1561.2282,4.557,342.6
1571.0409,4.563,344.3
1603.613,4.57,350.9
1601.3056,4.544,352.4
1640.3095,4.535,361.7
1625.7465,4.545,357.7
1572.4098,4.563,344.6
1565.452,4.564,343.0
1555.6454,4.558,341.3
1572.186,4.565,344.4
1615.4565,4.557,354.5
1616.0145,4.533,356.5
1631.4368,4.552,358.4
1591.5744,4.563,348.8
1545.162,4.558,339.0
1528.1487,4.563,334.9
1610.7809,4.567,352.7
1629.2673,4.527,359.9
1615.3294,4.526,356.9
1635.3856,4.544,359.9
1578.7008,4.568,345.6
1571.1426,4.558,344.7
1542.192,4.56,338.2
1593.9077,4.571,348.7
1616.7825,4.525,357.3
1662.6816,4.528,367.2
1657.6428,4.539,365.2
1609.132,4.552,353.5
1567.2408,4.548,344.6
1585.4616,4.552,348.3
1612.3792,4.519,356.8
1664.5976,4.516,368.6
1614.5885,4.529,356.5
1588.704,4.56,348.4
1580.1896,4.546,347.6
1590.7853,4.549,349.7
1620.2133,4.527,357.9
1678.9824,4.528,370.8
1663.0896,4.539,366.4
1594.902,4.54,351.3
1606.203,4.545,353.4
1619.5602,4.566,354.7
1597.1256,4.527,352.8
1659.4372,4.502,368.6
1662.9375,4.525,367.5
1599.9864,4.548,351.8
1588.1928,4.552,348.9
1603.6476,4.561,351.6
1564.7614,4.558,343.3
1628.065,4.535,359.0
1623.099,4.53,358.3
1618.8992,4.568,354.4
1569.5296,4.552,344.8
1572.6207,4.557,345.1
1556.2014,4.569,340.6
1580.874,4.569,346.0
1644.6628,4.532,362.9
1596.266,4.522,353.0
1607.1926,4.562,352.3
1550.9637,4.563,339.9
1562.8252,4.559,342.8
1565.098,4.555,343.6
1596.1059,4.559,350.1
1637.142,4.53,361.4
1588.4418,4.541,349.8
1635.1484,4.556,358.9
1582.9934,4.558,347.3
1582.2109,4.561,346.9
1584.8586,4.566,347.1
1592.2176,4.544,350.4
1649.1092,4.538,363.4
1610.0392,4.543,354.4
1580.0208,4.556,346.8
1568.1952,4.576,342.7
1560.416,4.576,341.0
1572.1767,4.561,344.7
1592.5338,4.554,349.7
1628.3293,4.537,358.9
1614.2268,4.542,355.4
1589.857,4.562,348.5
1589.2272,4.572,347.6
1587.4144,4.576,346.9
1542.69,4.575,337.2
1569.405,4.549,345.0
1659.3795,4.545,365.1
1624.437,4.535,358.2
1561.2303,4.561,342.3
1570.36,4.565,344.0
1595.161,4.555,350.2
1586.6136,4.554,348.4
1589.4008,4.562,348.4
1635.783,4.53,361.1
1658.56,4.544,365.0
1556.8971,4.551,342.1
1570.3148,4.549,345.2
1580.6934,4.554,347.1
1567.0798,4.537,345.4
1659.1784,4.516,367.4
1628.018,4.516,360.5
1610.3936,4.544,354.4
1582.0818,4.558,347.1
1583.1296,4.544,348.4
1601.76,4.544,352.5
1684.9161,4.533,371.7
1670.1266,4.531,368.6
1628.1393,4.539,358.7
1603.9305,4.545,352.9
1619.8127,4.559,355.3
1601.0512,4.564,350.8
1656.6066,4.509,367.4
1678.8085,4.519,371.5
1628.0022,4.526,359.7
1595.4384,4.548,350.8
1630.2,4.56,357.5
1623.1038,4.558,356.1
1629.2819,4.517,360.7
1629.8007,4.531,359.7
1626.625,4.55,357.5
1577.7232,4.552,346.6
1581.1702,4.558,346.9
1605.6864,4.572,351.2
1547.1149,4.549,340.1
1654.6439,4.537,364.7
1618.281,4.533,357.0
1625.91,4.548,357.5
1557.4686,4.558,341.7
1580.403,4.565,346.2
1579.4022,4.574,345.3
1585.8876,4.548,348.7
1630.1604,4.532,359.7
1643.6658,4.533,362.6
1591.3329,4.561,348.9
1588.997,4.553,349.0
1558.2569,4.547,342.7
1600.383,4.566,350.5
1587.638,4.54,349.7
1653.9908,4.529,365.2
1663.2198,4.527,367.4
1568.0775,4.565,343.5
1539.318,4.565,337.2
1587.0675,4.575,346.9
1569.8865,4.557,344.5
1583.1296,4.544,348.4
1639.764,4.536,361.5
1624.9344,4.544,357.6
1572.4181,4.567,344.3
1563.3974,4.562,342.7
1568.0637,4.557,344.1
1580.6625,4.575,345.5
1569.06,4.548,345.0
1615.4301,4.539,355.9
1616.0794,4.537,356.2
1576.3131,4.573,344.7
1566.0216,4.563,343.2
1579.2185,4.555,346.7
1578.4662,4.566,345.7
1580.4798,4.539,348.2
1631.4636,4.547,358.8
1624.5768,4.543,357.6
1569.447,4.565,343.8
1570.1283,4.563,344.1
1565.3394,4.569,342.6
1576.722,4.557,346.0
1635.1488,4.512,362.4
1650.7282,4.493,367.4
1599.3891,4.527,353.3
1588.4418,4.541,349.8
1580.4544,4.552,347.2
1586.1713,4.541,349.3
1650.9635,4.517,365.5
1647.7146,4.518,364.7
1611.9961,4.537,355.3
1589.9456,4.544,349.9
1621.5213,4.551,356.3
1624.9028,4.549,357.2
1672.023,4.53,369.1
1683.7525,4.525,372.1
1640.0332,4.538,361.4
1582.9926,4.541,348.6
1597.579,4.558,350.5
1574.2798,4.546,346.3
1650.0778,4.522,364.9
1633.3368,4.507,362.4
1619.352,4.536,357.0
1566.9342,4.563,343.4
1563.2811,4.559,342.9
1560.7684,4.553,342.8
1596.3864,4.552,350.7
1600.2492,4.532,353.1
1636.4028,4.538,360.6
1622.4315,4.551,356.5
1571.4873,4.559,344.7
1590.5988,4.572,347.9
1540.9686,4.551,338.6
1612.3662,4.547,354.6
1643.031,4.53,362.7
1667.542,4.54,367.3
1573.9878,4.557,345.4
1566.7035,4.561,343.5
1589.0524,4.561,348.4
1591.1676,4.554,349.4
1585.9932,4.534,349.8
1668.6226,4.538,367.7
1614.878,4.54,355.7
1585.5336,4.564,347.4
1560.198,4.57,341.4
1556.2132,4.561,341.2
1562.1411,4.569,341.9
1628.3293,4.537,358.9
1631.3332,4.534,359.8
1619.1464,4.552,355.7
1547.3133,4.563,339.1
1567.621,4.565,343.4
1580.5132,4.564,346.3
1591.4912,4.568,348.4
1603.8295,4.537,353.5
1657.465,4.541,365.0
1641.0329,4.537,361.7
1568.296,4.559,344.0
1538.8814,4.561,337.4
1585.096,4.568,347.0
1573.608,4.548,346.0
1627.826,4.547,358.0
1597.0697,4.541,351.7
1603.7724,4.551,352.4
1576.9851,4.567,345.3
1569.4515,4.569,343.5
1583.6154,4.569,346.6
1562.2524,4.556,342.9
1639.7422,4.546,360.7
1636.5118,4.522,361.9
1650.8294,4.534,364.1
1597.6477,4.553,350.9
1595.685,4.55,350.7
1633.9456,4.559,358.4
1614.3936,4.512,357.8
1646.0418,4.506,365.3
1626.4192,4.538,358.4
1589.35,4.541,350.0
1629.837,4.545,358.6
1618.435,4.55,355.7
1641.4788,4.542,361.4
1656.6025,4.525,366.1
1624.5322,4.534,358.3
1592.487,4.537,351.0
1607.6643,4.553,353.1
1583.6656,4.556,347.6
1603.3648,4.528,354.1
1648.0395,4.509,365.5
1658.1536,4.528,366.2
1564.5224,4.552,343.7
1609.0174,4.562,352.7
1576.768,4.544,347.0
1604.5365,4.539,353.5
1653.1934,4.538,364.3
1620.0444,4.524,358.1
1595.5112,4.556,350.2
1571.5047,4.567,344.1
1605.652,4.568,351.5
1553.5976,4.552,341.3
1629.4518,4.549,358.2
1671.8211,4.527,369.3
1636.1223,4.541,360.3
1576.0602,4.563,345.4
1577.553,4.566,345.5
1574.2524,4.571,344.4
1599.9264,4.566,350.4
1626.5905,4.555,357.1
1618.9502,4.526,357.7
1654.0164,4.549,363.6
1575.21,4.55,346.2
1587.792,4.56,348.2
1593.6415,4.565,349.1
1568.7594,4.563,343.8
1624.3635,4.531,358.5
1647.6556,4.534,363.4
1635.4219,4.529,361.1
1561.5708,4.558,342.6
1563.5118,4.569,342.2
1598.45,4.567,350.0
1616.3679,4.557,354.7
1584.111,4.539,349.0
1642.577,4.535,362.2
1630.578,4.542,359.0
1588.5417,4.553,348.9
1565.673,4.558,343.5
1566.0225,4.575,342.3
1553.5768,4.568,340.1
1609.5872,4.552,353.6
1636.4028,4.538,360.6
1604.6247,4.529,354.3
1582.591,4.57,346.3
1547.0912,4.561,339.2
1566.4779,4.563,343.3
1595.0624,4.573,348.8
1609.4848,4.544,354.2
1626.0984,4.527,359.2
1660.4542,4.538,365.9
1605.3421,4.549,352.9
1564.745,4.55,343.9
1584.6295,4.547,348.5
1595.0876,4.547,350.8
1686.5694,4.518,373.3
1705.8494,4.526,376.9
1617.432,4.56,354.7
1595.997,4.547,351.0
1634.4988,4.558,358.6
1580.2371,4.537,348.3
1675.7715,4.523,370.5
1653.6954,4.522,365.7
1606.3536,4.548,353.2
1579.1181,4.539,347.9
1600.8348,4.553,351.6
1570.4244,4.548,345.3
1642.0152,4.546,361.2
1630.365,4.51,361.5
1657.089,4.535,365.4
1584.978,4.548,348.5
1626.8658,4.566,356.3
1573.2409,4.543,346.3
1616.0794,4.537,356.2
1622.9092,4.532,358.1
1658.2735,4.537,365.5
1608.7286,4.547,353.8
1576.3576,4.552,346.3
1583.2688,4.568,346.6
1573.4436,4.566,344.6
1588.0536,4.536,350.1
1655.8168,4.534,365.2
1652.562,4.545,363.6
1575.3912,4.569,344.8
1570.44,4.552,345.0
1598.2635,4.573,349.5
1552.6872,4.548,341.4
1643.3014,4.537,362.2
1661.115,4.551,365.0
1599.3402,4.541,352.2
1571.7093,4.557,344.9
1597.1539,4.549,351.1
1622.6028,4.563,355.6
1603.576,4.535,353.6
1650.012,4.533,364.0
1662.1952,4.544,365.8
1567.047,4.562,343.5
1582.1904,4.557,347.2
1600.6572,4.572,350.1
1526.7798,4.563,334.6
1656.0132,4.542,364.6
1623.8349,4.527,358.7
1605.4904,4.552,352.7
1554.1501,4.567,340.3
1599.4372,4.562,350.6
1595.3604,4.566,349.4
1533.6476,4.559,336.4
1644.204,4.542,362.0
1644.5712,4.538,362.4
1610.8911,4.539,354.9
1560.6602,4.562,342.1
1567.734,4.564,343.5
1580.528,4.568,346.0
1556.5572,4.554,341.8
1646.4773,4.537,362.9
1642.118,4.54,361.7
1607.2539,4.557,352.7
1550.9718,4.559,340.2
1589.1328,4.556,348.8
1596.1374,4.563,349.8
1583.622,4.535,349.2
1664.5976,4.516,368.6
1690.106,4.519,374.0
1630.7069,4.531,359.9
1600.2756,4.554,351.4
1613.271,4.565,353.4
1616.4688,4.556,354.8
1611.7604,4.516,356.9
1655.0288,4.517,366.4
1632.4148,4.556,358.3
1602.137,4.558,351.5
1578.4785,4.545,347.3
1599.7531,4.559,350.9
1612.4495,4.523,356.5
1680.1325,4.525,371.3
1660.675,4.525,367.0
1592.0784,4.554,349.6
1597.824,4.56,350.4
1577.2224,4.544,347.1
1616.814,4.548,355.5
1711.564,4.516,379.0
1657.5408,4.514,367.2
1630.2345,4.555,357.9
1564.6542,4.567,342.6
1582.6461,4.557,347.3
1574.8024,4.562,345.2
1601.248,4.549,352.0
1603.576,4.535,353.6
1648.2918,4.542,362.9
1562.708,4.556,343.0
1592.4048,4.568,348.6
1565.9104,4.568,342.8
1540.7352,4.553,338.4
1651.0143,4.537,363.9
1649.815,4.525,364.6
1630.0389,4.557,357.7
1560.7704,4.569,341.6
1590.4207,4.561,348.7
1587.069,4.554,348.5
1569.552,4.56,344.2
1630.8627,4.539,359.3
1651.5213,4.521,365.3
1627.1442,4.554,357.3
1554.1631,4.559,340.9
1575.1345,4.559,345.5
1571.8416,4.564,344.4
1554.9628,4.556,341.3
1619.5448,4.534,357.2
1645.4746,4.543,362.2
1578.8912,4.558,346.4
1559.0624,4.564,341.6
1601.262,4.562,351.0
1598.5566,4.566,350.1
1550.8664,4.552,340.7
1646.8375,4.543,362.5
1636.6815,4.535,360.9
1602.5603,4.567,350.9
1543.1696,4.571,337.6
1543.56,4.56,338.5
1590.6351,4.559,348.9
1617.4254,4.551,355.4
1584.0755,4.535,349.3
1643.8464,4.536,362.4
1571.4873,4.559,344.7
1593.2924,4.564,349.1
1560.9985,4.555,342.7
1590.1208,4.568,348.1
1582.4626,4.546,348.1
1658.1318,4.523,366.6
1633.507,4.535,360.2
1583.6408,4.552,347.9
1603.1526,4.557,351.8
1585.512,4.56,347.7
1621.8349,4.529,358.1
1640.6628,4.516,363.3
1648.7416,4.532,363.8
1594.8108,4.554,350.2
1601.0418,4.551,351.8
1612.5714,4.554,354.1
1572.8708,4.538,346.6
1649.0976,4.528,364.2
1660.7604,4.524,367.1
1649.0176,4.544,362.9
1601.6107,4.541,352.7
1613.885,4.55,354.7
1570.9479,4.539,346.1
1639.848,4.54,361.2
1646.3592,4.518,364.4
1647.6502,4.529,363.8
1579.7834,4.537,348.2
1584.5768,4.556,347.8
1577.0964,4.566,345.4
1561.56,4.55,343.2
1633.0185,4.545,359.3
1640.2224,4.526,362.4
1625.715,4.55,357.3
1574.7016,4.567,344.8
1591.8664,4.556,349.4
1599.957,4.57,350.1
1727.475,4.458,387.5
1903.1064,4.381,434.4
1903.0414,4.394,433.1
1835.9325,4.425,414.9
1846.867,4.43,416.9
1827.4504,4.412,414.2
1847.6544,4.416,418.4
1906.605,4.383,435.0
1885.5584,4.384,430.1
1830.294,4.421,414.0
1846.0072,4.429,416.8
1810.3995,4.421,409.5
1822.2456,4.424,411.9
1930.2732,4.383,440.4
1919.747,4.39,437.3
1828.5505,4.435,412.3
1805.2956,4.428,407.7
1803.5244,4.428,407.3
1834.7296,4.436,413.6
1922.8081,4.397,437.3
1934.2404,4.398,439.8
1872.3256,4.441,421.6
1845.9012,4.433,416.4
1854.8652,4.429,418.8
1821.0996,4.418,412.2
1854.1785,4.399,421.5
1891.6744,4.387,431.2
1894.4253,4.419,428.7
1820.4339,4.439,410.1
1849.3905,4.451,415.5
1849.7313,4.439,416.7
1907.3416,4.408,432.7
1925.4423,4.399,437.7
1908.5136,4.424,431.4
1832.0985,4.435,413.1
1842.7144,4.436,415.4
1827.632,4.436,412.0
1897.8222,4.386,432.7
1962.7168,4.384,447.7
1892.478,4.396,430.5
1880.6766,4.422,425.3
1876.3416,4.417,424.8
1905.02,4.42,431.0
1918.4175,4.365,439.5
1920.1728,4.368,439.6
1860.4198,4.418,421.1
1897.0767,4.419,429.3
1865.7018,4.419,422.2
1897.863,4.378,433.5
1961.5778,4.361,449.8
1878.0307,4.391,427.7
1882.3604,4.427,425.2
1846.0035,4.411,418.5
1885.4654,4.394,429.1
1955.178,4.374,447.0
1888.2314,4.378,431.3
1867.8725,4.421,422.5
1845.5166,4.413,418.2
1871.3052,4.401,425.2
1898.705,4.385,433.0
1893.3296,4.399,430.4
1876.0895,4.405,425.9
1819.3324,4.418,411.8
1832.5045,4.421,414.5
1842.1012,4.426,416.2
1865.6316,4.398,424.2
1910.5445,4.385,435.7
1895.3347,4.417,429.1
1840.3308,4.426,415.8
1865.872,4.432,421.0
1835.679,4.418,415.5
1849.3972,4.396,420.7
1897.0198,4.369,434.2
1891.032,4.408,429.0
1832.8066,4.426,414.1
1873.7451,4.437,422.3
1872.5406,4.431,422.6
1866.8052,4.407,423.6
1927.1956,4.402,437.8
1919.6672,4.411,435.2
1843.7927,4.429,416.3
1865.4064,4.433,420.8
1818.4848,4.444,409.2
1889.1368,4.418,427.6
1932.48,4.4,439.2
1886.334,4.395,429.2
1833.6918,4.426,414.3
1823.8932,4.428,411.9
1833.2492,4.426,414.2
1855.1856,4.434,418.4
1925.422,4.406,437.0
1930.2752,4.384,440.3
1838.3298,4.418,416.1
1833.4431,4.419,414.9
1830.9005,4.415,414.7
1859.6196,4.434,419.4
1899.4072,4.408,430.9
1933.7994,4.401,439.4
1863.7728,4.404,423.2
1828.261,4.43,412.7
1841.0528,4.432,415.4
1862.0182,4.426,420.7
1859.5569,4.393,423.3
1888.082,4.396,429.5
1907.798,4.406,433.0
1856.73,4.425,419.6
1870.986,4.42,423.3
2259.6077,4.193,538.9
1843.8664,4.408,418.3
1868.8512,4.416,423.2
1841.472,4.448,414.0
1786.9005,4.455,401.1
1757.052,4.455,394.4
1773.9126,4.437,399.8
1836.4143,4.439,413.7
1853.3286,4.419,419.4
1851.48,4.44,417.0
1760.4124,4.441,396.4
1822.2808,4.462,408.4
1775.08,4.46,398.0
1792.7778,4.453,402.6
1842.3012,4.399,418.8
2298.6635,4.165,551.9
2030.5021,4.301,472.1
2025.948,4.285,472.8
2064.228,4.296,480.5
2140.856,4.28,500.2
2137.1325,4.253,502.5
2092.4365,4.301,486.5
2026.8378,4.329,468.2
2015.6424,4.318,466.8
2013.12,4.32,466.0
2083.5144,4.266,488.4
2076.7489,4.267,486.7
2082.1141,4.301,484.1
2017.4738,4.309,468.2
2008.891,4.31,466.1
2023.8466,4.318,468.7
2068.1511,4.281,483.1
2125.464,4.268,498.0
2049.7162,4.298,476.9
2003.023,4.315,464.2
2019.5644,4.319,467.6
2044.7933,4.313,474.1
2088.826,4.276,488.5
2084.3055,4.265,488.7
2048.454,4.308,475.5
2043.925,4.303,475.0
2039.7416,4.316,472.6
2038.6874,4.322,471.7
2071.7788,4.277,484.4
2102.5247,4.283,490.9
2026.0772,4.298,471.4
2013.8456,4.316,466.6
1961.82,4.325,453.6
2060.075,4.337,475.0
2065.6372,4.307,479.6
2065.5825,4.281,482.5
2019.509,4.295,470.2
2021.042,4.337,466.0
2021.643,4.329,467.0
2024.0246,4.349,465.4
2033.9102,4.333,469.4
2056.8755,4.295,478.9
2038.7,4.292,475.0
2017.2474,4.327,466.2
1818.8268,4.434,410.2
1741.6833,4.467,389.9
1762.3086,4.474,393.9
1787.2188,4.426,403.8
1872.457,4.435,422.2
1741.6833,4.467,389.9
1725.9456,4.476,385.6
1761.306,4.476,393.5
1773.6768,4.452,398.4
1826.1676,4.426,412.6
1832.974,4.42,414.7
1798.9485,4.465,402.9
1761.5976,4.462,394.8
1763.0411,4.451,396.1
1801.2668,4.463,403.6
1846.9952,4.406,419.2
1882.4784,4.444,423.6
1777.775,4.45,399.5
1781.2,4.453,400.0
1800.288,4.465,403.2
1773.6906,4.442,399.3
1895.296,4.42,428.8
1851.8625,4.425,418.5
1832.1327,4.461,410.7
1794.9744,4.464,402.1
1796.171,4.457,403.0
1791.0144,4.442,403.2
1844.466,4.42,417.3
1814.4945,4.431,409.5
1752.387,4.459,393.0
1741.6763,4.451,391.3
1759.1574,4.466,393.9
1772.7393,4.453,398.1
1805.2956,4.428,407.7
1843.2815,4.447,414.5
1760.64,4.48,393.0
1765.4404,4.474,394.6
1740.5685,4.455,390.7
1798.7664,4.479,401.6
1801.965,4.422,407.5
1803.8358,4.419,408.2
1760.42,4.45,395.6
1744.6976,4.469,390.4
1773.4748,4.483,395.6
1737.7843,4.457,389.9
1810.9964,4.454,406.6
1801.1648,4.432,406.4
1791.24,4.425,404.8
1757.4768,4.464,393.7
1746.9321,4.469,390.9
1730.035,4.475,386.6
1757.157,4.47,393.1
1848.372,4.44,416.3
1848.0376,4.436,416.6
1794.5676,4.473,401.2
1742.9544,4.476,389.4
1759.7609,4.463,394.3
1770.1008,4.479,395.2
1754.0367,4.453,393.9
1807.59,4.45,406.2
1782.9328,4.444,401.2
1752.9102,4.482,391.1
1737.7605,4.473,388.5
1823.9525,4.465,408.5
1694.1257,4.483,377.9
1747.297,4.486,389.5
1777.9059,4.437,400.7
1765.0143,4.447,396.9
1976.4222,4.362,453.1
2048.1306,4.283,478.2
2000.4978,4.317,463.4
2023.488,4.32,468.4
1832.896,4.406,416.0
1851.645,4.45,416.1
1771.3325,4.445,398.5
1755.8701,4.469,392.9
1787.315,4.475,399.4
1769.2725,4.451,397.5
1854.5616,4.441,417.6
1888.2955,4.415,427.7
1834.7296,4.436,413.6
1747.8198,4.461,391.8
1810.542,4.476,404.5
1782.5392,4.472,398.6
1844.3142,4.426,416.7
1855.9134,4.422,419.7
1789.0281,4.447,402.3
1742.1003,4.443,392.1
1789.352,4.46,401.2
1780.9347,4.449,400.3
1849.3043,4.421,418.3
1831.2336,4.419,414.4
1793.4354,4.437,404.2
1808.73,4.455,406.0
1776.8163,4.461,398.3
1758.681,4.458,394.5
1816.1468,4.421,410.8
1852.8774,4.398,421.3
1848.8979,4.437,416.7
1756.045,4.474,392.5
1710.222,4.47,382.6
1742.5772,4.459,390.8
1823.27,4.447,410.0
1809.4493,4.423,409.1
1823.5392,4.452,409.6
1767.1775,4.475,394.9
1779.4456,4.462,398.8
1763.7568,4.472,394.4
1754.352,4.464,393.0
1833.4656,4.448,412.2
1834.6604,4.423,414.8
1819.5264,4.464,407.6
1752.7964,4.468,392.3
1744.355,4.475,389.8
1763.7568,4.472,394.4
1770.7661,4.457,397.3
1814.5944,4.428,409.8
1832.7375,4.443,412.5
1763.2285,4.465,394.9
1735.2144,4.463,388.8
1809.733,4.474,404.5
1738.2664,4.472,388.7
1779.778,4.445,400.4
1834.7296,4.436,413.6
1817.1568,4.456,407.8
1785.8124,4.469,399.6
1735.7238,4.454,389.7
1745.8688,4.472,390.4
1788.416,4.48,399.2
1804.9575,4.425,407.9
1841.7411,4.439,414.9
1758.195,4.45,395.1
1775.9241,4.461,398.1
1749.4099,4.439,394.1
1784.4,4.461,400.0
1682.688,4.48,375.6
1655.5396,4.532,365.3
1634.43,4.525,361.2
1589.857,4.562,348.5
1563.969,4.565,342.6
1570.0248,4.572,343.4
1553.255,4.555,341.0
1610.5989,4.551,353.9
1628.9163,4.521,360.3
1621.1664,4.536,357.4
1601.6418,4.554,351.7
1589.4144,4.536,350.4
1596.177,4.554,350.5
1612.41,4.542,355.0
1681.1648,4.529,371.2
1708.8638,4.522,377.9
1626.9682,4.537,358.6
1593.4369,4.541,350.9
1572.3526,4.547,345.8
1572.1344,4.549,345.6
1695.3056,4.504,376.4
1643.9115,4.515,364.1
1604.8395,4.545,353.1
1601.145,4.55,351.9
1637.9049,4.551,359.9
1589.454,4.54,350.1
1640.548,4.507,364.0
1631.711,4.505,362.2
1617.602,4.54,356.3
1603.679,4.543,353.0
1603.9774,4.549,352.6
1586.585,4.55,348.7
1598.2841,4.529,352.9
1648.02,4.54,363.0
1634.2116,4.542,359.8
1566.5908,4.562,343.4
1576.9581,4.559,345.9
1593.3996,4.563,349.2
1592.8962,4.533,351.4
1680.3004,4.534,370.6
1629.5514,4.519,360.6
1628.2504,4.552,357.7
1564.1929,4.559,343.1
1583.5575,4.557,347.5
1591.5744,4.563,348.8
1593.4369,4.541,350.9
1666.3536,4.538,367.2
1645.296,4.53,363.2
1572.6207,4.557,345.1
1590.1416,4.572,347.8
1583.6154,4.569,346.6
1546.3144,4.552,339.7
1650.4653,4.533,364.1
1648.014,4.53,363.8
1624.4118,4.554,356.7
1545.435,4.575,337.8
1576.722,4.557,346.0
1602.2094,4.566,350.9
1566.0225,4.575,342.3
1621.4541,4.533,357.7
1655.6274,4.531,365.4
1633.2576,4.552,358.8
1565.1109,4.567,342.7
1571.3852,4.564,344.3
1570.2474,4.566,343.9
1589.857,4.562,348.5
1615.7546,4.531,356.6
1681.8659,4.537,370.7
1622.4674,4.546,356.9
1572.0542,4.558,344.9
1576.3576,4.552,346.3
1602.4338,4.581,349.8
1530.1258,4.573,334.6
1608.282,4.524,355.5
1674.352,4.54,368.8
1583.6408,4.552,347.9
1537.9485,4.565,336.9
1594.7136,4.572,348.8
1589.0368,4.544,349.7
1624.3024,4.522,359.2
1705.3968,4.526,376.8
1648.467,4.53,363.9
1587.8124,4.547,349.2
1604.1292,4.534,353.8
1622.075,4.55,356.5
1621.3967,4.543,356.9
1670.14,4.52,369.5
1704.7156,4.529,376.4
1606.8591,4.543,353.7
1626.053,4.565,356.2
1584.5768,4.556,347.8
1627.7292,4.548,357.9
1725.284,4.52,381.7
1688.4616,4.534,372.4
1563.9462,4.549,343.8
1576.6352,4.541,347.2
1589.454,4.54,350.1
1590.732,4.532,351.0
1648.9642,4.514,365.3
1649.815,4.525,364.6
1623.993,4.549,357.0
1573.407,4.554,345.5
1579.347,4.558,346.5
1598.7692,4.564,350.3
1606.02,4.524,355.0
1662.7044,4.533,366.8
1590.362,4.54,350.3
1576.2945,4.565,345.3
1601.472,4.56,351.2
1604.2275,4.551,352.5
1607.1508,4.558,352.6
1638.8646,4.526,362.1
1639.0451,4.529,361.9
1612.116,4.554,354.0
1585.6425,4.563,347.5
1567.475,4.55,344.5
1578.244,4.568,345.5
1570.7319,4.541,345.9
1647.3499,4.517,364.7
1653.0964,4.534,364.6
1572.6328,4.561,344.8
1562.9412,4.562,342.6
1568.742,4.555,344.4
1595.279,4.571,349.0
1604.4271,4.531,354.1
1637.124,4.54,360.6
1577.115,4.545,347.0
1579.2805,4.571,345.5
1564.6425,4.555,343.5
1572.186,4.565,344.4
1547.0,4.55,340.0
1652.8291,4.537,364.3
1621.854,4.524,358.5
1606.9098,4.547,353.4
1565.1104,4.571,342.4
1590.817,4.57,348.1
1560.43,4.556,342.5
1588.1145,4.557,348.5
1628.7069,4.533,359.3
1629.974,4.553,358.0
1568.8718,4.562,343.9
1587.525,4.575,347.0
1570.2404,4.562,344.2
1567.0524,4.574,342.6
1570.6966,4.562,344.3
1658.9906,4.534,365.9
1675.194,4.53,369.8
1605.5928,4.551,352.8
1613.5794,4.562,353.7
1611.762,4.553,354.0
1605.1428,4.542,353.4
1669.1136,4.516,369.6
1686.8994,4.502,374.7
1589.868,4.536,350.5
1634.1402,4.557,358.6
1595.5112,4.556,350.2
1612.9742,4.559,353.8
1649.1054,4.533,363.8
1700.4054,4.502,377.7
1638.1694,4.553,359.8
1589.3746,4.558,348.7
1581.0612,4.559,346.8
1614.1908,4.556,354.3
1617.6875,4.525,357.5
1675.112,4.52,370.6
1627.347,4.533,359.0
1597.1539,4.549,351.1
1612.7736,4.552,354.3
1596.5703,4.537,351.9
1604.9754,4.557,352.2
1627.5352,4.531,359.2
1657.248,4.528,366.0
1643.6472,4.548,361.4
1601.964,4.564,351.0
1564.54,4.568,342.5
1552.2292,4.556,340.7
1613.8365,4.555,354.3
1690.3557,4.533,372.9
1603.0224,4.536,353.4
1580.6518,4.571,345.8
1568.0718,4.561,343.8
1597.1325,4.575,349.1
1575.7933,4.553,346.1
1602.6147,4.531,353.7
1622.4768,4.527,358.4
1597.4296,4.568,349.7
1602.5928,4.558,351.6
1578.672,4.56,346.2
1576.545,4.575,344.6
1596.6236,4.532,352.3
1678.4868,4.534,370.2
1605.9982,4.538,353.9
1586.5758,4.567,347.4
1550.5159,4.559,340.1
1601.328,4.57,350.4
1574.098,4.556,345.5
1631.7263,4.549,358.7
1618.3479,4.537,356.7
1622.985,4.55,356.7
1595.6811,4.563,349.7
1555.301,4.561,341.0
1571.283,4.581,343.0
1539.4372,4.564,337.3
1629.7848,4.536,359.3
1605.2904,4.536,353.9
1602.3452,4.556,351.7
1579.0569,4.573,345.3
1583.014,4.562,347.0
1551.312,4.56,340.2
1594.3122,4.563,349.4
1619.3794,4.531,357.4
1621.0964,4.532,357.7
1582.945,4.55,347.9
1591.948,4.568,348.5
1548.2445,4.555,339.9
1581.493,4.538,348.5
1665.568,4.526,368.0
1689.358,4.517,374.0
1653.868,4.52,365.9
1609.9716,4.566,352.6
1602.1578,4.549,352.2
1596.5618,4.559,350.2
1578.6925,4.543,347.5
1664.04,4.528,367.5
1675.3192,4.523,370.4
1602.304,4.552,352.0
1606.2519,4.549,353.1
1599.156,4.556,351.0
1580.5097,4.543,347.9
1627.826,4.547,358.0
1653.2514,4.506,366.9
1687.9044,4.524,373.1
1613.1232,4.562,353.6
1602.7592,4.552,352.1
1615.5576,4.556,354.6
1605.1906,4.537,353.8
1665.543,4.51,369.3
1689.1568,4.531,372.8
1589.8755,4.549,349.5
1580.8233,4.557,346.9
1588.1402,4.561,348.2
1585.8999,4.569,347.1
1602.7715,4.565,351.1
1629.0924,4.524,360.1
1637.7776,4.528,361.7
1613.6025,4.575,352.7
1573.099,4.565,344.6
1558.152,4.56,341.7
1605.3005,4.567,351.5
1602.062,4.532,353.5
1647.8384,4.537,363.2
1604.682,4.533,354.0
1575.7148,4.562,345.4
1568.296,4.559,344.0
1568.0718,4.561,343.8
1564.3116,4.566,342.6
1623.3386,4.537,357.8
1656.6025,4.525,366.1
1646.931,4.537,363.0
1596.7302,4.566,349.7
1561.2282,4.557,342.6
1583.865,4.575,346.2
1570.1196,4.559,344.4
1635.6682,4.541,360.2
1616.3379,4.539,356.1
1577.5932,4.549,346.8
1570.2474,4.566,343.9
1557.9244,4.558,341.8
1567.0494,4.578,342.3
1534.6568,4.562,336.4
1645.3875,4.539,362.5
1625.439,4.534,358.5
1606.488,4.56,352.3
1570.36,4.565,344.0
1576.392,4.56,345.7
1557.8073,4.551,342.3
1605.3678,4.562,351.9
1658.016,4.545,364.8
1612.0647,4.527,356.1
1636.3886,4.543,360.2
1596.983,4.555,350.6
1593.4768,4.558,349.6
1539.2188,4.562,337.4
1629.9328,4.544,358.7
1666.105,4.525,368.2
1648.5756,4.508,365.7
1582.2208,4.544,348.2
1590.044,4.556,349.0
1620.9424,4.543,356.8
1637.6576,4.544,360.4
1665.9885,4.521,368.5
1637.2179,4.509,363.1
1636.0284,4.542,360.2
1611.054,4.551,354.0
1593.55,4.553,350.0
1635.9332,4.562,358.6
1643.48,4.525,363.2
1655.1821,4.499,367.9
1673.7514,4.531,369.4
1620.5692,4.556,355.7
1619.4816,4.544,356.4
1580.3424,4.536,348.4
1606.8275,4.525,355.1
1691.8188,4.526,373.8
1637.4159,4.527,361.7
1605.472,4.561,352.0
1566.4415,4.547,344.5
1577.6334,4.557,346.2
1584.2525,4.559,347.5
1590.0117,4.539,350.3
1648.6521,4.533,363.7
1603.3221,4.533,353.7
1613.6025,4.575,352.7
1567.8401,4.559,343.9
1545.18,4.55,339.6
1572.935,4.55,345.7
1670.8059,4.539,368.1
1625.364,4.53,358.8
1610.4468,4.548,354.1
1578.4662,4.566,345.7
1567.5979,4.553,344.3
1585.3803,4.557,347.9
1585.0842,4.547,348.6
1657.1,4.54,365.0
1616.1628,4.522,357.4
1599.7878,4.563,350.6
1568.534,4.565,343.6
1568.0775,4.565,343.5
1573.0764,4.557,345.2
1622.6283,4.549,356.7
1632.2516,4.529,360.4
1611.1468,4.541,354.8
1611.4013,4.561,353.3
1587.4677,4.563,347.9
1576.2004,4.574,344.6
1542.5445,4.557,338.5
1621.3806,4.557,355.8
1650.9088,4.528,364.6
1621.382,4.529,358.0
1613.9878,4.558,354.1
1574.365,4.57,344.5
1604.141,4.565,351.4
1580.0208,4.556,346.8
1601.4075,4.543,352.5
1620.9072,4.548,356.4
1631.0784,4.551,358.4
1594.6,4.556,350.0
1575.936,4.56,345.6
1566.0225,4.575,342.3
1562.7096,4.572,341.8
1611.0887,4.537,355.1
1692.8946,4.518,374.7
1665.568,4.526,368.0
1580.585,4.555,347.0
1590.1505,4.555,349.1
1605.285,4.554,352.5
1615.9472,4.529,356.8
1655.199,4.515,366.6
1632.8034,4.513,361.8
1585.9936,4.547,348.8
1575.3232,4.532,347.6
1579.3598,4.541,347.8
1604.9365,4.535,353.9
1655.4678,4.501,367.8
1645.6128,4.511,364.8
1600.9532,4.543,352.4
1568.37,4.546,345.0
1582.2752,4.552,347.6
1649.375,4.55,362.5
1692.9024,4.512,375.2
1700.6395,4.529,375.5
1616.4665,4.565,354.1
1596.8416,4.552,350.8
1587.495,4.55,348.9
1596.2818,4.553,350.6
1613.586,4.53,356.2
1660.8912,4.533,366.4
1620.065,4.57,354.5
1562.9382,4.558,342.9
1579.5033,4.569,345.7
1583.6299,4.573,346.3
1630.9572,4.538,359.4
1632.8889,4.527,360.7
1621.4274,4.538,357.3
1561.8008,4.564,342.2
1592.836,4.564,349.0
1575.2586,4.562,345.3
1558.8234,4.546,342.9
1628.082,4.53,359.4
1629.1602,4.533,359.4
1616.4688,4.556,354.8
1564.423,4.561,343.0
1573.9134,4.574,344.1
1577.7972,4.572,345.1
1597.0098,4.546,351.3
1669.2725,4.525,368.9
1655.9235,4.543,364.5
1570.3422,4.557,344.6
1563.737,4.559,343.0
1561.344,4.56,342.4
1615.1996,4.564,353.9
1585.5398,4.534,349.7
1642.118,4.54,361.7
1615.4044,4.553,354.8
1573.3382,4.571,344.2
1569.328,4.562,344.0
1598.1556,4.574,349.4
1578.654,4.556,346.5
1599.2828,4.546,351.8
1655.0976,4.537,364.8
1605.0906,4.538,353.7
1571.2841,4.577,343.3
1566.1346,4.562,343.3
1572.8748,4.567,344.4
1585.5528,4.568,347.1
1587.3577,4.547,349.1
1636.7634,4.539,360.6
1599.7462,4.537,352.6
1586.4464,4.564,347.6
1561.0964,4.546,343.4
1577.414,4.559,346.0
1616.9244,4.556,354.9
1677.4268,4.508,372.1
1653.0836,4.508,366.7
1632.0528,4.536,359.8
1604.5598,4.561,351.8
1599.0336,4.544,351.9
1628.542,4.549,358.0
1647.8352,4.532,363.6
1641.566,4.516,363.5
1656.37,4.538,365.0
1620.3904,4.544,356.6
1602.9196,4.546,352.6
1597.7731,4.543,351.7
1629.8044,4.564,357.1
1682.4756,4.524,371.9
1672.9691,4.513,370.7
1627.34,4.552,357.5
1603.4634,4.554,352.1
1602.6969,4.557,351.7
1594.506,4.535,351.6
1651.9734,4.521,365.4
1650.3804,4.539,363.6
1606.9012,4.556,352.7
1592.2451,4.561,349.1
1583.4258,4.554,347.7
1595.817,4.566,349.5
1574.2572,4.542,346.6
1653.9744,4.524,365.6
1631.8109,4.519,361.1
1637.922,4.565,358.8
1546.8264,4.571,338.4
1552.7954,4.559,340.6
1608.4575,4.563,352.5
1592.838,4.538,351.0
1681.8659,4.537,370.7
1620.423,4.539,357.0
1579.836,4.566,346.0
1570.4724,4.564,344.1
1583.708,4.564,347.0
1562.5953,4.557,342.9
1614.9135,4.535,356.1
1658.6928,4.527,366.4
1615.5612,4.533,356.4
1554.8484,4.557,341.2
1549.1385,4.563,339.5
1578.9448,4.574,345.2
1566.3528,4.556,343.8
1609.509,4.53,355.3
1617.9214,4.546,355.9
1629.8766,4.554,357.9
1590.2862,4.558,348.9
1558.2662,4.559,341.8
1579.9715,4.573,345.5
1591.8344,4.552,349.7
1623.9288,4.526,358.8
1669.6392,4.542,367.6
1621.0248,4.556,355.8
1576.4056,4.564,345.4
1561.7968,4.556,342.8
1570.92,4.56,344.5
1597.05,4.563,350.0
1624.6272,4.533,358.4
1602.8688,4.533,353.6
1616.315,4.553,355.0
1594.6,4.556,350.0
1586.9028,4.564,347.7
1554.1631,4.559,340.9
1603.17,4.548,352.5
1658.6424,4.517,367.2
1695.2978,4.522,374.9
1605.798,4.54,353.7
1598.4906,4.558,350.7
1584.633,4.534,349.5
1636.7481,4.563,358.7
1637.0542,4.526,361.7
1642.091,4.51,364.1
1669.5888,4.532,368.4
1612.3184,4.552,354.2
1624.1148,4.557,356.4
1597.824,4.56,350.4
1603.1113,4.553,352.1
1642.116,4.52,363.3
1668.0456,4.518,369.2
1632.584,4.54,359.6
1593.0504,4.562,349.2
1570.2975,4.545,345.5
1591.9725,4.555,349.5
1615.425,4.525,357.0
1661.4675,4.521,367.5
1596.0588,4.542,351.4
1597.7183,4.561,350.3
1594.7382,4.559,349.8
1568.6308,4.556,344.3
1580.6387,4.567,346.1
1639.848,4.54,361.2
1612.5829,4.531,355.9
1623.6984,4.552,356.7
1571.9614,4.567,344.2
1575.8106,4.557,345.8
1562.0286,4.566,342.1
1608.3705,4.555,353.1
1625.844,4.52,359.7
1646.931,4.537,363.0
1613.2796,4.556,354.1
1587.161,4.57,347.3
1571.4873,4.559,344.7
1592.796,4.577,348.0
1598.2448,4.556,350.8
1637.7776,4.528,361.7
1620.7387,4.531,357.7
1608.6647,4.561,352.7
1580.4171,4.569,345.9
1585.584,4.576,346.5
1562.3583,4.551,343.3
1605.091,4.547,353.0
1643.633,4.553,361.0
1595.8665,4.535,351.9
1615.2537,4.559,354.3
1597.8864,4.568,349.8
1577.664,4.565,345.6
1560.757,4.577,341.0
1568.9751,4.557,344.3
1646.8402,4.538,362.9
1650.561,4.547,363.0
1573.0615,4.553,345.5
1578.0096,4.566,345.6
1567.8511,4.567,343.3
1579.0464,4.569,345.6
1571.3152,4.544,345.8
1639.2181,4.537,361.3
1655.3811,4.549,363.9
1599.325,4.55,351.5
1566.2474,4.561,343.4
1573.1067,4.569,344.3
1559.5188,4.556,342.3
1647.0003,4.521,364.3
1678.7792,4.508,372.4
1659.4032,4.524,366.8
1582.2492,4.548,347.9
1603.8155,4.555,352.1
1589.908,4.54,350.2
1603.8288,4.546,352.8
1710.528,4.53,377.6
1657.7088,4.512,367.4
1590.1152,4.538,350.4
1585.5389,4.547,348.7
1578.7992,4.542,347.6
1629.4212,4.554,357.8
1648.9831,4.519,364.9
1657.5692,4.519,366.8
1657.8384,4.552,364.2
1615.9623,4.561,354.3
1611.6516,4.563,353.2
1635.27,4.55,359.4
1645.3679,4.519,364.1
1642.732,4.513,364.0
1616.5644,4.532,356.7
1591.6951,4.549,349.9
1564.986,4.556,343.5
1597.6982,4.574,349.3
1583.9008,4.541,348.8
1627.9883,4.531,359.3
1631.5594,4.546,358.9
1582.32,4.56,347.0
1546.296,4.56,339.1
1592.448,4.576,348.0
1558.7221,4.559,341.9
1609.12,4.52,356.0
1638.94,4.54,361.0
1592.3949,4.551,349.9
1551.0702,4.566,339.7
1568.196,4.572,343.0
1555.3041,4.557,341.3
1614.0894,4.557,354.2
1620.1184,4.528,357.8
1656.182,4.535,365.2
1581.7725,4.565,346.5
1562.9382,4.558,342.9
1587.336,4.56,348.1
1577.3965,4.555,346.3
1640.0394,4.533,361.8
1635.691,4.531,361.0
1612.416,4.56,353.6
1570.1391,4.579,342.9
1551.312,4.56,340.2
1596.0592,4.568,349.4
1547.0912,4.561,339.2
1619.1252,4.543,356.4
1619.6409,4.533,357.3
1602.567,4.545,352.6
1580.205,4.575,345.4
1584.1824,4.568,346.8
1564.4233,4.573,342.1
1603.5044,4.558,351.8
1654.101,4.538,364.5
1599.2925,4.537,352.5
1587.8556,4.572,347.3
1570.4724,4.564,344.1
1561.0023,4.563,342.1
1593.1272,4.557,349.6
1625.778,4.554,357.0
1634.7936,4.521,361.6
1627.3026,4.543,358.2
1634.8872,4.568,357.9
1592.6049,4.549,350.1
1581.7122,4.553,347.4
1634.9823,4.553,359.1
1697.7883,4.519,375.7
1690.8345,4.527,373.5
1628.0352,4.568,356.4
1601.8896,4.556,351.6
1636.156,4.555,359.2
1577.7564,4.539,347.6
1663.5337,4.507,369.1
1665.8696,4.517,368.8
1605.6288,4.528,354.6
1600.3382,4.549,351.8
1604.9325,4.553,352.5
1573.6713,4.539,346.7
1648.9831,4.519,364.9
1667.9373,4.497,370.9
1611.739,4.535,355.4
1598.988,4.54,352.2
1585.4328,4.548,348.6
1584.8716,4.549,348.4
1684.936,4.51,373.6
1654.744,4.546,364.0
1581.7347,4.557,347.1
1583.8173,4.563,347.1
1590.1505,4.555,349.1
1589.16,4.56,348.5
1575.0581,4.543,346.7
1670.352,4.539,368.0
1635.2436,4.516,362.1
1606.4456,4.556,352.6
1577.7748,4.564,345.7
1554.1501,4.567,340.3
1586.2632,4.574,346.8
1647.6544,4.544,362.6
1645.928,4.528,363.5
1654.4682,4.554,363.3
1556.7804,4.564,341.1
1593.3336,4.542,350.8
1597.4736,4.559,350.4
1608.706,4.565,352.4
1614.3953,4.531,356.3
1640.756,4.54,361.4
1601.258,4.54,352.7
1564.4181,4.557,343.3
1569.566,4.58,342.7
1548.8084,4.558,339.8
1611.0474,4.542,354.7
1665.6192,4.536,367.2
1614.2013,4.533,356.1
1585.99,4.564,347.5
1563.3974,4.562,342.7
1608.5349,4.571,351.9
1579.735,4.546,347.5
1630.578,4.542,359.0
1607.8296,4.524,355.4
1656.7424,4.544,364.6
1598.454,4.554,351.0
1581.8824,4.564,346.6
1552.3395,4.559,340.5
1596.6232,4.567,349.6
1586.031,4.538,349.5
1645.1162,4.537,362.6
1647.9171,4.551,362.1
1578.3417,4.563,345.9
1605.3678,4.562,351.9
1562.0266,4.558,342.7
1584.6208,4.564,347.2
1613.7108,4.524,356.7
1659.6591,4.521,367.1
1670.9352,4.548,367.4
1588.299,4.551,349.0
1576.6398,4.566,345.3
1572.7544,4.564,344.6
1651.0692,4.521,365.2
1678.1589,4.527,370.7
1638.8568,4.536,361.3
1553.2513,4.559,340.7
1632.3819,4.561,357.9
1581.7721,4.531,349.1
1605.9834,4.529,354.6
1680.2688,4.512,372.4
1654.686,4.521,366.0
1611.8564,4.543,354.8
1610.2935,4.545,354.3
1601.4969,4.551,351.9
1606.6058,4.541,353.8
1647.5235,4.515,364.9
1705.0187,4.519,377.3
1606.5916,4.559,352.4
1579.9304,4.561,346.4
1554.9612,4.548,341.9
1612.9608,4.568,353.1
1628.5185,4.535,359.1
1608.408,4.518,356.0
1573.1328,4.544,346.2
1587.1416,4.566,347.6
1564.5224,4.552,343.7
1556.3176,4.568,340.7
1613.5794,4.562,353.7
1674.2376,4.536,369.1
1650.6433,4.531,364.3
1589.7727,4.567,348.1
1575.0464,4.568,344.8
1574.5896,4.568,344.7
1584.4689,4.557,347.7
1655.1582,4.526,365.7
1649.382,4.54,363.3
1587.7785,4.543,349.5
1584.144,4.56,347.4
1611.6065,4.559,353.5
1576.941,4.555,346.2
1582.4802,4.571,346.2
1619.7747,4.541,356.7
1646.1144,4.536,362.9
1580.04,4.56,346.5
1560.6488,4.574,341.2
1557.24,4.56,341.5
1571.6264,4.574,343.6
1571.4432,4.547,345.6
1648.474,4.54,363.1
1656.6355,4.535,365.3
1557.5815,4.561,341.5
1583.4888,4.566,346.8
1569.447,4.565,343.8
1551.3036,4.564,339.9
1597.6088,4.549,351.2
1648.5632,4.544,362.8
1634.3059,4.541,359.9
1553.8172,4.562,340.6
1568.7645,4.567,343.5
1576.5379,4.571,344.9
1577.2464,4.548,346.8
1635.6294,4.551,359.4
1652.0775,4.525,365.1
1628.2504,4.552,357.7
1597.3336,4.556,350.6
1619.758,4.555,355.6
1579.9752,4.548,347.4
1592.8141,4.547,350.3
1664.146,4.516,368.5
1685.4824,4.526,372.4
1615.528,4.538,356.0
1610.0392,4.543,354.4
1631.5335,4.551,358.5
1592.3964,4.529,351.6
1639.407,4.53,361.9
1655.418,4.523,366.0
1615.6863,4.527,356.9
1607.4656,4.546,353.6
1641.7341,4.549,360.9
1617.735,4.557,355.0
1655.8336,4.544,364.4
1663.0012,4.508,368.9
1635.2375,4.511,362.5
1595.088,4.56,349.8
1606.2392,4.558,352.4
1598.87,4.55,351.4
1615.7232,4.536,356.2
1683.9632,4.528,371.9
1634.9823,4.553,359.1
1591.9232,4.564,348.8
1567.4868,4.554,344.2
1575.119,4.555,345.8
1616.6214,4.559,354.6
1635.788,4.52,361.9
1654.18,4.532,365.0
1613.8714,4.541,355.4
1584.1644,4.564,347.1
1577.3184,4.564,345.6
1590.5988,4.572,347.9
1558.2624,4.551,342.4
1610.928,4.52,356.4
1656.4293,4.527,365.9
1603.5666,4.553,352.2
1583.4888,4.566,346.8
1569.1697,4.547,345.1
1589.8125,4.575,347.5
1594.6,4.556,350.0
1625.9428,4.514,360.2
1672.8768,4.536,368.8
1589.616,4.56,348.6
1584.8388,4.562,347.4
1548.82,4.55,340.4
1586.2632,4.574,346.8
1605.4443,4.539,353.7
1643.2059,4.523,363.3
1644.9352,4.534,362.8
1581.677,4.57,346.1
1584.3826,4.562,347.3
1548.1352,4.552,340.1
1607.9724,4.572,351.7
1603.8288,4.546,352.8
1630.2384,4.536,359.4
1646.0236,4.537,362.8
1574.8024,4.562,345.2
1586.831,4.573,347.0
1560.0872,4.567,341.6
1578.1496,4.577,344.8
1601.3592,4.539,352.8
1620.2133,4.527,357.9
1631.175,4.55,358.5
1563.5032,4.577,341.6
1567.728,4.56,343.8
1609.5769,4.561,352.9
1633.2576,4.552,358.8
1672.357,4.526,369.5
1667.3005,4.505,370.1
1613.475,4.545,355.0
1600.5526,4.538,352.7
1587.4438,4.559,348.2
1595.23,4.55,350.6
1710.1463,4.523,378.1
1692.2714,4.526,373.9
1628.3355,4.565,356.7
1594.9836,4.548,350.7
1601.5767,4.559,351.3
1585.6448,4.546,348.8
1682.442,4.53,371.4
1682.6904,4.538,370.8
1591.3452,4.548,349.9
1578.395,4.55,346.9
1581.82,4.552,347.5
1598.28,4.56,350.5
1642.293,4.518,363.5
1685.8809,4.521,372.9
1641.8528,4.528,362.6
1569.653,4.555,344.6
1566.816,4.56,343.6
1566.8212,4.564,343.3
1586.424,4.56,347.9
1626.0185,4.523,359.5
1654.2792,4.536,364.7
1620.4224,4.562,355.2
1564.0748,4.556,343.3
1577.03,4.55,346.6
1597.1074,4.571,349.4
1590.6618,4.563,348.6
1622.814,4.533,358.0
1659.0928,4.538,365.6
1592.7776,4.556,349.6
1581.316,4.565,346.4
1558.7221,4.559,341.9
1576.5284,4.567,345.2
1603.982,4.54,353.3
1645.749,4.53,363.3
1656.9124,4.537,365.2
1575.3912,4.569,344.8
1571.5984,4.558,344.8
1597.5366,4.567,349.8
1612.8971,4.573,352.7
1608.9192,4.536,354.7
1624.005,4.53,358.5
1658.8152,4.536,365.7
1576.6272,4.562,345.6
1561.1164,4.562,342.2
1538.8814,4.561,337.4
1553.12,4.568,340.0
1591.4847,4.551,349.7
1644.5724,4.533,362.8
1581.312,4.544,348.0
1577.564,4.57,345.2
1576.6834,4.549,346.6
1551.2796,4.572,339.3
1545.6927,4.569,338.3
1619.1867,4.547,356.1
1620.6848,4.522,358.4
1628.8776,4.536,359.1
1581.7725,4.565,346.5
1568.9905,4.565,343.7
1555.988,4.555,341.6
1603.017,4.567,351.0
1614.4491,4.521,357.1
1678.6473,4.521,371.3
1615.9044,4.548,355.3
1612.3135,4.561,353.5
1587.7422,4.539,349.8
1586.7719,4.561,347.9
1616.6565,4.545,355.7
1660.9306,4.522,367.3
1640.4038,4.529,362.2
1598.3495,4.555,350.9
1583.688,4.56,347.3
1602.6127,4.549,352.3
1637.8684,4.522,362.2
1683.8784,4.512,373.2
1671.7008,4.523,369.6
1598.663,4.565,350.2
1570.2192,4.554,344.8
1584.5768,4.556,347.8
1596.9254,4.529,352.6
1659.3768,4.519,367.2
1681.6992,4.528,371.4
1635.228,4.536,360.5
1623.5381,4.549,356.9
1602.8365,4.573,350.5
1540.604,4.558,338.0
1648.5632,4.544,362.8
1611.38,4.52,356.5
1637.09,4.55,359.8
1575.3912,4.569,344.8
1591.251,4.566,348.5
1588.62,4.565,348.0
1585.0527,4.543,348.9
1609.704,4.528,355.5
1639.9296,4.544,360.9
1602.465,4.546,352.5
1578.4164,4.554,346.6
1595.0624,4.573,348.8
1568.1752,4.556,344.2
1574.9724,4.548,346.3
1637.7729,4.533,361.3
1626.4708,4.523,359.6
1587.7456,4.573,347.2
1558.3788,4.554,342.2
1608.768,4.56,352.8
1594.6,4.556,350.0
1620.0135,4.557,355.5
1614.104,4.534,356.0
1638.7712,4.532,361.6
1593.9077,4.571,348.7
1566.816,4.56,343.6
1568.5377,4.569,343.3
1551.1961,4.561,340.1
1616.064,4.56,354.4
1608.7896,4.514,356.4
1643.48,4.54,362.0
1558.4784,4.573,340.8
1553.9169,4.569,340.1
1560.993,4.551,343.0
1583.9762,4.574,346.3
1580.8576,4.544,347.9
1628.424,4.536,359.0
1636.4028,4.538,360.6
1583.6154,4.569,346.6
1578.672,4.56,346.2
1578.3663,4.571,345.3
1575.9492,4.564,345.3
1606.9596,4.542,353.8
1635.336,4.52,361.8
1613.3184,4.542,355.2
1611.504,4.56,353.4
1619.1021,4.557,355.3
1581.496,4.555,347.2
1616.5695,4.555,354.9
1645.699,4.51,364.9
1671.696,4.512,370.5
1638.3107,4.537,361.1
1610.5989,4.551,353.9
1594.1444,4.556,349.9
1603.1526,4.557,351.8
1624.437,4.535,358.2
1665.3792,4.512,369.1
1644.9336,4.539,362.4
1597.1232,4.558,350.4
1596.4517,4.547,351.1
1599.858,4.558,351.0
1619.9691,4.539,356.9
1658.8624,4.498,368.8
1649.6084,4.517,365.2
1643.2542,4.557,360.6
1594.8405,4.545,350.9
1577.462,4.546,347.0
1562.1266,4.549,343.4
1625.344,4.535,358.4
1629.0813,4.529,359.7
1623.5998,4.553,356.6
1581.8824,4.564,346.6
1549.8357,4.557,340.1
1575.1476,4.563,345.2
1585.1133,4.551,348.3
1633.0535,4.535,360.1
1645.735,4.55,361.7
1588.8366,4.563,348.2
1562.365,4.555,343.0
1594.8219,4.571,348.9
1572.08,4.57,344.0
1633.6932,4.533,360.4
1637.9583,4.521,362.3
1654.376,4.54,364.4
1588.0072,4.558,348.4
1548.7,4.555,340.0
1596.301,4.57,349.3
1593.4768,4.558,349.6
1624.9275,4.525,359.1
1672.7068,4.538,368.6
1583.7735,4.555,347.7
1584.749,4.567,347.0
1573.4436,4.566,344.6
1561.6842,4.569,341.8
1576.6272,4.562,345.6
1651.3719,4.533,364.3
1628.2344,4.538,358.8
1588.5114,4.566,347.9
1572.0738,4.566,344.3
1570.252,4.57,343.6
1580.1494,4.559,346.6
1581.3876,4.556,347.1
1633.3977,4.541,359.7
1604.385,4.545,353.0
1598.3112,4.551,351.2
1603.719,4.569,351.0
1566.596,4.57,342.8
1571.9669,4.571,343.9
1583.6408,4.552,347.9
1651.744,4.544,363.5
1621.716,4.535,357.6
1569.1032,4.564,343.8
1587.618,4.57,347.4
1618.749,4.565,354.6
1596.4102,4.543,351.4
1620.7128,4.536,357.3
1646.8578,4.507,365.4
1685.4021,4.527,372.3
1609.79,4.55,353.8
1608.425,4.55,353.5
1573.0024,4.541,346.4
1604.6232,4.556,352.2
1680.2136,4.524,371.4
1690.65,4.5,375.7
1628.2807,4.547,358.1
1597.8564,4.564,350.1
1582.008,4.546,348.0
1598.637,4.53,352.9
1662.3717,4.521,367.7
1651.2828,4.534,364.2
1602.8008,4.556,351.8
1606.9098,4.547,353.4
1599.2214,4.551,351.4
1599.4689,4.553,351.3
1648.2533,4.517,364.9
1668.732,4.504,370.5
1598.7004,4.556,350.9
1575.1583,4.567,344.9
1551.972,4.57,339.6
1568.4156,4.562,343.8
1648.269,4.522,364.5
1648.2533,4.517,364.9
1619.0538,4.562,354.9
1570.016,4.564,344.0
1581.9515,4.555,347.3
1620.5692,4.556,355.7
1581.4183,4.543,348.1
1592.3842,4.538,350.9
1646.7488,4.534,363.2
1573.4216,4.558,345.2
1587.336,4.56,348.1
1601.084,4.568,350.5
1561.3412,4.556,342.7
1613.0995,4.535,355.7
1681.4122,4.537,370.6
1616.1768,4.536,356.3
1567.3842,4.559,343.8
1616.3166,4.562,354.3
1594.9817,4.561,349.7
1564.4181,4.557,343.3
1618.4745,4.545,356.1
1606.297,4.535,354.2
1617.5332,4.559,354.8
1576.751,4.565,345.4
1584.6688,4.576,346.3
1542.832,4.57,337.6
1581.2987,4.561,346.7
1636.964,4.522,362.0
1612.3514,4.538,355.3
1606.7364,4.562,352.2
1547.0785,4.565,338.9
1567.2776,4.564,343.4
1565.673,4.558,343.5
1585.5528,4.568,347.1
1599.2424,4.533,352.8
1653.7422,4.542,364.1
1603.3173,4.551,352.3
1576.7619,4.569,345.1
1562.256,4.568,342.0
1564.0832,4.568,342.4
1586.4156,4.543,349.2
1650.5606,4.537,363.8
1656.288,4.544,364.5
1590.7694,4.562,348.7
1589.5578,4.539,350.2
1638.9846,4.554,359.9
1576.074,4.542,347.0
1623.888,4.536,358.0
1674.0002,4.517,370.6
1633.528,4.52,361.4
1622.0355,4.555,356.1
1580.8848,4.548,347.6
1582.1422,4.549,347.8
1630.7543,4.559,357.7
1636.5792,4.506,363.2
1668.1658,4.522,368.9
1658.8357,4.561,363.7
1610.0424,4.552,353.7
1638.3376,4.556,359.6
1603.008,4.554,352.0
1634.3353,4.511,362.3
1665.9885,4.521,368.5
1625.7024,4.536,358.4
1582.2492,4.548,347.9
1610.22,4.568,352.5
1554.0336,4.568,340.2
1602.9684,4.532,353.7
1676.136,4.535,369.6
1638.2994,4.542,360.7
1581.5171,4.559,346.9
1581.0174,4.551,347.4
1560.7619,4.549,343.1
1598.7004,4.556,350.9
1672.4503,4.541,368.3
1619.9691,4.539,356.9
1608.3536,4.564,352.4
1563.1568,4.552,343.4
1567.728,4.56,343.8
1574.012,4.565,344.8
1603.0676,4.549,352.4
1638.501,4.53,361.7
1639.6794,4.527,362.2
1577.7428,4.556,346.3
1564.6527,4.563,342.9
1596.6503,4.571,349.3
1589.2072,4.568,347.9
1653.1565,4.523,365.5
1642.7376,4.548,361.2
1600.2484,4.541,352.4
1543.2066,4.563,338.2
1596.7302,4.566,349.7
1574.6635,4.555,345.7
1589.0259,4.557,348.7
1603.2224,4.534,353.6
1658.639,4.538,365.5
1603.296,4.56,351.6
1561.1164,4.562,342.2
1585.9422,4.581,346.2
1550.1816,4.554,340.4
1603.0676,4.549,352.4
1638.3928,4.541,360.8
1624.1502,4.538,357.9
1594.2564,4.572,348.7
1561.5708,4.558,342.6
1554.4984,4.564,340.6
1571.3984,4.576,343.4
1582.035,4.55,347.7
1642.756,4.538,362.0
1647.3847,4.537,363.1
1574.098,4.556,345.5
1591.59,4.55,349.8
1599.8833,4.549,351.7
1599.443,4.531,353.0
1643.2522,4.507,364.6
1678.8564,4.524,371.1
1641.5802,4.526,362.7
1589.77,4.55,349.4
1584.3366,4.554,347.9
1611.6065,4.559,353.5
1661.9178,4.542,365.9
1656.4392,4.511,367.2
1647.112,4.54,362.8
1601.1012,4.546,352.2
1608.425,4.55,353.5
1604.8718,4.558,352.1
1585.7505,4.545,348.9
1669.0702,4.522,369.1
1661.1844,4.519,367.6
1628.1393,4.539,358.7
1589.6643,4.551,349.3
1615.7096,4.559,354.4
1595.0208,4.552,350.4
1636.3886,4.543,360.2
1629.1846,4.523,360.2
1670.694,4.535,368.4
1579.5204,4.548,347.3
1563.2811,4.559,342.9
1601.3574,4.574,350.1
1552.0032,4.554,340.8
1626.0816,4.532,358.8
1654.545,4.533,365.0
1621.224,4.554,356.0
1558.1496,4.564,341.4
1571.57,4.55,345.4
1579.9304,4.561,346.4
1585.5955,4.555,348.1
1631.1456,4.536,359.6
1663.456,4.54,366.4
1596.4102,4.543,351.4
1582.776,4.56,347.1
1595.977,4.573,349.0
1540.3836,4.556,338.1
1636.2,4.545,360.0
1638.954,4.53,361.8
1627.8277,4.523,359.9
1555.872,4.56,341.2
1600.2,4.572,350.0
1572.1929,4.569,344.1
1551.312,4.56,340.2
1636.9584,4.532,361.2
1640.4773,4.543,361.1
1610.346,4.549,354.0
1567.9594,4.562,343.7
1573.89,4.562,345.0
1548.5364,4.572,338.7
1566.138,4.566,343.0
1610.868,4.53,355.6
1640.5704,4.542,361.2
1608.0012,4.563,352.4
1575.4928,4.564,345.2
1571.2645,4.561,344.5
1570.1346,4.567,343.8
1609.327,4.559,353.0
1610.868,4.53,355.6
1636.9947,4.551,359.7
1595.088,4.56,349.8
1576.8316,4.556,346.1
1560.0898,4.559,342.2
1611.5484,4.564,353.1
1624.722,4.532,358.5
1652.013,4.51,366.3
1657.2864,4.543,364.8
1596.595,4.55,350.9
1590.9953,4.547,349.9
1594.5288,4.548,350.6
1636.1352,4.536,360.7
1675.5638,4.531,369.8
1690.2028,4.546,371.8
1625.8432,4.544,357.8
1638.5733,4.563,359.1
1612.975,4.55,354.5
1594.9595,4.535,351.7
1705.6908,4.534,376.2
1662.7394,4.522,367.7
1581.2569,4.553,347.3
1593.2688,4.547,350.4
1603.9774,4.549,352.6
1628.5932,4.539,358.8
1666.1902,4.502,370.1
1675.9347,4.521,370.7
1606.4008,4.552,352.9
1609.224,4.56,352.9
1561.454,4.555,342.8
1596.1374,4.563,349.8
1574.2798,4.546,346.3
1652.56,4.54,364.0
1629.973,4.534,359.5
1591.7601,4.557,349.3
1573.2108,4.564,344.7
1546.1988,4.553,339.6
1603.8945,4.563,351.5
1619.6096,4.519,358.4
1651.1985,4.545,363.3
1639.3445,4.555,359.9
1562.2572,4.564,342.3
1580.8233,4.557,346.9
1576.0808,4.571,344.8
1571.5984,4.558,344.8
1655.6274,4.531,365.4
1654.34,4.525,365.6
1631.048,4.556,358.0
1584.3225,4.575,346.3
1554.166,4.555,341.2
1555.9867,4.559,341.3
1625.774,4.54,358.1
1648.92,4.53,364.0
1616.6709,4.563,354.3
1558.4784,4.573,340.8
1583.2516,4.564,346.9
1570.9352,4.568,343.9
1537.9875,4.557,337.5
1642.3968,4.532,362.4
1652.8291,4.537,364.3
1574.992,4.552,346.0
1560.2034,4.558,342.3
1569.1104,4.572,343.2
1595.6512,4.576,348.7
1603.074,4.54,353.1
1633.2553,4.523,361.1
1623.7584,4.556,356.4
1575.1725,4.575,344.3
1576.1394,4.554,346.1
1580.9696,4.564,346.4
1542.648,4.56,338.3
1629.3825,4.545,358.5
1650.456,4.528,364.5
1606.4551,4.547,353.3
1601.2035,4.545,352.3
1635.7005,4.555,359.1
1592.808,4.56,349.3
1643.48,4.54,362.0
1701.5453,4.529,375.7
1638.952,4.52,362.6
1590.2568,4.554,349.2
1576.5282,4.542,347.1
1617.5808,4.554,355.2
1585.0842,4.547,348.6
1646.3856,4.533,363.2
1655.6108,4.526,365.8
1602.267,4.539,353.0
1609.1208,4.561,352.8
1592.5338,4.554,349.7
1596.35,4.561,350.0
1672.9752,4.524,369.8
1669.602,4.51,370.2
1641.3072,4.524,362.8
1581.8432,4.556,347.2
1584.3366,4.554,347.9
1652.1912,4.554,362.8
1615.8775,4.525,357.1
1645.0257,4.533,362.9
1615.4301,4.539,355.9
1577.107,4.57,345.1
1575.2448,4.558,345.6
1603.8576,4.572,350.8
1544.9396,4.556,339.1
1644.3,4.536,362.5
1633.4373,4.521,361.3
1621.4602,4.547,356.6
1568.6512,4.568,343.4
1592.5575,4.575,348.1
1563.9669,4.561,342.9
1603.982,4.54,353.3
1654.686,4.521,366.0
1671.601,4.535,368.6
1583.9454,4.566,346.9
1568.7297,4.551,344.7
1617.3664,4.574,353.6
1545.6056,4.562,338.8
1628.8318,4.546,358.3
1684.205,4.525,372.2
1652.3798,4.547,363.4
1574.012,4.565,344.8
1546.6351,4.561,339.1
1586.8137,4.569,347.3
1591.4912,4.568,348.4
1629.8126,4.526,360.1
1621.0964,4.532,357.7
1611.2558,4.549,354.2
1574.5968,4.572,344.4
1574.925,4.565,345.0
1585.9305,4.577,346.5
1525.776,4.56,334.6
1655.5627,4.547,364.1
1637.144,4.52,362.2
1630.3616,4.549,358.4
1571.609,4.562,344.5
1587.9459,4.567,347.7
1557.8103,4.559,341.7
1597.0177,4.559,350.3
1652.1896,4.534,364.4
1608.3084,4.533,354.8
1637.758,4.562,359.0
1584.8388,4.562,347.4
1573.6424,4.556,345.4
1590.6618,4.563,348.6
1643.484,4.535,362.4
1659.2625,4.515,367.5
1647.0003,4.521,364.3
1594.0695,4.561,349.5
1575.119,4.555,345.8
1586.13,4.55,348.6
1631.0887,4.517,361.1
1675.2519,4.507,371.7
1636.1441,4.531,361.1
1577.5932,4.549,346.8
1597.3611,4.547,351.3
1598.5368,4.531,352.8
1627.816,4.528,359.5
1667.6352,4.512,369.6
1609.7664,4.532,355.2
1638.9324,4.564,359.1
1579.674,4.555,346.8
1581.282,4.54,348.3
1647.245,4.513,365.0
1703.8141,4.523,376.7
1610.136,4.56,353.1
1572.935,4.55,345.7
1572.0738,4.566,344.3
1607.1273,4.567,351.9
1641.8526,4.533,362.2
1614.3758,4.517,357.4
1602.7715,4.565,351.1
1597.59,4.575,349.2
1577.7972,4.572,345.1
1568.853,4.554,344.5
1626.0608,4.537,358.4
1659.824,4.54,365.6
1605.2435,4.541,353.5
1578.3663,4.571,345.3
1585.2057,4.567,347.1
1555.4112,4.564,340.8
1605.4311,4.557,352.3
1640.6712,4.536,361.7
1634.3208,4.536,360.3
1591.4108,4.556,349.3
1564.4256,4.569,342.4
1564.7682,4.566,342.7
1604.8438,4.567,351.4
1644.9336,4.539,362.4
1615.0108,4.534,356.2
1643.0988,4.549,361.2
1587.924,4.563,348.0
1566.7035,4.561,343.5
1558.3792,4.562,341.6
1583.0614,4.574,346.1
1614.6546,4.533,356.2
1658.9727,4.529,366.3
1601.055,4.542,352.5
1567.0494,4.578,342.3
1551.0702,4.566,339.7
1567.2816,4.572,342.8
1548.2364,4.559,339.6
1637.545,4.55,359.9
1622.814,4.533,358.0
1608.6276,4.548,353.7
1557.6964,4.556,341.9
1569.3394,4.574,343.1
1553.1292,4.564,340.3
1598.2065,4.565,350.1
1611.126,4.532,355.5
1646.0224,4.532,363.2
1579.0182,4.561,346.2
1575.7266,4.566,345.1
1589.346,4.554,349.0
1616.114,4.555,354.8
1644.4641,4.519,363.9
1679.68,4.525,371.2
1602.714,4.53,353.8
1603.326,4.542,353.0
1616.2146,4.554,354.9
1595.5112,4.556,350.2
1628.6508,4.509,361.2
1677.4528,4.519,371.2
1652.7434,4.543,363.8
1620.9672,4.552,356.1
1601.2254,4.558,351.3
1595.088,4.56,349.8
1625.7516,4.521,359.6
1707.8848,4.523,377.6
1657.292,4.553,364.0
1608.1196,4.553,353.2
1598.931,4.545,351.8
1633.3032,4.542,359.6
1645.298,4.535,362.8
1641.3628,4.508,364.1
1647.382,4.532,363.5
1576.2285,4.549,346.5
1559.862,4.561,342.0
1576.5284,4.567,345.2
1599.2856,4.572,349.8
1656.0634,4.526,365.9
1604.3688,4.527,354.4
1606.7537,4.553,352.9
1567.621,4.565,343.4
1584.4689,4.557,347.7
