1910.6178,3.822,499.9
1960.1216,3.776,519.1
1940.3808,3.778,513.6
1984.152,3.76,527.7
1903.648,3.838,496.0
1886.4492,3.876,486.7
1841.49,3.885,474.0
1653.9726,4.137,399.8
1630.16,4.1,397.6
1605.8952,4.104,391.3
1605.5086,4.078,393.7
1601.8709,4.151,385.9
1563.6432,4.152,376.6
1587.11,4.1,387.1
1553.0487,4.101,378.7
1575.3906,4.109,383.4
1596.8613,4.083,391.1
1584.8812,4.123,384.4
1624.1565,4.117,394.5
1626.248,4.115,395.2
1615.7832,4.124,391.8
1599.4077,4.119,388.3
1629.5925,4.075,399.9
1629.6885,4.059,401.5
1595.797,4.115,387.8
1575.222,4.115,382.8
1633.086,4.095,398.8
1617.9629,4.093,395.3
1650.36,4.08,404.5
1581.6057,4.107,385.1
1592.3295,4.105,387.9
1703.0556,4.052,420.3
1660.0428,4.041,410.8
1618.7392,4.096,395.2
1557.4944,4.128,377.3
1594.2069,4.129,386.1
1584.825,4.125,384.2
1575.4024,4.136,380.9
1566.9186,4.142,378.3
1561.7895,4.135,377.7
1575.8252,4.148,379.9
1571.9922,4.139,379.8
1581.4872,4.164,379.8
1571.346,4.157,378.0
1547.7568,4.112,376.4
1532.2626,4.073,376.2
1564.6306,4.082,383.3
1576.0602,4.082,386.1
1584.2635,4.099,386.5
1556.3433,4.071,382.3
1552.1675,4.075,380.9
1549.8319,4.099,378.1
1575.3352,4.111,383.2
1614.048,4.08,395.6
1587.7238,4.069,390.2
1593.464,4.09,389.6
1573.5999,4.063,387.3
1567.972,4.06,386.2
1582.7864,4.072,388.7
1613.4768,4.056,397.8
1636.1769,4.061,402.9
1616.3718,4.047,399.4
1632.1596,4.038,404.2
1633.3692,4.036,404.7
1624.812,4.06,400.2
1623.1545,4.065,399.3
1574.382,4.084,385.5
1574.9448,4.056,388.3
1611.7624,4.066,396.4
1641.452,4.063,404.0
1608.0204,4.073,394.8
1572.6685,4.069,386.5
1602.3456,4.071,393.6
1609.8596,4.052,397.3
1595.88,4.03,396.0
1594.6636,4.031,395.6
1599.5244,4.027,397.2
1604.3038,4.037,397.4
1599.0152,4.042,395.6
1610.791,4.03,399.7
1609.438,4.054,397.0
1617.7314,4.079,396.6
1561.5393,4.057,384.9
1587.2829,4.071,389.9
1582.2837,4.077,388.1
1568.8524,4.076,384.9
1547.74,4.073,380.0
1560.845,4.07,383.5
1599.7358,4.082,391.9
1562.9978,4.082,382.9
1546.479,4.059,381.0
1560.1404,4.082,382.2
1546.5284,4.057,381.2
1574.494,4.079,386.0
1567.6054,4.058,386.3
1578.0146,4.066,388.1
1567.1478,4.038,388.1
1580.7722,4.046,390.7
1559.0836,4.058,384.2
1580.9968,4.058,389.6
1568.9416,4.072,385.3
1587.8808,4.059,391.2
1585.505,4.055,391.0
1557.3248,4.064,383.2
1579.47,4.075,387.6
1563.7392,4.068,384.4
1580.508,4.084,387.0
1570.5488,4.073,385.6
1548.1744,4.072,380.2
1558.305,4.074,382.5
1554.1258,4.078,381.1
1562.4498,4.071,383.8
1586.7,4.1,387.0
1569.6655,4.093,383.5
1540.6383,4.079,377.7
1544.8325,4.075,379.1
1568.25,4.1,382.5
1553.673,4.094,379.5
1572.35,4.1,383.5
1578.6225,4.095,385.5
1533.2544,4.104,373.6
1569.7167,4.091,383.7
1616.843,4.085,395.8
1557.7851,4.107,379.3
1547.7824,4.099,377.6
1605.325,4.09,392.5
1575.6297,4.083,385.9
1607.6256,4.072,394.8
1593.6396,4.053,393.2
1649.136,4.042,408.0
1641.452,4.04,406.3
1618.809,4.045,400.2
1606.3223,4.037,397.9
1624.0611,4.047,401.3
1609.5975,4.025,399.9
1609.6119,4.017,400.7
1594.4136,4.056,393.1
1587.4896,4.058,391.2
1611.457,4.055,397.4
1617.616,4.04,400.4
1627.2256,4.064,400.4
1623.5464,4.067,399.2
1611.5464,4.084,394.6
1625.8986,4.078,398.7
1617.6724,4.084,396.1
1594.656,4.068,392.0
1595.8618,4.069,392.2
1607.5744,4.076,394.4
1627.2427,4.061,400.7
1603.1328,4.073,393.6
1581.9897,4.091,386.7
1586.5734,4.087,388.2
1572.5425,4.075,385.9
1571.8955,4.067,386.5
1595.9735,4.087,390.5
1602.97,4.084,392.5
1602.954,4.085,392.4
1606.895,4.094,392.5
1599.5628,4.092,390.9
1572.9148,4.094,384.2
1564.101,4.07,384.3
1595.9916,4.086,390.6
1576.2623,4.091,385.3
1557.9699,4.101,379.9
1551.03,4.1,378.3
1576.9242,4.113,383.4
1580.0655,4.065,388.7
1555.5705,4.099,379.5
1586.0375,4.093,387.5
1599.82,4.1,390.2
1591.7472,4.094,388.8
1572.2205,4.089,384.5
1547.826,4.11,376.6
1566.291,4.111,381.0
1555.3106,4.094,379.9
1574.8131,4.083,385.7
1570.2271,4.069,385.9
1580.9164,4.084,387.1
1568.515,4.09,383.5
1597.3034,4.081,391.4
1577.9196,4.071,387.6
1562.7384,4.076,383.4
1604.0248,4.067,394.4
1607.1398,4.078,394.1
1579.6944,4.063,388.8
1569.792,4.088,384.0
1580.1874,4.114,384.1
1543.7824,4.096,376.9
1572.0999,4.123,381.3
1581.195,4.107,385.0
1561.2507,4.101,380.7
1551.5916,4.108,377.7
1573.423,4.09,384.7
1555.8928,4.088,380.6
1554.0736,4.064,382.4
1593.0735,4.065,391.9
1591.4016,4.068,391.2
1598.9192,4.052,394.6
1600.313,4.03,397.1
1580.9133,4.063,389.1
1579.7025,4.035,391.5
1611.5454,4.042,398.7
1611.6138,4.023,400.6
1616.0384,4.016,402.4
1603.8936,4.038,397.2
1630.4819,4.063,401.3
1681.7568,4.008,419.6
1630.921,4.055,402.2
1602.3456,4.071,393.6
1579.126,4.091,386.0
1570.6096,4.088,384.2
1595.1925,4.085,390.5
1570.8,4.08,385.0
1568.9993,4.087,383.9
1590.232,4.088,389.0
1602.332,4.072,393.5
1608.5312,4.064,395.8
1561.6104,4.116,379.4
1575.63,4.1,384.3
1580.078,4.085,386.8
1585.5073,4.079,388.7
1617.03,4.068,397.5
1597.7443,4.079,391.7
1596.585,4.075,391.8
1588.4947,4.043,392.9
1603.0572,4.042,396.6
1561.491,4.077,383.0
1594.4292,4.082,390.6
1587.602,4.076,389.5
1576.0192,4.064,387.8
1579.9927,4.069,388.3
1556.2679,4.103,379.3
1536.018,4.107,374.0
1583.6592,4.107,385.6
1570.0748,4.093,383.6
1559.3655,4.109,379.5
1569.4252,4.102,382.6
1592.7665,4.121,386.5
1575.4568,4.072,386.9
1540.6188,4.116,374.3
1544.2848,4.128,374.1
1596.4004,4.124,387.1
1580.3168,4.124,383.2
1575.499,4.105,383.8
1552.1436,4.116,377.1
1576.7532,4.119,382.8
1542.3386,4.114,374.9
1574.2888,4.088,385.1
1594.053,4.119,387.0
1576.724,4.12,382.7
1568.25,4.1,382.5
1556.5095,4.095,380.1
1584.9889,4.103,386.3
1566.5185,4.117,380.5
1575.7806,4.094,384.9
1594.5312,4.076,391.2
1563.864,4.08,383.3
1555.4787,4.073,381.9
1586.6734,4.082,388.7
1582.588,4.06,389.8
1556.1648,4.078,381.6
1610.376,4.08,394.7
1585.5453,4.077,388.9
1570.6407,4.047,388.1
1582.911,4.065,389.4
1600.1838,4.047,395.4
1624.3208,4.072,398.9
1566.1638,4.086,383.3
1594.08,4.1,388.8
1578.186,4.078,387.0
1609.2048,4.076,394.8
1572.096,4.094,384.0
1559.1632,4.088,381.4
1608.5817,4.059,396.3
1643.016,4.08,402.7
1636.6752,4.104,398.8
1613.9412,4.113,392.4
1606.5997,4.087,393.1
1615.573,4.045,399.4
1588.41,4.05,392.2
1595.5536,4.062,392.8
1613.9926,4.037,399.8
1593.7894,4.039,394.6
1603.9608,4.072,393.9
1618.8855,4.085,396.3
1564.4916,4.116,380.1
1553.1727,4.097,379.1
1574.241,4.09,384.9
1604.4555,4.065,394.7
1571.1816,4.062,386.8
1569.54,4.04,388.5
1558.4744,4.067,383.2
1549.7264,4.019,385.6
1568.8608,4.056,386.8
1575.3024,4.032,390.7
1612.4198,4.022,400.9
1571.4398,4.018,391.1
1605.5424,4.032,398.2
1579.0176,4.024,392.4
1587.9201,4.017,395.3
1586.32,4.016,395.0
1598.386,4.01,398.6
1580.4855,4.037,391.5
1573.6086,4.038,389.7
1587.7624,4.036,393.4
1590.597,4.035,394.2
1616.8,4.042,400.0
1586.508,4.04,392.7
1579.3458,4.031,391.8
1600.2668,4.037,396.4
1557.9096,4.056,384.1
1558.019,4.085,381.4
1581.321,4.102,385.5
1556.5986,4.077,381.8
1542.24,4.08,378.0
1542.3708,4.089,377.2
1574.6259,4.091,384.9
1561.542,4.105,380.4
1544.2128,4.068,379.6
1554.723,4.086,380.5
1581.7332,4.084,387.3
1549.579,4.094,378.5
1553.9898,4.083,380.6
1567.6065,4.077,384.5
1556.5813,4.061,383.3
1547.672,4.06,381.2
1588.3572,4.054,391.8
1590.6192,4.066,391.2
1582.1625,4.083,387.5
1586.242,4.06,390.7
1604.6355,4.047,396.5
1601.7936,4.048,395.7
1586.3133,4.017,394.9
1603.5888,4.016,399.3
1612.364,4.04,399.1
1622.769,4.062,399.5
1618.4304,4.038,400.8
1565.2686,4.053,386.2
1623.2517,4.047,401.1
1646.105,4.01,410.5
1591.4388,4.031,394.8
1585.0936,4.019,394.4
1583.0232,4.026,393.2
1581.8436,4.023,393.2
1578.192,4.026,392.0
1591.0005,4.035,394.3
1601.5968,4.008,399.6
1601.4848,4.036,396.8
1617.2456,4.019,402.4
1622.4343,4.007,404.9
1595.9541,4.017,397.3
1587.6504,4.046,392.4
1608.9876,4.059,396.4
1614.5036,4.076,396.1
1598.9194,4.082,391.7
1580.3432,4.072,388.1
1574.118,4.095,384.4
1577.5515,4.105,384.3
1581.8041,4.099,385.9
1583.6261,4.091,387.1
1584.3536,4.112,385.3
1570.956,4.12,381.3
1572.2696,4.103,383.2
1560.5486,4.082,382.3
1544.793,4.09,377.7
1553.5536,4.084,380.4
1564.9345,4.115,380.3
1605.6942,4.114,390.3
1592.9136,4.131,385.6
1578.225,4.125,382.6
1594.5114,4.133,385.8
1608.243,4.11,391.3
1611.869,4.09,394.1
1568.7144,4.098,382.8
1573.884,4.104,383.5
1616.1045,4.107,393.5
1592.3964,4.102,388.2
1564.2473,4.081,383.3
1536.8028,4.108,374.1
1559.64,4.1,380.4
1581.8199,4.129,383.1
1555.0682,4.102,379.1
1578.1025,4.115,383.5
1589.637,4.13,384.9
1548.7879,4.129,375.1
1549.9818,4.107,377.4
1562.8911,4.101,381.1
1599.3117,4.123,387.9
1548.4392,4.116,376.2
1562.9712,4.112,380.1
1577.829,4.11,383.9
1556.9001,4.109,378.9
1544.771,4.115,375.4
1578.5,4.1,385.0
1582.9584,4.084,387.6
1551.891,4.07,381.3
1546.417,4.115,375.8
1571.787,4.09,384.3
1604.1147,4.089,392.3
1603.755,4.086,392.5
1616.4345,4.085,395.7
1617.0243,4.101,394.3
1618.0929,4.083,396.3
1616.4345,4.085,395.7
1646.2494,4.086,402.9
1600.8633,4.127,387.9
1586.923,4.138,383.5
1610.8776,4.122,390.8
1573.632,4.098,384.0
1573.1057,4.117,382.1
1585.921,4.115,385.4
1572.1464,4.092,384.2
1622.808,4.098,396.0
1592.2172,4.091,389.2
1606.7718,4.101,391.8
1597.9243,4.067,392.9
1605.5149,4.037,397.7
1635.7908,4.053,403.6
1596.8106,4.059,393.4
1591.518,4.02,395.9
1609.566,4.034,399.0
1616.0175,4.035,400.5
1609.2423,4.073,395.1
1578.5308,4.081,386.8
1573.17,4.1,383.7
1560.9856,4.096,381.1
1567.1025,4.097,382.5
1560.567,4.11,379.7
1556.9376,4.132,376.8
1572.1596,4.107,382.8
1616.804,4.088,395.5
1557.437,4.105,379.4
1560.2772,4.119,378.8
1560.7812,4.103,380.4
1535.1756,4.084,375.9
1568.9872,4.103,382.4
1601.712,4.086,392.0
1567.1832,4.094,382.8
1580.118,4.062,389.0
1580.5504,4.082,387.2
1589.6223,4.077,389.9
1595.0616,4.092,389.8
1577.922,4.09,385.8
1619.3178,4.083,396.6
1604.9325,4.089,392.5
1571.1467,4.099,383.3
1573.5537,4.101,383.7
1599.599,4.09,391.1
1583.448,4.08,388.1
1544.2128,4.068,379.6
1582.012,4.09,386.8
1576.0822,4.081,386.2
1563.4807,4.079,383.3
1589.248,4.096,388.0
1565.5725,4.093,382.5
1562.496,4.069,384.0
1584.141,4.035,392.6
1595.6181,4.057,393.3
1571.6835,4.077,385.5
1566.774,4.059,386.0
1538.4428,4.084,376.7
1567.8948,4.098,382.6
1596.9925,4.075,391.9
1565.058,4.124,379.5
1555.4784,4.102,379.2
1561.6822,4.069,383.8
1604.2411,4.081,393.1
1551.355,4.115,377.0
1617.9488,4.094,395.2
1615.7036,4.078,396.2
1610.2405,4.055,397.1
1586.8758,4.071,389.8
1615.512,4.055,398.4
1637.8065,4.059,403.5
1629.4768,4.088,398.6
1607.914,4.081,394.0
1614.8997,4.077,396.1
1591.1636,4.082,389.8
1570.9776,4.072,385.8
1626.3568,4.072,399.4
1605.55,4.075,394.0
1612.824,4.08,395.3
1571.3478,4.026,390.3
1581.4026,4.058,389.7
1573.6782,4.079,385.8
1581.9532,4.073,388.4
1626.677,4.082,398.5
1605.6516,4.067,394.8
1622.4208,4.052,400.4
1632.8,4.082,400.0
1594.691,4.09,389.9
1576.9796,4.111,383.6
1599.066,4.116,388.5
1611.9792,4.108,392.4
1589.496,4.12,385.8
1579.2193,4.133,382.1
1586.8875,4.125,384.7
1576.197,4.137,381.0
1604.8439,4.133,388.3
1565.0624,4.136,378.4
1545.6752,4.124,374.8
1590.216,4.152,383.0
1595.6128,4.138,385.6
1561.0732,4.154,375.8
1568.5892,4.174,375.8
1541.6016,4.171,369.6
1578.3822,4.146,380.7
1557.2916,4.122,377.8
1580.3541,4.149,380.9
1567.3328,4.142,378.4
1607.8188,4.146,387.8
1572.4812,4.124,381.3
1585.7127,4.107,386.1
1559.4168,4.132,377.4
1593.7824,4.144,384.6
1607.9022,4.126,389.7
1606.2284,4.127,389.2
1556.654,4.09,380.6
1567.7536,4.117,380.8
1595.091,4.11,388.1
1615.6588,4.109,393.2
1547.826,4.11,376.6
1593.3233,4.097,388.9
1587.4092,4.121,385.2
1575.499,4.105,383.8
1548.0954,4.089,378.6
1544.5027,4.111,375.7
1578.4551,4.131,382.1
1553.958,4.111,378.0
1568.1315,4.089,383.5
1580.4208,4.088,386.6
1562.2425,4.095,381.5
1560.598,4.043,386.0
1552.0456,4.046,383.6
1596.6927,4.029,396.3
1559.334,4.065,383.6
1589.8176,4.032,394.3
1596.402,3.995,399.6
1590.4108,3.994,398.2
1621.098,3.985,406.8
1608.0084,4.006,401.4
1625.187,3.998,406.5
1649.71,3.98,414.5
1645.4349,3.987,412.7
1643.7078,4.011,409.8
1626.8192,4.003,406.4
1610.412,4.02,400.6
1607.164,4.03,398.8
1582.3492,4.049,390.8
1618.854,4.027,402.0
1582.272,4.02,393.6
1610.308,4.046,398.0
1721.4714,3.942,436.7
1756.0233,3.879,452.7
1800.4812,4.162,432.6
1816.7032,3.991,455.2
1794.6012,3.892,461.1
1814.676,3.88,467.7
1801.5634,3.871,465.4
1771.4924,3.884,456.1
1767.3936,3.864,457.4
1725.3312,3.907,441.6
1564.6092,4.018,389.4
1569.4528,4.016,390.8
1605.1536,4.029,398.4
1582.5912,4.029,392.8
1611.0596,4.054,397.4
1556.8405,4.049,384.5
1564.232,4.016,389.5
1560.3677,4.033,386.9
1555.5628,4.052,383.9
1602.9615,4.053,395.5
1600.2817,4.073,392.9
1564.6824,4.062,385.2
1605.1536,4.029,398.4
1546.0568,4.022,384.4
1543.9305,4.047,381.5
1550.0652,4.044,383.3
1562.9698,4.046,386.3
1575.4578,4.018,392.1
1594.2605,4.031,395.5
1592.2684,4.028,395.3
1596.936,4.048,394.5
1606.3164,4.038,397.8
1575.3024,4.032,390.7
1540.0707,4.039,381.3
1562.976,4.02,388.8
1600.358,4.021,398.0
1596.4018,3.997,399.4
1578.8187,4.041,390.7
1562.9627,4.021,388.7
1569.7116,4.028,389.7
1557.1556,4.004,388.9
1528.211,4.01,381.1
1578.0885,4.035,391.1
1572.5556,4.026,390.6
1564.301,4.01,390.1
1534.3086,4.026,381.1
1561.7745,4.045,386.1
1590.8757,4.047,393.1
1569.7088,4.054,387.2
1556.703,4.035,385.8
1564.9986,4.019,389.4
1528.176,4.03,379.2
1578.0156,3.997,394.8
1590.4144,3.988,398.8
1572.8132,3.998,393.4
1614.83,4.012,402.5
1642.767,3.997,411.0
1632.3478,3.994,408.7
1634.9782,4.033,405.4
1636.5998,4.037,405.4
1589.8674,4.026,394.9
1632.1311,4.057,402.3
1588.707,4.058,391.5
1572.696,4.045,388.8
1582.0806,4.066,389.1
1587.5464,4.054,391.6
1618.7292,4.059,398.8
1587.3169,4.069,390.1
1584.4152,4.072,389.1
1571.7381,4.027,390.3
1579.7025,4.035,391.5
1583.5216,4.052,390.8
1631.7218,4.058,402.1
1573.9092,4.068,386.9
1607.9524,4.034,398.6
1593.0439,4.067,391.7
1592.5592,4.072,391.1
1596.3791,4.061,393.1
1607.7891,4.057,396.3
1593.0735,4.065,391.9
1572.3616,4.064,386.9
1599.488,4.096,390.5
1581.7332,4.084,387.3
1567.72,4.072,385.0
1613.8995,4.091,394.5
1543.5337,4.063,379.9
1579.898,4.093,386.0
1569.9607,4.081,384.7
1587.11,4.1,387.1
1575.222,4.115,382.8
1576.2934,4.106,383.9
1575.5845,4.085,385.7
1558.0728,4.083,381.6
1541.1441,4.089,376.9
1545.6654,4.113,375.8
1560.6609,4.093,381.3
1593.812,4.07,391.6
1570.1904,4.104,382.6
1559.6695,4.099,380.5
1574.3358,4.086,385.3
1583.7738,4.062,389.9
1601.3844,4.081,392.4
1580.0832,4.064,388.8
1574.316,4.068,387.0
1540.2288,4.092,376.4
1580.4208,4.088,386.6
1603.173,4.07,393.9
1577.627,4.085,386.2
1562.6896,4.078,383.2
1568.875,4.075,385.0
1601.4456,4.077,392.8
1585.9152,4.079,388.8
1548.1473,4.073,380.1
1544.972,4.07,379.6
1589.568,4.08,389.6
1583.3668,4.084,387.7
1538.1135,4.053,379.5
1562.4864,4.086,382.4
1574.8,4.064,387.5
1606.6897,4.081,393.7
1622.562,4.085,397.2
1612.9302,4.071,396.2
1579.8972,4.074,387.8
1588.776,4.053,392.0
1632.9485,4.055,402.7
1641.4232,4.072,403.1
1634.9682,4.058,402.9
1633.3482,4.057,402.6
1630.4868,4.062,401.4
1632.1519,4.049,403.1
1616.927,4.078,396.5
1607.3438,4.061,395.8
1612.1048,4.072,395.9
1633.674,4.074,401.0
1557.5832,4.086,381.2
1575.4441,4.091,385.1
1622.0428,4.094,396.2
1622.9925,4.083,397.5
1572.1213,4.093,384.1
1582.7631,4.093,386.7
1614.0843,4.077,395.9
1560.5473,4.097,380.9
1606.3912,4.073,394.4
1605.837,4.107,391.0
1594.0372,4.102,388.6
1582.8079,4.091,386.9
1595.3464,4.076,391.4
1578.9176,4.082,386.8
1576.286,4.09,385.4
1546.3869,4.127,374.7
1568.4114,4.094,383.1
1571.4478,4.069,386.2
1599.2604,4.086,391.4
1597.6926,4.053,394.2
1578.573,4.079,387.0
1609.23,4.074,395.0
1566.6716,4.082,383.8
1568.5656,4.088,383.7
1559.079,4.105,379.8
1571.53,4.1,383.3
1552.824,4.108,378.0
1582.761,4.11,385.1
1569.5798,4.111,381.8
1577.9016,4.122,382.8
1561.8309,4.109,380.1
1589.1823,4.099,387.7
1577.5976,4.132,381.8
1617.6248,4.114,393.2
1615.1688,4.088,395.1
1615.1268,4.091,394.8
1586.9616,4.088,388.2
1577.3913,4.077,386.9
1625.9076,4.077,398.8
1610.1568,4.064,396.2
1591.2204,4.052,392.7
1581.12,4.05,390.4
1581.285,4.065,389.0
1610.349,4.082,394.5
1586.9409,4.089,388.1
1552.3807,4.121,376.7
1565.4375,4.125,379.5
1587.84,4.135,384.0
1559.1806,4.127,377.8
1573.781,4.135,380.6
1605.9882,4.099,391.8
1595.419,4.13,386.3
1559.9304,4.104,380.1
1593.6848,4.133,385.6
1609.3016,4.097,392.8
1560.1716,4.134,377.4
1590.851,4.145,383.8
1566.4683,4.143,378.1
1548.5022,4.166,371.7
1584.384,4.126,384.0
1551.9344,4.154,373.6
1550.2572,4.164,372.3
1566.5496,4.152,377.3
1565.9072,4.147,377.6
1606.2676,4.142,387.8
1567.6815,4.155,377.3
1600.6848,4.134,387.2
1602.9024,4.128,388.3
1676.8961,4.103,408.7
1587.7902,4.106,386.7
1595.502,4.11,388.2
1609.887,4.11,391.7
1589.6088,4.131,384.8
1608.5636,4.133,389.2
1584.4968,4.122,384.4
1609.1036,4.108,391.7
1624.122,4.14,392.3
1575.8106,4.123,382.2
1587.9402,4.158,381.9
1629.1104,4.139,393.6
1593.1538,4.151,383.8
1598.3694,4.143,385.8
1572.3377,4.141,379.7
1589.9936,4.132,384.8
1598.4124,4.126,387.4
1596.6315,4.131,386.5
1610.5498,4.118,391.1
1569.8424,4.116,381.4
1588.0974,4.126,384.9
1561.0014,4.122,378.7
1578.783,4.105,384.6
1570.2587,4.129,380.3
1578.6146,4.139,381.4
1595.8053,4.131,386.3
1580.7582,4.123,383.4
1567.9354,4.111,381.4
1565.298,4.141,378.0
1598.3359,4.129,387.1
1597.8102,4.098,389.9
1601.0106,4.102,390.3
1595.583,4.086,390.5
1616.4597,4.083,395.9
1623.432,4.08,397.9
1604.0115,4.095,391.7
1609.3016,4.097,392.8
1568.4344,4.108,381.8
1604.4732,4.092,392.1
1597.736,4.12,387.8
1636.698,4.102,399.0
1574.1,4.125,381.6
1614.8951,4.127,391.3
1627.7778,4.122,394.9
1589.28,4.128,385.0
1596.5964,4.116,387.9
1575.662,4.114,383.0
1611.414,4.116,391.5
1565.652,4.09,382.8
1593.926,4.124,386.5
1599.8662,4.117,388.6
1573.3361,4.109,382.9
1555.398,4.14,375.7
1576.578,4.138,381.0
1620.0345,4.155,389.9
1568.2869,4.113,381.3
1595.52,4.155,384.0
1578.3822,4.146,380.7
1563.03,4.135,378.0
1599.8048,4.136,386.8
1580.6112,4.128,382.9
1611.7752,4.137,389.6
1607.0834,4.082,393.7
1615.6938,4.107,393.4
1640.9872,4.078,402.4
1629.9684,4.079,399.6
1631.0272,4.096,398.2
1624.8702,4.097,396.6
1590.7779,4.101,387.9
1593.7808,4.072,391.4
1603.1598,4.071,393.8
1622.2668,4.074,398.2
1645.3386,4.099,401.4
1638.3168,4.104,399.2
1589.636,4.097,388.0
1612.688,4.114,392.0
1604.1122,4.111,390.2
1624.077,4.095,396.6
1578.5418,4.114,383.7
1603.5492,4.118,389.4
1614.492,4.077,396.0
1583.994,4.11,385.4
1612.6088,4.118,391.6
1573.1936,4.114,382.4
1572.0936,4.136,380.1
1566.576,4.128,379.5
1596.62,4.115,388.0
1577.5515,4.105,384.3
1616.2562,4.121,392.2
1583.8368,4.116,384.8
1603.4347,4.123,388.9
1580.787,4.122,383.5
1597.5101,4.129,386.9
1575.9294,4.119,382.6
1617.1386,4.118,392.7
1641.6,4.104,400.0
1617.885,4.122,392.5
1667.0745,4.095,407.1
1623.4816,4.108,395.2
1608.0377,4.099,392.3
1615.3914,4.123,391.8
1634.586,4.107,398.0
1617.3883,4.073,397.1
1634.4553,4.079,400.7
1651.2032,4.063,406.4
1599.984,4.065,393.6
1605.3576,4.088,392.7
1613.2568,4.078,395.6
1614.365,4.087,395.0
1619.6001,4.093,395.7
1598.9838,4.078,392.1
1574.7578,4.102,383.9
1608.7308,4.106,391.8
1608.3202,4.106,391.7
1625.7634,4.091,397.4
1585.99,4.075,389.2
1595.986,4.06,393.1
1583.8757,4.079,388.3
1617.7805,4.105,394.1
1592.7228,4.086,389.8
1597.5846,4.062,393.3
1616.496,4.08,396.2
1599.36,4.08,392.0
1645.9224,4.062,405.2
1617.9694,4.051,399.4
1611.1107,4.047,398.1
1614.3028,4.054,398.2
1634.1716,4.052,403.3
1626.899,4.045,402.2
1644.6618,4.034,407.7
1636.9716,4.026,406.6
1638.195,4.03,406.5
1635.3407,4.021,406.7
1635.39,4.038,405.0
1597.7036,4.052,394.3
1621.0722,4.071,398.2
1643.8964,4.057,405.2
1621.1142,4.066,398.7
1599.3244,4.052,394.7
1589.415,4.065,391.0
1592.6848,4.088,389.6
1596.418,4.085,390.8
1597.0304,4.096,389.9
1613.914,4.09,394.6
1574.2888,4.088,385.1
1592.37,4.083,390.0
1602.0409,4.063,394.3
1627.4538,4.086,398.3
1588.602,4.065,390.8
1579.4225,4.055,389.5
1570.408,4.06,386.8
1620.2488,4.072,397.9
1606.6092,4.053,396.4
1648.7658,4.059,406.2
1585.1835,4.049,391.5
1610.3212,4.084,394.3
1612.0818,4.074,395.7
1642.6688,4.064,404.2
1613.576,4.04,399.4
1617.176,4.048,399.5
1621.6405,4.045,400.9
1636.5728,4.027,406.4
1668.2736,4.018,415.2
1622.8722,4.019,403.8
1626.4728,4.014,405.2
1665.1752,4.028,413.4
1665.1536,4.026,413.6
1626.8742,4.053,401.4
1631.735,4.054,402.5
1615.8719,4.061,397.9
1588.9854,4.089,388.6
1621.685,4.09,396.5
1594.1236,4.076,391.1
1582.214,4.099,386.0
1594.3374,4.107,388.2
1583.7957,4.083,387.9
1597.1683,4.109,388.7
1592.6484,4.109,387.6
1591.7066,4.114,386.9
1595.8848,4.128,386.6
1596.8016,4.107,388.8
1591.964,4.103,388.0
1629.7246,4.102,397.3
1586.9204,4.108,386.3
1618.929,4.11,393.9
1597.2252,4.124,387.3
1593.858,4.11,387.8
1570.92,4.134,380.0
1608.6928,4.108,391.6
1587.9528,4.116,385.8
1625.4084,4.116,394.9
1674.8446,4.082,410.3
1695.2246,4.078,415.7
1634.1156,4.068,401.7
1610.9404,4.097,393.2
1629.81,4.095,398.0
1644.24,4.08,403.0
1622.1184,4.088,396.8
1663.4132,4.084,407.3
1661.3695,4.067,408.5
1656.837,4.095,404.6
1603.2629,4.091,391.9
1607.054,4.084,393.5
1640.6508,4.057,404.4
1594.3882,4.058,392.9
1618.5796,4.076,397.1
1603.1464,4.072,393.7
1597.554,4.09,390.6
1591.2952,4.114,386.8
1584.765,4.095,387.0
1602.0872,4.088,391.9
1625.6896,4.097,396.8
1613.0048,4.096,393.8
1630.6402,4.094,398.3
1594.6718,4.091,389.8
1615.0599,4.119,392.1
1620.8146,4.094,395.9
1617.696,4.11,393.6
1600.9115,4.085,391.9
1623.3088,4.091,396.8
1596.4356,4.084,390.9
1631.308,4.06,401.8
1601.05,4.1,390.5
1623.0537,4.077,398.1
1613.6884,4.076,395.9
1624.0898,4.094,396.7
1671.1695,4.081,409.5
1623.24,4.05,400.8
1620.3635,4.097,395.5
1624.2578,4.079,398.2
1617.825,4.07,397.5
1602.423,4.065,394.2
1632.148,4.105,397.6
1603.0224,4.123,388.8
1610.9409,4.119,391.1
1579.4192,4.112,384.1
1597.4,4.075,392.0
1585.2522,4.109,385.8
1597.9744,4.127,387.2
1590.1331,4.127,385.3
1594.952,4.132,386.0
1605.4266,4.126,389.1
1616.2965,4.095,394.7
1602.5718,4.106,390.3
1626.7052,4.079,398.8
1601.8791,4.119,388.9
1598.025,4.125,387.4
1607.19,4.121,390.0
1619.4541,4.103,394.7
1601.9916,4.114,389.4
1609.7113,4.097,392.9
1581.3024,4.064,389.1
1577.6035,4.103,384.5
1620.5392,4.112,394.1
1609.7504,4.064,396.1
1606.695,4.042,397.5
1617.228,4.035,400.8
1628.9215,4.045,402.7
1641.464,4.055,404.8
1631.3521,4.039,403.9
1645.8993,4.041,407.3
1635.795,4.039,405.0
1630.1364,4.031,404.4
1642.2574,4.039,406.6
1650.3486,4.083,404.2
1605.403,4.127,389.0
1579.6648,4.118,383.6
1592.7846,4.103,388.2
1598.8518,4.086,391.3
1663.6945,4.043,411.5
1591.6379,4.051,392.9
1655.265,4.062,407.5
1590.3783,4.007,396.9
1618.4273,4.039,400.7
1643.434,4.03,407.8
1600.4401,4.061,394.1
1611.267,4.074,395.5
1590.9468,4.071,390.8
1623.2805,4.035,402.3
1577.2924,4.061,388.4
1589.7212,4.093,388.4
1583.2608,4.089,387.2
1605.3414,4.089,392.6
1599.917,4.07,393.1
1584.1961,4.061,390.1
1569.2373,4.077,384.9
1584.1136,4.066,389.6
1645.4982,4.042,407.1
1636.2,4.05,404.0
1653.7353,4.011,412.3
1610.3544,4.038,398.8
1620.864,4.032,402.0
1613.146,4.045,398.8
1647.1416,4.056,406.1
1641.4622,4.057,404.6
1626.7862,4.069,399.8
1659.7152,4.092,405.6
1611.2178,4.078,395.1
1615.083,4.094,394.5
1579.7816,4.028,392.2
1641.016,4.03,407.2
1613.5613,3.991,404.3
1649.4522,4.026,409.7
1628.433,4.005,406.6
1590.5376,4.041,393.6
1611.8625,4.055,397.5
1622.0666,4.037,401.8
1603.1055,4.035,397.3
1563.7424,4.048,386.3
1570.4271,4.059,386.9
1588.47,4.073,390.0
1601.5716,4.068,393.7
1604.8962,4.062,395.1
1608.5417,4.063,395.9
1599.7296,4.052,394.8
1599.9039,4.031,396.9
1572.342,4.065,386.8
1591.0258,4.066,391.3
1642.2754,4.054,405.1
1610.8092,4.023,400.4
1613.5848,4.038,399.6
1622.0646,4.038,401.7
1649.7995,4.019,410.5
1657.26,4.05,409.2
1649.5776,4.059,406.4
1661.5782,4.031,412.2
1630.0806,4.013,406.2
1639.7328,4.016,408.3
1635.7978,4.046,404.3
1605.7194,4.061,395.4
1584.9924,4.062,390.2
1558.4004,4.086,381.4
1595.0774,4.067,392.2
1619.0551,4.069,397.9
1609.7076,4.068,395.7
1584.1472,4.064,389.8
1605.6516,4.067,394.8
1600.3776,4.066,393.6
1619.415,4.074,397.5
1632.1431,4.053,402.7
1607.6736,4.068,395.2
1576.4903,4.081,386.3
1602.6752,4.039,396.8
1575.45,4.05,389.0
1611.5325,4.085,394.5
1562.5638,4.066,384.3
1590.4768,4.096,388.3
1588.4288,4.096,387.8
1611.2829,4.101,392.9
1592.8668,4.078,390.6
1585.1242,4.114,385.3
1618.68,4.1,394.8
1636.0,4.09,400.0
1668.2328,4.056,411.3
1645.0652,4.078,403.4
1647.9534,4.057,406.2
1628.5218,4.042,402.9
1649.9315,4.039,408.5
1639.842,4.055,404.4
1649.362,4.015,410.8
1640.1411,4.017,408.3
1613.5889,4.037,399.7
1589.2448,4.048,392.6
1597.1956,4.004,398.9
1584.2885,4.055,390.7
1561.252,4.07,383.6
1573.7628,4.054,388.2
1577.408,4.024,392.0
1629.3332,4.037,403.6
1587.505,4.019,395.0
1575.4674,4.017,392.2
1585.5028,4.018,394.6
1582.1883,4.029,392.7
1586.6016,4.031,393.6
1596.2964,4.028,396.3
1572.1412,4.054,387.8
1589.9103,4.059,391.7
1568.7364,4.081,384.4
1585.5194,4.054,391.1
1574.5158,4.078,386.1
1582.8951,4.087,387.3
1575.0345,4.107,383.5
1586.3358,4.098,387.1
1599.2578,4.058,394.1
1616.8172,4.087,395.6
1629.5344,4.082,399.2
1626.09,4.045,402.0
1596.798,4.06,393.3
1632.8952,4.068,401.4
1630.6932,4.089,398.8
1633.5264,4.092,399.2
1586.4684,4.092,387.7
1618.344,4.095,395.2
1596.616,4.073,392.0
1599.0784,4.096,390.4
1603.2969,4.089,392.1
1566.4439,4.091,382.9
1584.144,4.104,386.0
1608.2037,4.089,393.3
1578.9594,4.098,385.3
1583.6086,4.109,385.4
1574.9797,4.109,383.3
1574.494,4.079,386.0
1571.406,4.071,386.0
1566.3681,4.059,385.9
1551.16,4.082,380.0
1569.015,4.102,382.5
1614.8761,4.079,395.9
1567.5516,4.038,388.2
1570.002,4.06,386.7
1582.6965,4.053,390.5
1582.012,4.09,386.8
1566.836,4.12,380.3
1568.5769,4.103,382.3
1600.1601,4.081,392.1
1589.9655,4.055,392.1
1595.1338,4.063,392.6
1624.0,4.06,400.0
1639.4176,4.034,406.4
1634.1254,4.066,401.9
1631.2365,4.073,400.5
1610.344,4.04,398.6
1588.9426,4.039,393.4
1601.0812,4.036,396.7
1623.0905,4.073,398.5
1620.21,4.076,397.5
1584.5508,4.086,387.8
1578.1392,4.059,388.8
1565.025,4.065,385.0
1579.368,4.08,387.1
1567.1799,4.059,386.1
1579.45,4.076,387.5
1594.9868,4.073,391.6
1591.9534,4.058,392.3
1573.929,4.067,387.0
1562.496,4.069,384.0
1582.841,4.069,389.0
1570.545,4.106,382.5
1603.6198,4.094,391.7
1579.4064,4.056,389.4
1548.1256,4.088,378.7
1574.6424,4.072,386.7
1618.386,4.092,395.5
1575.3504,4.056,388.4
1576.8853,4.099,384.7
1591.3539,4.071,390.9
1556.7104,4.088,380.8
1644.2976,4.062,404.8
1613.8326,4.062,397.3
1619.415,4.074,397.5
1612.941,4.07,396.3
1615.9164,4.093,394.8
1578.4241,4.103,384.7
1605.632,4.096,392.0
1610.7012,4.086,394.2
1628.271,4.086,398.5
1625.775,4.09,397.5
1568.7364,4.081,384.4
1563.942,4.155,376.4
1605.4657,4.141,387.7
1596.9363,4.119,387.7
1559.9362,4.129,377.8
1604.85,4.115,390.0
1576.6755,4.135,381.3
1565.2945,4.103,381.5
1598.379,4.11,388.9
1570.2238,4.117,381.4
1586.074,4.109,386.0
1557.0459,4.129,377.1
1564.891,4.129,379.0
1558.3552,4.127,377.6
1581.0906,4.111,384.6
1579.032,4.095,385.6
1573.0863,4.087,384.9
1555.5705,4.099,379.5
1573.719,4.11,382.9
1570.8992,4.108,382.4
1590.4768,4.096,388.3
1555.6996,4.108,378.7
1589.1784,4.079,389.6
1575.123,4.045,389.4
1586.0807,4.091,387.7
1609.5866,4.078,394.7
1580.8296,4.088,386.7
1595.187,4.059,393.0
1602.8172,4.066,394.2
1604.9786,4.054,395.9
1645.4812,4.037,407.6
1628.5204,4.043,402.8
1566.041,4.055,386.2
1582.0272,4.069,388.8
1556.8032,4.112,378.6
1621.4114,4.109,394.6
1575.5256,4.104,383.9
1565.7618,4.101,381.8
1546.6962,4.107,376.6
1570.5168,4.107,382.4
1582.321,4.126,383.5
1569.6396,4.094,383.4
1569.9024,4.114,381.6
1570.482,4.122,381.0
1559.7985,4.121,378.5
1621.6334,4.094,396.1
1557.836,4.13,377.2
1582.224,4.155,380.8
1553.5195,4.135,375.7
1575.6168,4.142,380.4
1543.0073,4.129,373.7
1617.9807,4.137,391.1
1546.3105,4.129,374.5
1586.9532,4.137,383.6
1586.5096,4.108,386.2
1584.144,4.104,386.0
1594.175,4.114,387.5
1612.156,4.12,391.3
1616.5668,4.126,391.8
1604.1696,4.143,387.2
1645.1149,4.147,396.7
1582.8086,4.162,380.3
1607.0165,4.145,387.7
1580.8848,4.169,379.2
1566.993,4.162,376.5
1580.1984,4.176,378.4
1604.9684,4.172,384.7
1563.32,4.18,374.0
1559.937,4.19,372.3
1566.641,4.19,373.9
1560.5272,4.177,373.6
1576.3632,4.188,376.4
1579.596,4.17,378.8
1571.886,4.185,375.6
1592.8016,4.196,379.6
1568.4648,4.196,373.8
1563.1038,4.194,372.7
1551.5948,4.214,368.2
1584.444,4.205,376.8
1554.2801,4.211,369.1
1553.0085,4.203,369.5
1568.5975,4.211,372.5
1576.5312,4.184,376.8
1560.978,4.22,369.9
1540.7496,4.212,365.8
1545.6952,4.214,366.8
1599.025,4.175,383.0
1602.0774,4.158,385.3
1613.5436,4.178,386.2
1598.9784,4.188,381.8
1585.9602,4.167,380.6
1613.898,4.18,386.1
1601.0358,4.189,382.2
1579.5008,4.183,377.6
1601.7411,4.181,383.1
1598.014,4.18,382.3
1614.8841,4.161,388.1
1572.3874,4.211,373.4
1570.6608,4.164,377.2
1557.71,4.165,374.0
1583.6766,4.161,380.6
1552.7655,4.191,370.5
1566.159,4.182,374.5
1559.2741,4.177,373.3
1564.333,4.166,375.5
1563.4296,4.196,372.6
1587.9699,4.191,378.9
1549.798,4.135,374.8
1602.286,4.151,386.0
1558.3498,4.102,379.9
1550.44,4.15,373.6
1614.0697,4.127,391.1
1554.7224,4.136,375.9
1548.7798,4.118,376.1
1543.9281,4.147,372.3
1564.506,4.14,377.9
1567.5966,4.122,380.3
1564.6456,4.124,379.4
1562.4601,4.087,382.3
1568.2315,4.085,383.9
1583.5136,4.096,386.6
1629.4233,4.093,398.1
1587.992,4.051,392.0
1568.105,4.073,385.0
1602.3384,4.028,397.8
1601.1908,4.066,393.8
1623.9876,4.062,399.8
1594.08,4.1,388.8
1578.2844,4.092,385.7
1578.8973,4.143,381.1
1546.7443,4.139,373.7
1563.3414,4.126,378.9
1605.9834,4.137,388.2
1591.6494,4.146,383.9
1552.7568,4.144,374.7
1569.2248,4.147,378.4
1559.584,4.16,374.9
1564.3184,4.156,376.4
1555.9144,4.168,373.3
1559.57,4.15,375.8
1578.0429,4.167,378.7
1573.42,4.168,377.5
1565.9994,4.166,375.9
1605.3037,4.147,387.1
1551.2208,4.161,372.8
1557.6674,4.166,373.9
1557.2079,4.167,373.7
1613.8824,4.152,388.7
1561.9322,4.183,373.4
1543.3092,4.142,372.6
1576.869,4.165,378.6
1585.792,4.16,381.2
1603.5272,4.136,387.7
1598.3694,4.143,385.8
1607.3772,4.147,387.6
1569.5304,4.126,380.4
1597.5978,4.141,385.8
1614.6537,4.169,387.3
1578.2048,4.184,377.2
1578.6466,4.162,379.3
1567.918,4.18,375.1
1547.6363,4.193,369.1
1547.786,4.19,369.4
1564.816,4.184,374.0
1568.7805,4.189,374.5
1555.2324,4.174,372.6
1553.3694,4.169,372.6
1560.1092,4.124,378.3
1556.072,4.144,375.5
1601.3791,4.139,386.9
1564.299,4.122,379.5
1550.3202,4.121,376.2
1569.4931,4.151,378.1
1567.0752,4.098,382.4
1560.9984,4.134,377.6
1564.3563,4.107,380.9
1562.1606,4.158,375.7
1552.096,4.16,373.1
1567.9609,4.169,376.1
1560.2787,4.131,377.7
1549.9725,4.161,372.5
1548.2197,4.163,371.9
1571.5712,4.162,377.6
1609.3662,4.134,389.3
1601.1465,4.115,389.1
1577.0088,4.094,385.2
1596.096,4.08,391.2
1602.216,4.08,392.7
1575.8232,4.074,386.8
1579.9167,4.073,387.9
1578.2676,4.074,387.4
1566.0216,4.056,386.1
1610.8947,4.071,395.7
1577.6265,4.065,388.1
1562.232,4.08,382.9
1606.5025,4.093,392.5
1567.104,4.081,384.0
1584.24,4.1,386.4
1569.3582,4.089,383.8
1547.962,4.106,377.0
1557.2101,4.099,379.9
1600.4555,4.109,389.5
1557.5832,4.086,381.2
1561.5781,4.117,379.3
1579.0351,4.111,384.1
1568.8162,4.109,381.8
1556.2368,4.104,379.2
1599.5457,4.113,388.9
1559.745,4.11,379.5
1598.972,4.12,388.1
1550.0948,4.138,374.6
1567.3684,4.129,379.6
1545.7944,4.142,373.2
1585.237,4.139,383.0
1570.8528,4.136,379.8
1589.022,4.106,387.0
1608.965,4.115,391.0
1579.032,4.095,385.6
1588.667,4.135,384.2
1588.125,4.125,385.0
1580.5988,4.114,384.2
1602.1258,4.126,388.3
1582.1428,4.132,382.9
1584.9756,4.134,383.4
1559.7648,4.122,378.4
1583.1675,4.139,382.5
1609.218,4.14,388.7
1550.9224,4.138,374.8
1566.873,4.165,376.2
1561.911,4.143,377.0
1577.415,4.15,380.1
1592.2234,4.126,385.9
1561.645,4.15,376.3
1580.1112,4.156,380.2
1558.0668,4.146,375.8
1572.7411,4.153,378.7
1565.7192,4.152,377.1
1579.3306,4.166,379.1
1563.228,4.152,376.5
1558.2109,4.163,374.3
1557.2532,4.156,374.7
1534.3624,4.174,367.6
1553.7863,4.169,372.7
1545.3056,4.163,371.2
1542.838,4.18,369.1
1541.649,4.17,369.7
1581.358,4.156,380.5
1566.8826,4.143,378.2
1570.8528,4.136,379.8
1627.4336,4.118,395.2
1557.387,4.131,377.0
1618.461,4.134,391.5
1595.0855,4.127,386.5
1566.407,4.133,379.0
1558.8912,4.111,379.2
1575.7173,4.139,380.7
1589.6928,4.128,385.1
1576.62,4.149,380.0
1581.098,4.139,382.0
1575.503,4.157,379.0
1552.5,4.14,375.0
1551.879,4.165,372.6
1577.3232,4.164,378.8
1562.274,4.133,378.0
1571.0772,4.164,377.3
1581.1298,4.138,382.1
1563.6045,4.153,376.5
1567.8318,4.182,374.9
1560.776,4.151,376.0
1533.8025,4.185,366.5
1555.8708,4.169,373.2
1568.2416,4.162,376.8
1541.28,4.16,370.5
1577.888,4.16,379.3
1534.8981,4.163,368.7
1553.426,4.148,374.5
1588.9124,4.166,381.4
1561.528,4.153,376.0
1556.8575,4.175,372.9
1600.2105,4.151,385.5
1603.286,4.145,386.8
1585.4304,4.146,382.4
1578.1038,4.129,382.2
1576.24,4.148,380.0
1613.546,4.132,390.5
1573.943,4.13,381.1
1604.4464,4.148,386.8
1620.5994,4.149,390.6
1584.5687,4.147,382.1
1567.4744,4.138,378.8
1564.6158,4.159,376.2
1555.3392,4.152,374.6
1592.696,4.165,382.4
1557.9888,4.148,375.6
1559.25,4.158,375.0
1568.4744,4.156,377.4
1563.5265,4.155,376.3
1577.4056,4.138,381.2
1554.0479,4.163,373.3
1566.5768,4.162,376.4
1547.669,4.166,371.5
1540.8183,4.161,370.3
1556.3394,4.158,374.3
1586.3841,4.113,385.7
1544.3232,4.116,375.2
1580.0148,4.134,382.2
1559.628,4.126,378.0
1597.729,4.102,389.5
1567.7145,4.131,379.5
1563.605,4.142,377.5
1549.9132,4.132,375.1
1592.25,4.125,386.0
1614.3145,4.115,392.3
1613.505,4.09,394.5
1607.6672,4.118,390.4
1605.519,4.122,389.5
1605.5039,4.103,391.3
1592.1248,4.144,384.2
1567.3328,4.142,378.4
1592.7665,4.121,386.5
1586.8875,4.125,384.7
1559.2154,4.126,377.9
1581.5119,4.139,382.1
1541.6661,4.121,374.1
1556.5848,4.152,374.9
1551.27,4.15,373.8
1575.3034,4.139,380.6
1575.929,4.145,380.2
1593.794,4.129,386.0
1567.0606,4.138,378.7
1560.416,4.16,375.1
1582.32,4.164,380.0
1547.0352,4.152,372.6
1563.9028,4.156,376.3
1552.1388,4.159,373.2
1606.734,4.14,388.1
1556.6779,4.139,376.1
1556.2099,4.151,374.9
1541.6376,4.152,371.3
1546.2276,4.161,371.6
1557.5868,4.158,374.6
1589.6996,4.142,383.8
1561.0824,4.143,376.8
1566.4683,4.143,378.1
1570.8528,4.136,379.8
1574.1019,4.111,382.9
1618.547,4.13,391.9
1608.6144,4.112,391.2
1615.4718,4.119,392.2
1659.8244,4.132,401.7
1651.2496,4.124,400.4
1610.2269,4.149,388.1
1586.186,4.135,383.6
1615.5692,4.151,389.2
1615.2479,4.109,393.1
1546.5408,4.144,373.2
1563.7581,4.149,376.9
1576.1347,4.151,379.7
1571.9236,4.141,379.6
1540.908,4.14,372.2
1555.466,4.159,374.0
1550.1024,4.158,372.8
1570.863,4.123,381.0
1566.5044,4.142,378.2
1550.604,4.146,374.0
1546.831,4.103,377.0
1575.8292,4.092,385.1
1553.0196,4.057,382.8
1539.0385,4.145,371.3
1564.965,4.15,377.1
1596.8628,4.122,387.4
1547.1744,4.128,374.8
1570.1267,4.133,379.9
1550.4768,4.128,375.6
1599.5746,4.129,387.4
1566.963,4.049,387.0
1576.3657,4.043,389.9
1576.4622,4.062,388.1
1645.788,4.094,402.0
1642.2106,4.078,402.7
1565.7115,4.051,386.5
1594.0778,4.118,387.1
1591.2205,4.117,386.5
1606.7779,4.121,389.9
1615.5864,4.113,392.8
1620.2435,4.105,394.7
1575.0162,4.122,382.1
1592.0945,4.145,384.1
1569.6798,4.134,379.7
1558.9728,4.144,376.2
1580.007,4.147,381.0
1542.8489,4.133,373.3
1550.4813,4.149,373.7
1563.419,4.147,377.0
1548.5575,4.135,374.5
1583.8689,4.143,382.3
1554.0822,4.131,376.2
1586.8926,4.139,383.4
1544.1012,4.122,374.6
1596.8542,4.138,385.9
1546.593,4.11,376.3
1549.856,4.144,374.0
1557.5432,4.138,376.4
1556.9008,4.144,375.7
1542.3545,4.145,372.1
1578.6253,4.151,380.3
1593.204,4.12,386.7
1552.3452,4.122,376.6
1603.8,4.125,388.8
1591.8903,4.123,386.1
1579.824,4.14,381.6
1604.7846,4.118,389.7
1588.2245,4.105,386.9
1591.59,4.134,385.0
1582.1079,4.119,384.1
1617.5896,4.136,391.1
1586.8596,4.126,384.6
1577.4351,4.161,379.1
1562.082,4.17,374.6
1540.2585,4.155,370.7
1591.1415,4.149,383.5
1569.5088,4.139,379.2
1573.442,4.145,379.6
1572.44,4.138,380.0
1556.5846,4.106,379.1
1561.0348,4.121,378.8
1574.7314,4.103,383.8
1578.1398,4.098,385.1
1563.54,4.12,379.5
1597.968,4.11,388.8
1564.576,4.16,376.1
1549.4234,4.123,375.8
1583.9426,4.127,383.8
1569.5798,4.111,381.8
1543.3092,4.142,372.6
1611.5498,4.109,392.2
1557.9699,4.101,379.9
1599.568,4.112,389.0
1563.6336,4.089,382.4
1566.7722,4.122,380.1
1615.068,4.095,394.4
1602.1407,4.107,390.1
1609.2146,4.102,392.3
1590.6604,4.087,389.2
1603.5264,4.074,393.6
1635.679,4.079,401.0
1620.656,4.072,398.0
1571.5488,4.064,386.7
1626.3064,4.078,398.8
1593.5086,4.063,392.2
1546.7447,4.093,377.9
1552.0656,4.093,379.2
1548.406,4.105,377.2
1545.7338,4.086,378.3
1581.0795,4.095,386.1
1589.843,4.087,389.0
1565.6355,4.055,386.1
1554.4995,4.107,378.5
1574.4259,4.099,384.1
1584.3328,4.096,386.8
1546.4207,4.103,376.9
1583.0808,4.097,386.4
1539.5695,4.111,374.5
1546.6962,4.107,376.6
1558.3498,4.102,379.9
1542.5186,4.109,375.4
1570.2456,4.102,382.8
1537.9381,4.087,376.3
1561.04,4.108,380.0
1593.872,4.066,392.0
1543.5024,4.092,377.2
1619.5584,4.096,395.4
1576.6784,4.072,387.2
1614.5036,4.076,396.1
1585.6368,4.072,389.4
1598.7905,4.063,393.5
1586.2055,4.085,388.3
1585.0833,4.099,386.7
1570.5488,4.073,385.6
1569.6676,4.076,385.1
1554.099,4.079,381.0
1569.3076,4.091,383.6
1556.868,4.11,378.8
1554.974,4.105,378.8
1564.005,4.105,381.0
1561.4235,4.095,381.3
1582.1416,4.084,387.4
1555.2691,4.081,381.1
1579.779,4.098,385.5
1574.494,4.079,386.0
1569.6396,4.094,383.4
1624.9912,4.087,397.6
1571.6353,4.111,382.3
1560.762,4.129,378.0
1549.989,4.13,375.3
1547.6626,4.126,375.1
1597.8312,4.116,388.2
1545.0,4.12,375.0
1574.271,4.145,379.8
1563.618,4.13,378.6
1585.6509,4.139,383.1
1559.832,4.12,378.6
1577.5025,4.135,381.5
1581.0372,4.113,384.4
1594.7704,4.106,388.4
1603.9386,4.119,389.4
1599.234,4.06,393.9
1571.4027,4.089,384.3
1561.9224,4.106,380.4
1588.4933,4.093,388.1
1588.1769,4.107,386.7
1572.3415,4.115,382.1
1580.7396,4.092,386.3
1584.1,4.088,387.5
1558.895,4.135,377.0
1601.6887,4.127,388.1
1581.1432,4.109,384.8
1560.177,4.122,378.5
1595.9109,4.127,386.7
1566.879,4.09,383.1
1559.4866,4.118,378.7
1607.3398,4.114,390.7
1537.9794,4.098,375.3
1562.8032,4.104,380.8
1583.5572,4.111,385.2
1555.4026,4.117,377.8
1577.3907,4.111,383.7
1570.8992,4.108,382.4
1548.9375,4.125,375.5
1541.8188,4.138,372.6
1557.772,4.12,378.1
1551.7152,4.128,375.9
1539.235,4.15,370.9
1544.8415,4.145,372.7
1544.836,4.135,373.6
1569.7816,4.118,381.2
1613.925,4.05,398.5
1614.1923,4.067,396.9
1573.765,4.075,386.2
1611.205,4.079,395.0
1557.2992,4.096,380.2
1580.5006,4.102,385.3
1573.9374,4.102,383.7
1619.8798,4.102,394.9
1612.3767,4.083,394.9
1567.697,4.09,383.3
1564.8228,4.131,378.8
1557.0042,4.162,374.1
1614.6476,4.138,390.2
1556.2899,4.149,375.1
1607.7273,4.177,384.9
1553.013,4.158,373.5
1560.5415,4.167,374.5
1552.1814,4.158,373.3
1573.608,4.152,379.0
1565.3376,4.128,379.2
1565.7043,4.163,376.1
1565.9826,4.186,374.1
1544.4135,4.155,371.7
1537.5204,4.194,366.6
1552.8623,4.189,370.7
1525.1049,4.191,363.9
1586.0754,4.186,378.9
1550.432,4.16,372.7
1564.3976,4.184,373.9
1587.564,4.18,379.8
1545.3954,4.161,371.4
1568.2134,4.173,375.8
1557.4276,4.118,378.2
1583.088,4.128,383.5
1620.5896,4.109,394.4
1587.62,4.075,389.6
1614.0603,4.079,395.7
1586.5856,4.064,390.4
1569.0219,4.047,387.7
1593.7942,4.094,389.3
1610.4022,4.078,394.9
1615.0245,4.065,397.3
1556.2168,4.076,381.8
1558.6962,4.117,378.6
1566.747,4.095,382.6
1565.7552,4.086,383.2
1580.1007,4.063,388.9
1569.3216,4.053,387.2
1566.8831,4.073,384.7
1596.7852,4.061,393.2
1569.6004,4.036,388.9
1586.8758,4.071,389.8
1552.471,4.045,383.8
1580.078,4.085,386.8
1580.0562,4.086,386.7
1547.3682,4.086,378.7
1553.6128,4.096,379.3
1571.7622,4.091,384.2
1557.5255,4.055,384.1
1549.0334,4.054,382.1
1545.5033,4.049,381.7
1577.3616,4.057,388.8
1555.9804,4.099,379.6
1569.0276,4.068,385.7
1595.8618,4.069,392.2
1588.1307,4.069,390.3
1583.1164,4.052,390.7
1614.1824,4.068,396.8
1597.0533,4.071,392.3
1626.8252,4.063,400.4
1634.5749,4.033,405.3
1603.8261,4.047,396.3
1571.1254,4.042,388.7
1582.9996,4.082,387.8
1550.016,4.14,374.4
1563.9272,4.133,378.4
1559.0036,4.132,377.3
1594.2336,4.128,386.2
1545.9742,4.127,374.6
1582.1356,4.118,384.2
1608.5328,4.116,390.8
1583.6744,4.136,382.9
1568.2478,4.151,377.8
1611.3615,4.137,389.5
1549.9416,4.152,373.3
1565.0028,4.149,377.2
1547.9562,4.118,375.9
1547.9798,4.159,372.2
1560.5836,4.166,374.6
1539.6592,4.168,369.4
1565.188,4.12,379.9
1567.0025,4.151,377.5
1545.5615,4.127,374.5
1605.5862,4.119,389.8
1558.184,4.12,378.2
1566.2556,4.098,382.2
1574.4498,4.081,385.8
1603.4984,4.076,393.4
1572.432,4.08,385.4
1574.65,4.09,385.0
1639.4232,4.062,403.6
1610.9595,4.065,396.3
1566.8898,4.053,386.6
1620.8146,4.094,395.9
1586.2256,4.084,388.4
1645.8573,4.031,408.3
1595.7048,4.079,391.2
1575.4722,4.106,383.7
1565.088,4.11,380.8
1551.452,4.135,375.2
1581.3831,4.143,381.7
1552.3914,4.153,373.8
1544.6608,4.168,370.6
1577.2158,4.131,381.8
1559.463,4.142,376.5
1598.4124,4.126,387.4
1566.6422,4.126,379.7
1565.2359,4.131,378.9
1548.296,4.12,375.8
1542.2485,4.105,375.7
1589.796,4.108,387.0
1541.3924,4.106,375.4
1595.844,4.113,388.0
1539.7855,4.105,375.1
1577.6058,4.118,383.1
1563.54,4.12,379.5
1610.2482,4.089,393.8
1550.703,4.11,377.3
1625.5356,4.108,395.7
1628.638,4.09,398.2
1594.2342,4.069,391.8
1566.9984,4.047,387.2
1573.425,4.05,388.5
1569.0486,4.067,385.8
1565.19,4.092,382.5
1559.3794,4.063,383.8
1586.4112,4.048,391.9
1583.0258,4.058,390.1
1568.6873,4.099,382.7
1569.9082,4.151,378.2
1613.7,4.125,391.2
1550.3886,4.161,372.6
1559.796,4.193,372.0
1567.335,4.13,379.5
1573.542,4.085,385.2
1577.9309,4.121,382.9
1539.01,4.115,374.0
1556.8785,4.155,374.7
1584.6484,4.157,381.2
1555.3528,4.106,378.8
1534.708,4.13,371.6
1552.6912,4.112,377.6
1585.5615,4.113,385.5
1540.2072,4.116,374.2
1552.467,4.13,375.9
1552.6161,4.137,375.3
1588.4154,4.114,386.1
1540.0368,4.131,372.8
1542.8224,4.112,375.2
1549.8357,4.123,375.9
1630.3476,4.116,396.1
1617.5814,4.091,395.4
1601.6456,4.111,389.6
1589.8626,4.086,389.1
1559.008,4.12,378.4
1582.602,4.116,384.5
1604.6049,4.107,390.7
1563.0953,4.121,379.3
1577.7468,4.113,383.6
1622.478,4.092,396.5
1561.0014,4.122,378.7
1565.4177,4.149,377.3
1555.712,4.12,377.6
1531.1905,4.135,370.3
1558.52,4.145,376.0
1543.806,4.14,372.9
1560.416,4.16,375.1
1565.0778,4.147,377.4
1565.7837,4.139,378.3
1544.2131,4.119,374.9
1565.025,4.125,379.4
1559.25,4.125,378.0
1595.0214,4.113,387.8
1548.4128,4.128,375.1
1558.4596,4.124,377.9
1537.8,4.125,372.8
1611.332,4.12,391.1
1547.9562,4.118,375.9
1603.504,4.12,389.2
1566.4959,4.089,383.1
1576.19,4.094,385.0
1569.8167,4.087,384.1
1548.3314,4.081,379.4
1586.816,4.048,392.0
1580.1351,4.061,389.1
1584.464,4.042,392.0
1555.015,4.039,385.0
1573.0042,4.022,391.1
1607.85,4.05,397.0
1622.8722,4.038,401.9
1599.591,4.009,399.0
1584.3737,4.049,391.3
1570.2526,4.046,388.1
1559.6148,4.052,384.9
1572.564,4.053,388.0
1554.455,4.025,386.2
1595.9988,4.059,393.2
1600.8342,4.062,394.1
1547.4621,4.033,383.7
1560.9374,4.066,383.9
1619.2252,4.042,400.6
1574.4436,4.036,390.1
1577.1308,4.046,389.8
1556.2816,4.036,385.6
1528.12,4.048,377.5
1557.63,4.05,384.6
1579.168,4.045,390.4
1550.0448,4.024,385.2
1573.2866,4.058,387.7
1555.0524,4.037,385.2
1576.839,4.038,390.5
1551.4404,4.012,386.7
1554.1686,4.041,384.6
1591.8164,4.034,394.6
1568.328,4.04,388.2
1569.136,4.04,388.4
1566.058,4.03,388.6
1594.7662,4.013,397.4
1578.1365,4.031,391.5
1561.4335,4.015,388.9
1598.787,3.987,401.0
1570.7352,4.008,391.9
1635.264,4.008,408.0
1583.5428,4.011,394.8
1547.8296,4.012,385.8
1543.9536,4.046,381.6
1563.7392,4.068,384.4
1571.3354,4.027,390.2
1579.7921,4.027,392.3
1562.9355,4.023,388.5
1597.4328,4.038,395.6
1594.362,4.06,392.7
1563.218,3.998,391.0
1548.6912,4.032,384.1
1570.53,4.027,390.0
1585.188,4.003,396.0
1556.9973,4.041,385.3
1606.4039,4.013,400.3
1541.7246,4.017,383.8
1592.6317,4.033,394.9
1557.82,4.015,388.0
1566.356,4.037,388.0
1564.986,4.02,389.3
1552.896,4.044,384.0
1581.2433,4.041,391.3
1553.65,4.025,386.0
1556.3347,4.033,385.9
1602.7592,4.024,398.3
1628.9215,4.045,402.7
1635.7938,4.038,405.1
1607.5584,4.032,398.7
1611.2096,4.024,400.4
1579.236,4.04,390.9
1610.015,4.015,401.0
1599.1965,4.005,399.3
1637.0622,3.987,410.6
1603.1991,3.999,400.9
1545.4854,4.031,383.4
1550.1444,4.018,385.8
1590.3055,4.021,395.5
1558.0404,3.996,389.9
1574.9825,4.025,391.3
1558.4332,4.028,386.9
1564.7572,4.036,387.7
1597.5609,4.017,397.7
1572.6347,4.019,391.3
1605.9984,3.999,401.6
1570.8576,3.991,393.6
1547.228,4.024,384.5
1594.5972,4.039,394.8
1543.7844,4.014,384.6
1585.5699,4.007,395.7
1558.1943,4.017,387.9
1571.8921,4.013,391.7
1561.6,4.0,390.4
1571.0895,4.013,391.5
1557.221,3.998,389.5
1564.8172,3.998,391.4
1548.723,3.966,390.5
1587.613,3.974,399.5
1651.6304,3.976,415.4
1576.848,3.99,395.2
1613.9494,3.989,404.6
1596.782,4.01,398.2
1596.7967,3.989,400.3
1598.394,3.99,400.6
1604.284,3.971,404.0
1639.0557,3.987,411.1
1603.9829,3.991,401.9
1543.1658,4.026,383.3
1561.7426,4.022,388.3
1558.4646,4.026,387.1
1573.7024,4.031,390.4
1566.2043,4.019,389.7
1601.1352,4.027,397.6
1584.4374,3.983,397.8
1563.6096,4.032,387.8
1558.4952,4.024,387.3
1575.5208,4.011,392.8
1558.0306,3.997,389.8
1575.5124,4.012,392.7
1561.446,4.014,389.0
1594.3968,4.002,398.4
1550.2803,4.009,386.7
1550.8,4.0,387.7
1541.6136,4.023,383.2
1552.572,4.04,384.3
1545.3426,4.038,382.7
1556.8542,4.026,386.7
1544.6592,4.032,383.1
1572.2934,4.013,391.8
1593.1962,4.002,398.1
1587.6234,3.987,398.2
1635.08,3.988,410.0
1604.6272,3.964,404.8
1605.9984,3.999,401.6
1599.598,3.995,400.4
1619.6138,4.003,404.6
1592.3584,4.013,396.8
1574.4348,3.994,394.2
1614.0124,4.004,403.1
1570.2453,4.017,390.9
1582.846,3.98,397.7
1736.5368,3.912,443.9
1558.7859,4.071,382.9
1553.7712,4.076,381.2
1552.1139,4.077,380.7
1551.5116,4.084,379.9
1581.8562,4.078,387.9
1547.5944,4.092,378.2
1578.0132,4.086,386.2
1547.364,4.056,381.5
1557.032,4.076,382.0
1551.1032,4.084,379.8
1540.638,4.092,376.5
1558.1764,4.094,380.6
1554.48,4.08,381.0
1566.6084,4.067,385.2
1535.5515,4.085,375.9
1545.912,4.08,378.9
1552.67,4.1,378.7
1577.4182,4.094,385.3
1562.7864,4.074,383.6
1568.0112,4.058,386.4
1568.6835,4.065,385.9
1579.0221,4.077,387.3
1606.136,4.06,395.6
1632.956,4.03,405.2
1568.0231,3.997,392.3
1566.53,4.025,389.2
1585.4475,4.025,393.9
1586.4687,4.071,389.7
1591.0998,4.061,391.8
1587.069,4.059,391.0
1561.5891,4.089,381.9
1591.4856,4.106,387.6
1569.3088,4.028,389.6
1543.455,4.05,381.1
1559.0757,4.011,388.7
1546.3302,4.029,383.8
1574.1775,4.025,391.1
1599.1776,4.014,398.4
1545.5436,4.028,383.7
1550.2952,4.052,382.6
1553.5536,4.084,380.4
1558.6875,4.075,382.5
1533.7839,4.089,375.1
1545.4984,4.106,376.4
1560.5486,4.082,382.3
1571.9028,4.044,388.7
1551.396,4.088,379.5
1578.9844,4.057,389.2
1548.3328,4.066,380.8
1548.7648,4.048,382.6
1565.096,4.04,387.4
1585.362,4.034,393.0
1604.3848,4.019,399.2
1587.054,4.06,390.9
1593.7404,4.044,394.1
1591.6256,4.052,392.8
1630.9426,4.031,404.6
1595.9328,4.064,392.7
1626.492,4.046,402.0
1600.5297,4.053,394.9
1599.303,4.054,394.5
1567.288,4.09,383.2
1549.7679,4.101,377.9
1562.0709,4.101,380.9
1572.7236,4.116,382.1
1543.8796,4.093,377.2
1562.4336,4.088,382.2
1572.605,4.09,384.5
1573.632,4.098,384.0
1562.7135,4.107,380.5
1559.835,4.078,382.5
1545.156,4.104,376.5
1547.0192,4.084,378.8
1548.8496,4.104,377.4
1565.6178,4.106,381.3
1575.0616,4.106,383.6
1565.184,4.076,384.0
1542.3177,4.103,375.9
1547.962,4.106,377.0
1578.4496,4.102,384.8
1543.6288,4.088,377.6
1530.975,4.11,372.5
1547.6515,4.115,376.1
1591.9432,4.084,389.8
1607.4324,4.086,393.4
1600.176,4.08,392.2
1627.555,4.075,399.4
1589.976,4.08,389.7
1566.4959,4.089,383.1
1624.3448,4.069,399.2
1587.789,4.065,390.6
1584.858,4.07,389.4
1585.4756,4.057,390.8
1562.142,4.047,386.0
1557.2562,4.083,381.4
1586.614,4.085,388.4
1565.5,4.04,387.5
1574.2888,4.088,385.1
1577.22,4.065,388.0
1548.8244,4.078,379.8
1600.417,4.09,391.3
1564.6185,4.065,384.9
1555.6772,4.081,381.2
1569.4133,4.069,385.7
1568.2315,4.085,383.9
1545.8534,4.082,378.7
1600.452,4.06,394.2
1549.449,4.07,380.7
1558.0912,4.066,383.2
1563.913,4.078,383.5
1569.7342,4.073,385.4
1549.449,4.07,380.7
1583.23,4.07,389.0
1545.2864,4.058,380.8
1547.9805,4.079,379.5
1591.3854,4.037,394.2
1639.3725,4.023,407.5
1582.5706,4.031,392.6
1575.5124,4.046,389.4
1593.3039,4.047,393.7
1608.7392,4.038,398.4
1631.3421,4.049,402.9
1605.1986,4.014,399.9
1560.2418,4.014,388.7
1577.16,4.044,390.0
1561.9968,4.032,387.4
1574.4312,4.062,387.6
1563.5474,4.058,385.3
1548.6528,4.084,379.2
1566.0456,4.074,384.4
1552.2464,4.072,381.2
1581.6384,4.068,388.8
1578.6747,4.051,389.7
1586.3975,4.075,389.3
1594.9388,4.076,391.3
1547.9002,4.067,380.6
1566.7676,4.078,384.2
1552.446,4.107,378.0
1542.9632,4.096,376.7
1582.8736,4.088,387.2
1549.119,4.082,379.5
1549.6098,4.093,378.6
1534.488,4.08,376.1
1526.239,4.105,371.8
1542.8736,4.086,377.6
1588.3626,4.079,389.4
1576.638,4.074,387.0
1606.635,4.05,396.7
1607.0232,4.052,396.6
1601.5043,4.033,397.1
1567.267,4.03,388.9
1580.4855,4.037,391.5
1587.9264,4.016,395.4
1577.6596,4.037,390.8
1598.0755,4.055,394.1
1632.564,4.04,404.1
1603.9125,4.035,397.5
1577.88,4.05,389.6
1591.5339,4.059,392.1
1580.9805,4.059,389.5
1563.506,4.06,385.1
1588.3012,4.058,391.4
1553.6672,4.064,382.3
1548.078,4.06,381.3
1563.608,4.055,385.6
1554.3687,4.051,383.7
1552.705,4.07,381.5
1561.5882,4.073,383.4
1546.6801,4.067,380.3
1587.3501,4.067,390.3
1534.2064,4.076,376.4
1574.6739,4.089,385.1
1567.8912,4.064,385.8
1587.5654,4.078,389.3
1549.44,4.035,384.0
1543.344,4.07,379.2
1579.9927,4.069,388.3
1568.1421,4.051,387.1
1564.7086,4.039,387.4
1575.2374,4.037,390.2
1618.0374,4.011,403.4
1606.4055,4.011,400.5
1589.1532,4.012,396.1
1571.7381,4.027,390.3
1584.96,4.064,390.0
1603.3764,4.052,395.7
1652.3384,4.036,409.4
1594.3793,4.009,397.7
1595.6018,3.998,399.1
1566.0936,3.987,392.8
1597.4784,4.032,396.2
1588.0144,3.994,397.6
1573.077,4.015,391.8
1565.8836,4.012,390.3
1580.215,4.025,392.6
1568.6172,4.047,387.6
1575.123,4.045,389.4
1574.3745,4.065,387.3
1563.0789,4.061,384.9
1576.2712,4.072,387.1
1539.7096,4.069,378.4
1573.3143,4.077,385.9
1561.37,4.045,386.0
1588.6482,4.062,391.1
1544.4999,4.057,380.7
1553.8236,4.074,381.4
1565.0464,4.064,385.1
1607.2308,4.071,394.8
1548.7394,4.066,380.9
1576.7759,4.067,387.7
1557.0324,4.059,383.6
1597.7354,4.049,394.6
1615.1877,4.041,399.7
1608.204,4.056,396.5
1612.337,4.045,398.6
1607.1825,4.025,399.3
1613.172,4.04,399.3
1625.6943,4.041,402.3
1594.8555,4.053,393.5
1594.9435,4.045,394.3
1576.8863,4.061,388.3
1578.654,4.02,392.7
1555.3164,4.063,382.8
1592.184,4.07,391.2
1570.716,4.065,386.4
1577.6808,4.062,388.4
1574.2186,4.051,388.6
1582.4872,4.066,389.2
1562.066,4.07,383.8
1564.8234,4.074,384.1
1580.2652,4.076,387.7
1571.32,4.075,385.6
1571.2761,4.057,387.3
1597.7763,4.077,391.9
1602.5042,4.058,394.9
1560.7976,4.072,383.3
1605.865,4.045,397.0
1559.1905,4.087,381.5
1586.102,4.09,387.8
1560.3896,4.088,381.7
1597.4894,4.069,392.6
1567.619,4.093,383.0
1589.5495,4.081,389.5
1587.851,4.061,391.0
1604.148,4.056,395.5
1581.6724,4.039,391.6
1593.6274,4.054,393.1
1611.3954,4.062,396.7
1635.7978,4.043,404.6
1600.9604,4.082,392.2
1577.4182,4.094,385.3
1612.962,4.068,396.5
1607.4284,4.052,396.7
1599.9308,4.069,393.2
1570.7368,4.099,383.2
1569.4812,4.084,384.3
1569.3076,4.091,383.6
1569.8655,4.085,384.3
1554.099,4.079,381.0
1559.572,4.088,381.5
1629.5688,4.078,399.6
1572.135,4.075,385.8
1591.2179,4.079,390.1
1580.094,4.036,391.5
1586.9268,4.068,390.1
1592.1438,4.042,393.9
1563.023,4.081,383.0
1594.0732,4.079,390.8
1562.7074,4.093,381.8
1574.4192,4.128,381.4
1558.8375,4.125,377.9
1577.8194,4.138,381.3
1552.9901,4.127,376.3
1566.4752,4.131,379.2
1568.638,4.115,381.2
1598.5116,4.122,387.8
1630.082,4.106,397.0
1623.0228,4.111,394.8
1587.2722,4.126,384.7
1613.0994,4.114,392.1
1589.98,4.1,387.8
1591.4625,4.107,387.5
1587.773,4.066,390.5
1598.8975,4.105,389.5
