1888.828,4.408,428.5
1884.1977,4.389,429.3
1965.152,4.34,452.8
1933.6026,4.353,444.2
1827.504,4.41,414.4
1846.7002,4.399,419.8
1809.212,4.43,408.4
1625.817,4.53,358.9
1616.304,4.53,356.8
1621.024,4.528,358.0
1560.0757,4.547,343.1
1568.934,4.545,345.2
1595.9668,4.556,350.3
1560.6602,4.562,342.1
1552.915,4.55,341.3
1619.234,4.523,358.0
1640.6709,4.521,362.9
1651.3067,4.513,365.9
1631.3544,4.524,360.6
1593.7878,4.542,350.9
1632.0354,4.541,359.4
1590.4,4.544,350.0
1602.204,4.526,354.0
1677.0547,4.507,372.1
1679.1687,4.503,372.9
1613.1279,4.553,354.3
1618.5728,4.544,356.2
1595.0612,4.534,351.8
1598.08,4.54,352.0
1643.5741,4.529,362.9
1646.8578,4.507,365.4
1670.5845,4.509,370.5
1678.9003,4.529,370.7
1594.6,4.556,350.0
1582.2252,4.531,349.2
1585.822,4.54,349.3
1597.53,4.532,352.5
1635.9399,4.503,363.3
1668.4914,4.507,370.2
1618.8552,4.527,357.6
1573.3488,4.542,346.4
1591.9304,4.538,350.8
1589.0712,4.548,349.4
1583.1856,4.552,347.8
1620.3555,4.535,357.3
1639.308,4.516,363.0
1622.2125,4.525,358.5
1614.3953,4.531,356.3
1570.785,4.553,345.0
1567.1426,4.553,344.2
1605.5457,4.547,353.1
1578.2637,4.547,347.1
1573.7167,4.547,346.1
1632.2592,4.524,360.8
1632.0662,4.531,360.2
1621.4541,4.533,357.7
1598.3736,4.546,351.6
1591.3044,4.557,349.2
1567.7893,4.543,345.1
1578.4516,4.541,347.6
1603.5225,4.549,352.5
1635.33,4.53,361.0
1659.9648,4.528,366.6
1618.088,4.535,356.8
1583.5575,4.557,347.5
1558.592,4.544,343.0
1579.2185,4.555,346.7
1567.335,4.543,345.0
1566.5908,4.562,343.4
1594.074,4.548,350.5
1604.8215,4.527,354.5
1624.3416,4.536,358.1
1623.8502,4.522,359.1
1602.2007,4.553,351.9
1561.914,4.567,342.0
1565.448,4.56,343.3
1598.784,4.542,352.0
1575.024,4.56,345.4
1568.3526,4.542,345.3
1620.1184,4.528,357.8
1651.5374,4.526,364.9
1613.3572,4.537,355.6
1574.208,4.555,345.6
1558.0383,4.557,341.9
1603.5776,4.544,352.9
1574.5176,4.548,346.2
1596.8645,4.543,351.5
1609.5432,4.506,357.2
1645.8465,4.503,365.5
1706.4222,4.506,378.7
1631.5594,4.546,358.9
1616.6608,4.531,356.8
1611.968,4.528,356.0
1644.1992,4.522,363.6
1650.0601,4.517,365.3
1631.359,4.519,361.0
1619.709,4.537,357.0
1608.8294,4.546,353.9
1581.7338,4.527,349.4
1569.478,4.54,345.7
1585.822,4.54,349.3
1676.6298,4.518,371.1
1667.4086,4.498,370.7
1651.608,4.52,365.4
1598.3736,4.546,351.6
1603.8295,4.537,353.5
1608.5645,4.535,354.7
1628.2688,4.528,359.6
1591.7942,4.526,351.7
1645.928,4.528,363.5
1641.5751,4.521,363.1
1610.7336,4.536,355.1
1556.7804,4.548,342.3
1597.3336,4.556,350.6
1583.748,4.551,348.0
1602.6688,4.544,352.7
1626.3237,4.539,358.3
1617.4016,4.528,357.2
1632.7045,4.529,360.5
1604.1333,4.543,353.1
1586.6912,4.549,348.8
1565.4216,4.548,344.2
1582.2752,4.552,347.6
1601.3508,4.548,352.1
1592.998,4.532,351.5
1642.0328,4.526,362.8
1636.052,4.532,361.0
1617.21,4.53,357.0
1558.026,4.545,342.8
1598.5583,4.553,351.1
1617.2793,4.557,354.9
1564.29,4.55,343.8
1588.4352,4.554,348.8
1611.612,4.527,356.0
1604.5365,4.539,353.5
1605.0776,4.529,354.4
1594.2822,4.546,350.7
1568.7594,4.563,343.8
1558.026,4.545,342.8
1541.8675,4.555,338.5
1575.7933,4.553,346.1
1579.2804,4.546,347.4
1645.3886,4.534,362.9
1604.682,4.533,354.0
1610.8034,4.526,355.9
1612.7438,4.534,355.7
1588.7541,4.551,349.1
1577.7748,4.564,345.7
1556.1,4.55,342.0
1584.0132,4.557,347.6
1608.15,4.53,355.0
1624.5322,4.534,358.3
1646.9226,4.527,363.8
1578.2382,4.543,347.4
1606.1517,4.541,353.7
1594.8621,4.527,352.3
1599.5436,4.539,352.4
1619.658,4.556,355.5
1653.5344,4.508,366.8
1674.1556,4.498,372.2
1641.9295,4.517,363.5
1619.5021,4.553,355.7
1584.978,4.548,348.5
1628.2688,4.528,359.6
1615.4642,4.534,356.3
1641.3967,4.523,362.9
1658.4102,4.509,367.8
1643.0348,4.499,365.2
1632.624,4.515,361.6
1597.5675,4.545,351.5
1596.595,4.55,350.9
1598.134,4.535,352.4
1594.0058,4.531,351.8
1623.3174,4.518,359.3
1654.1526,4.506,367.1
1646.008,4.522,364.0
1583.4808,4.532,349.4
1571.8557,4.539,346.3
1594.4472,4.566,349.2
1597.8564,4.564,350.1
1596.699,4.549,351.0
1639.0452,4.524,362.3
1618.9701,4.521,358.1
1635.949,4.538,360.5
1582.49,4.55,347.8
1582.6752,4.544,348.3
1602.8216,4.538,353.2
1564.6425,4.555,343.5
1586.1582,4.554,348.3
1655.9766,4.527,365.8
1617.3059,4.529,357.1
1619.4485,4.535,357.1
1572.1344,4.549,345.6
1590.393,4.557,349.0
1594.32,4.55,350.4
1582.887,4.542,348.5
1562.7777,4.539,344.3
1636.236,4.53,361.2
1650.165,4.521,365.0
1627.4565,4.527,359.5
1571.4873,4.559,344.7
1549.1555,4.555,340.1
1597.0177,4.559,350.3
1558.8342,4.554,342.3
1581.973,4.559,347.0
1620.9424,4.543,356.8
1630.1727,4.527,360.1
1626.0185,4.523,359.5
1626.9444,4.542,358.2
1558.4874,4.549,342.6
1568.4156,4.562,343.8
1554.9628,4.556,341.3
1589.2092,4.551,349.2
1554.735,4.55,341.7
1592.748,4.53,351.6
1617.181,4.535,356.6
1619.8743,4.521,358.3
1600.028,4.552,351.5
1578.4354,4.558,346.3
1557.8022,4.547,342.6
1570.785,4.553,345.0
1586.88,4.56,348.0
1618.8984,4.536,356.9
1668.618,4.522,369.0
1686.9594,4.513,373.8
1591.0908,4.524,351.7
1604.6363,4.547,352.9
1584.0384,4.544,348.6
1575.727,4.541,347.0
1625.439,4.534,358.5
1658.8611,4.509,367.9
1676.3868,4.521,370.8
1605.6472,4.546,353.2
1608.721,4.538,354.5
1642.2154,4.529,362.6
1604.7265,4.555,352.3
1611.2052,4.554,353.8
1607.7204,4.511,356.4
1699.0652,4.508,376.9
1715.9545,4.505,380.9
1768.23,4.425,399.6
1813.6755,4.429,409.5
1614.8062,4.522,357.1
1632.7045,4.529,360.5
1623.7408,4.528,358.6
1617.1139,4.531,356.9
1641.4902,4.527,362.6
1616.0436,4.542,355.8
1578.3075,4.555,346.5
1583.1018,4.557,347.4
1592.428,4.555,349.6
1626.492,4.556,357.0
1615.6368,4.518,357.6
1627.2697,4.529,359.3
1610.0595,4.529,355.5
1607.8192,4.547,353.6
1571.7696,4.544,345.9
1574.755,4.55,346.1
1587.0956,4.558,348.2
1571.2403,4.553,345.1
1625.6284,4.532,358.7
1649.2896,4.536,363.6
1597.6805,4.535,352.3
1586.4786,4.551,348.6
1585.6122,4.542,349.1
1594.419,4.562,349.5
1592.2896,4.552,349.8
1564.4108,4.553,343.6
1608.8202,4.537,354.6
1627.5168,4.536,358.8
1634.1465,4.533,360.5
1580.9919,4.547,347.7
1597.1539,4.549,351.1
1571.376,4.56,344.6
1557.8103,4.559,341.7
1573.297,4.555,345.4
1564.4011,4.549,343.9
1621.4602,4.547,356.6
1598.134,4.535,352.4
1612.5174,4.527,356.2
1567.264,4.556,344.0
1602.9444,4.559,351.6
1582.2752,4.552,347.6
1571.623,4.57,343.9
1577.068,4.558,346.0
1602.6147,4.531,353.7
1641.219,4.53,362.3
1604.7232,4.528,354.4
1590.8182,4.553,349.4
1608.7236,4.556,353.1
1599.682,4.564,350.5
1606.7584,4.544,353.6
1608.5992,4.516,356.2
1680.1304,4.472,375.7
1684.6728,4.471,376.8
1664.5975,4.505,369.5
1596.4214,4.534,352.1
1602.7152,4.548,352.4
1601.1008,4.528,353.6
1674.6135,4.515,370.9
1618.2539,4.519,358.1
1647.4748,4.541,362.8
1606.5054,4.542,353.7
1613.1756,4.548,354.7
1613.3572,4.537,355.6
1599.442,4.54,352.3
1657.484,4.52,366.7
1639.225,4.522,362.5
1625.0992,4.528,358.9
1617.4668,4.546,355.8
1595.2533,4.541,351.3
1604.8872,4.549,352.8
1590.03,4.53,351.0
1625.0208,4.524,359.2
1611.5449,4.523,356.3
1621.5102,4.518,358.9
1587.495,4.55,348.9
1601.3298,4.557,351.4
1559.5188,4.564,341.7
1564.9776,4.552,343.8
1594.8576,4.536,351.6
1600.855,4.535,353.0
1631.715,4.525,360.6
1608.0232,4.522,355.6
1631.8648,4.538,359.6
1594.775,4.55,350.5
1601.0418,4.551,351.8
1559.278,4.546,343.0
1560.993,4.551,343.0
1588.932,4.545,349.6
1637.3248,4.528,361.6
1629.2766,4.522,360.3
1643.1212,4.529,362.8
1572.8256,4.551,345.6
1575.7736,4.549,346.4
1581.5244,4.542,348.2
1580.9919,4.547,347.7
1567.93,4.55,344.6
1615.658,4.532,356.5
1637.135,4.535,361.0
1610.4768,4.534,355.2
1587.0114,4.563,347.8
1577.5396,4.562,345.8
1565.5902,4.534,345.3
1572.3056,4.568,344.2
1592.0562,4.567,348.6
1663.6568,4.511,368.8
1623.3047,4.523,358.9
1629.1744,4.528,359.8
1612.0944,4.536,355.4
1571.6795,4.549,345.5
1600.0672,4.556,351.2
1554.3927,4.557,341.1
1558.9497,4.557,342.1
1561.5666,4.554,342.9
1592.6465,4.531,351.5
1633.2262,4.538,359.9
1617.7588,4.529,357.2
1610.4468,4.548,354.1
1598.6358,4.539,352.2
1628.952,4.54,358.8
1607.9681,4.541,354.1
1651.587,4.515,365.8
1638.952,4.52,362.6
1607.8551,4.533,354.7
1601.4088,4.534,353.2
1573.1632,4.531,347.2
1592.3949,4.551,349.9
1582.6104,4.536,348.9
1639.0992,4.548,360.4
1578.4785,4.545,347.3
1604.3742,4.554,352.3
1575.21,4.55,346.2
1594.3554,4.554,350.1
1586.6595,4.545,349.1
1581.9797,4.529,349.3
1618.4448,4.536,356.8
1577.273,4.535,347.8
1602.0972,4.554,351.8
1559.844,4.545,343.2
1615.4042,4.562,354.1
1595.7558,4.558,350.1
1561.662,4.545,343.6
1583.7735,4.555,347.7
1569.2404,4.538,345.8
1593.856,4.528,352.0
1593.339,4.555,349.8
1530.7186,4.553,336.2
1601.9634,4.542,352.7
1615.5612,4.533,356.4
1601.0015,4.529,353.5
1614.3282,4.527,356.6
1642.6565,4.519,363.5
1626.9231,4.523,359.7
1618.7046,4.538,356.7
1605.5886,4.533,354.2
1600.4989,4.543,352.3
1626.228,4.54,358.2
1649.781,4.515,365.4
1631.1048,4.546,358.8
1578.2637,4.547,347.1
1576.742,4.54,347.3
1564.9776,4.552,343.8
1582.5971,4.549,347.9
1609.9408,4.553,353.6
1628.28,4.523,360.0
1626.8937,4.533,358.9
1590.68,4.55,349.6
1571.7093,4.557,344.9
1578.9804,4.553,346.8
1561.336,4.552,343.0
1584.7084,4.559,347.6
1553.4835,4.549,341.5
1585.822,4.54,349.3
1622.3053,4.543,357.1
1601.561,4.537,353.0
1566.6873,4.553,344.1
1562.3583,4.551,343.3
1597.2285,4.557,350.5
1550.5159,4.559,340.1
1590.0136,4.552,349.3
1624.036,4.52,359.3
1668.3744,4.514,369.6
1610.1216,4.533,355.2
1585.047,4.53,349.9
1603.8812,4.541,353.2
1610.5932,4.542,354.6
1644.6625,4.537,362.5
1643.301,4.527,363.0
1616.7552,4.544,355.8
1601.248,4.549,352.0
1598.1399,4.557,350.7
1578.2868,4.551,346.8
1615.8464,4.544,355.6
1619.6772,4.542,356.6
1589.7648,4.537,350.4
1611.246,4.54,354.9
1586.8548,4.556,348.3
1588.2328,4.543,349.6
1579.9488,4.544,347.7
1586.2363,4.549,348.7
1578.6642,4.539,347.8
1581.6304,4.528,349.3
1613.5744,4.544,355.1
1593.2,4.552,350.0
1569.8599,4.549,345.1
1606.695,4.558,352.5
1576.768,4.544,347.0
1553.3664,4.558,340.8
1564.3056,4.558,343.2
1599.488,4.544,352.0
1571.4844,4.534,346.6
1621.4955,4.523,358.5
1612.055,4.541,355.0
1608.4656,4.536,354.6
1615.2048,4.532,356.4
1592.692,4.535,351.2
1635.9625,4.513,362.5
1664.1252,4.527,367.6
1621.656,4.545,356.8
1630.7178,4.526,360.3
1606.7505,4.535,354.3
1603.982,4.54,353.3
1585.85,4.531,350.0
1602.8718,4.542,352.9
1573.1632,4.531,347.2
1617.3432,4.538,356.4
1570.752,4.545,345.6
1579.6521,4.551,347.1
1559.6004,4.539,343.6
1577.0502,4.554,346.3
1584.5984,4.543,348.8
1626.17,4.55,357.4
1606.6666,4.522,355.3
1571.13,4.554,345.0
1584.0684,4.548,348.3
1575.3187,4.549,346.3
1557.4596,4.546,342.6
1557.468,4.554,342.0
1573.6952,4.543,346.4
1584.914,4.54,349.1
1585.158,4.542,349.0
1607.6643,4.553,353.1
1558.4937,4.561,341.7
1592.9828,4.541,350.8
1608.111,4.535,354.6
1588.671,4.53,350.7
1613.8296,4.518,357.2
1672.6054,4.523,369.8
1594.1782,4.547,350.6
1614.6848,4.528,356.6
1632.6934,4.534,360.1
1613.553,4.535,355.8
1613.8452,4.532,356.1
1649.3295,4.515,365.3
1605.3333,4.531,354.3
1572.8946,4.542,346.3
1590.7122,4.554,349.3
1588.6871,4.543,349.7
1575.2448,4.558,345.6
1606.4551,4.547,353.3
1622.1105,4.545,356.9
1605.8435,4.535,354.1
1624.7698,4.541,357.8
1604.0219,4.553,352.3
1588.6105,4.535,350.3
1582.8625,4.555,347.5
1549.611,4.555,340.2
1569.6708,4.534,346.2
1583.4467,4.541,348.7
1568.8175,4.525,346.7
1618.3915,4.555,355.3
1555.19,4.55,341.8
1561.454,4.555,342.8
1579.0888,4.552,346.9
1561.8945,4.547,343.5
1597.96,4.55,351.2
1625.4732,4.524,359.3
1639.6772,4.522,362.6
1594.0525,4.535,351.5
1603.1225,4.535,353.5
1626.4192,4.538,358.4
1616.0794,4.537,356.2
1617.8544,4.528,357.3
1597.113,4.518,353.5
1638.8469,4.541,360.9
1623.3386,4.537,357.8
1617.2688,4.548,355.6
1565.448,4.56,343.3
1582.8107,4.547,348.1
1597.216,4.544,351.5
1610.9653,4.529,355.7
1634.7744,4.536,360.4
1583.4258,4.554,347.7
1592.1094,4.558,349.3
1600.544,4.547,352.0
1598.6817,4.543,351.9
1587.04,4.55,348.8
1622.596,4.54,357.4
1583.5334,4.553,347.8
1586.1713,4.541,349.3
1584.0132,4.557,347.6
1598.2448,4.556,350.8
1554.95,4.54,342.5
1567.3644,4.551,344.4
1570.5151,4.543,345.7
1576.5282,4.542,347.1
1598.432,4.541,352.0
1606.9098,4.547,353.4
1598.0837,4.531,352.7
1584.633,4.534,349.5
1626.4619,4.547,357.7
1603.17,4.548,352.5
1639.848,4.515,363.2
1623.398,4.522,359.0
1602.558,4.527,354.0
1609.2306,4.542,354.3
1597.2741,4.539,351.9
1613.2584,4.524,356.6
1584.5636,4.517,350.8
1564.8286,4.541,344.6
1583.9008,4.541,348.8
1582.356,4.547,348.0
1563.9345,4.545,344.1
1578.156,4.548,347.0
1606.6323,4.527,354.9
1594.6329,4.547,350.7
1611.3836,4.534,355.4
1614.3953,4.531,356.3
1565.0285,4.535,345.1
1567.5979,4.553,344.3
1556.9878,4.538,343.1
1583.2929,4.551,347.9
1581.6454,4.562,346.7
1575.3549,4.557,345.7
1610.7066,4.527,355.8
1586.7562,4.531,350.2
1572.5893,4.549,345.7
1548.1392,4.548,340.4
1568.4409,4.537,345.7
1585.9168,4.552,348.4
1594.0968,4.539,351.2
1633.6185,4.519,361.5
1607.8345,4.505,356.9
1626.873,4.538,358.5
1598.4684,4.518,353.8
1614.3282,4.527,356.6
1578.7332,4.521,349.2
1571.9378,4.534,346.7
1617.9105,4.513,358.5
1616.1314,4.498,359.3
1622.321,4.519,359.0
1564.8435,4.545,344.3
1590.2955,4.545,349.9
1577.196,4.54,347.4
1575.7736,4.549,346.4
1572.8708,4.538,346.6
1585.9266,4.539,349.4
1594.9527,4.517,353.1
1596.6585,4.545,351.3
1601.5092,4.542,352.6
1606.0816,4.528,354.7
1583.5069,4.549,348.1
1567.1408,4.528,346.1
1575.8592,4.544,346.8
1590.362,4.54,350.3
1597.678,4.526,353.0
1591.4129,4.543,350.3
1585.9436,4.556,348.1
1549.8238,4.529,342.2
1570.8608,4.544,345.7
1576.074,4.542,347.0
1567.9422,4.554,344.3
1615.7309,4.517,357.7
1626.378,4.524,359.5
1631.5392,4.512,361.6
1602.0828,4.518,354.6
1607.0219,4.523,355.3
1597.2693,4.521,353.3
1617.5194,4.522,357.7
1622.0241,4.527,358.3
1639.1088,4.508,363.6
1625.134,4.508,360.5
1583.1314,4.531,349.4
1561.9796,4.538,344.2
1610.6927,4.541,354.7
1563.1488,4.523,345.6
1596.6156,4.541,351.6
1615.068,4.524,357.0
1594.6962,4.542,351.1
1606.8275,4.525,355.1
1585.3265,4.549,348.5
1567.5854,4.549,344.6
1627.3986,4.542,358.3
1576.8486,4.539,347.4
1615.0742,4.538,355.9
1617.148,4.54,356.2
1591.6205,4.541,350.5
1566.8425,4.535,345.5
1585.507,4.543,349.0
1568.8246,4.546,345.1
1570.66,4.55,345.2
1568.2436,4.543,345.2
1572.3705,4.551,345.5
1610.7705,4.531,355.5
1670.9616,4.521,369.6
1619.541,4.51,359.1
1597.8768,4.524,353.2
1589.2812,4.524,351.3
1586.871,4.521,351.0
1594.2561,4.533,351.7
1682.3124,4.479,375.6
1627.4516,4.492,362.3
1616.804,4.52,357.7
1623.7692,4.518,359.4
1614.52,4.525,356.8
1593.0996,4.531,351.6
1628.972,4.535,359.2
1587.25,4.535,350.0
1636.1441,4.531,361.1
1616.8982,4.519,357.8
1584.387,4.545,348.6
1605.7485,4.545,353.3
1573.1532,4.548,345.9
1602.669,4.535,353.4
1591.4384,4.516,352.4
1617.273,4.515,358.2
1590.2336,4.528,351.2
1606.1796,4.527,354.8
1566.9093,4.551,344.3
1549.7304,4.542,341.2
1601.7029,4.549,352.1
1546.6596,4.533,341.2
1559.6004,4.539,343.6
1584.5088,4.522,350.4
1622.5511,4.531,358.1
1576.0184,4.534,347.6
1615.1352,4.542,355.6
1586.0125,4.525,350.5
1577.9036,4.529,348.4
1567.3538,4.526,346.3
1634.0688,4.524,361.2
1632.2208,4.494,363.2
1602.6147,4.531,353.7
1560.9944,4.522,345.2
1622.571,4.526,358.5
1620.2856,4.531,357.6
1636.2,4.5,363.6
1590.6297,4.533,350.9
1581.035,4.525,349.4
1585.5772,4.538,349.4
1556.3985,4.531,343.5
1584.1796,4.534,349.4
1575.8818,4.531,347.8
1617.4016,4.528,357.2
1636.5972,4.531,361.2
1603.9867,4.517,355.1
1586.9616,4.529,350.4
1551.9504,4.522,343.2
1591.9304,4.538,350.8
1569.6244,4.547,345.2
1564.484,4.54,344.6
1570.924,4.535,346.4
1601.4544,4.529,353.6
1577.799,4.53,348.3
1588.2602,4.534,350.3
1546.866,4.523,342.0
1574.7927,4.537,347.1
1563.2554,4.522,345.7
1571.08,4.525,347.2
1620.2856,4.531,357.6
1603.4004,4.509,355.6
1606.0812,4.514,355.8
1633.6164,4.524,361.1
1580.272,4.528,349.0
1602.1446,4.522,354.3
1585.3168,4.514,351.2
1592.2812,4.539,350.8
1625.7648,4.506,360.8
1612.8915,4.499,358.5
1606.9248,4.524,355.2
1584.7038,4.542,348.9
1564.92,4.536,345.0
1575.8064,4.536,347.4
1579.3297,4.537,348.1
1582.0077,4.511,350.7
1593.4806,4.509,353.4
1619.5704,4.529,357.6
1590.2185,4.537,350.5
1581.2811,4.527,349.3
1575.565,4.534,347.5
1554.5718,4.527,343.4
1563.3564,4.542,344.2
1570.0401,4.539,345.9
1608.5404,4.526,355.4
1576.092,4.529,348.0
1590.483,4.53,351.1
1574.8992,4.557,345.6
1580.1316,4.538,348.2
1570.8792,4.548,345.4
1573.0848,4.536,346.8
1620.0837,4.509,359.3
1633.257,4.518,361.5
1639.856,4.52,362.8
1576.4928,4.512,349.4
1601.7903,4.521,354.3
1584.414,4.514,351.0
1580.7885,4.523,349.5
1659.0624,4.512,367.7
1612.5116,4.508,357.7
1588.9192,4.532,350.6
1573.656,4.522,348.0
1590.4,4.544,350.0
1563.1056,4.536,344.6
1568.0073,4.541,345.3
1612.6407,4.521,356.7
1598.23,4.525,353.2
1586.0192,4.516,351.2
1563.576,4.54,344.4
1579.6374,4.521,349.4
1601.5092,4.542,352.6
1559.4228,4.524,344.7
1576.4928,4.512,349.4
1621.024,4.528,358.0
1608.6763,4.543,354.1
1598.737,4.529,353.0
1600.3382,4.549,351.8
1582.4626,4.546,348.1
1566.8807,4.543,344.9
1580.3226,4.549,347.4
1584.3549,4.541,348.9
1566.1025,4.525,346.1
1602.792,4.52,354.6
1614.3953,4.531,356.3
1580.3757,4.527,349.1
1621.6658,4.526,358.3
1601.7903,4.521,354.3
1622.193,4.53,358.1
1627.0228,4.502,361.4
1604.0413,4.507,355.9
1650.2675,4.525,364.7
1592.4976,4.528,351.7
1594.9624,4.526,352.4
1587.6742,4.522,351.1
1595.919,4.53,352.3
1617.4971,4.527,357.3
1609.2512,4.528,355.4
1580.6908,4.537,348.4
1603.074,4.54,353.1
1559.8053,4.533,344.1
1595.0876,4.547,350.8
1564.8996,4.532,345.3
1579.1432,4.517,349.6
1577.9036,4.529,348.4
1600.8462,4.526,353.7
1575.081,4.53,347.7
1592.3842,4.538,350.9
1553.4761,4.541,342.1
1562.8039,4.547,343.7
1588.405,4.55,349.1
1609.1166,4.534,354.9
1598.3292,4.524,353.3
1576.9625,4.525,348.5
1559.7876,4.529,344.4
1580.5416,4.521,349.6
1576.0184,4.534,347.6
1603.4035,4.523,354.5
1574.6262,4.517,348.6
1616.1826,4.517,357.8
1652.856,4.516,366.0
1632.9856,4.516,361.6
1594.005,4.522,352.5
1620.2133,4.527,357.9
1562.2677,4.527,345.1
1597.6992,4.512,354.1
1638.45,4.5,364.1
1577.48,4.52,349.0
1614.104,4.534,356.0
1582.7812,4.543,348.4
1577.196,4.54,347.4
1594.448,4.54,351.2
1577.7265,4.535,347.9
1608.7617,4.533,354.9
1607.244,4.53,354.8
1628.2688,4.528,359.6
1608.505,4.531,355.0
1582.5056,4.537,348.8
1573.7514,4.534,347.1
1553.691,4.535,342.6
1574.5225,4.531,347.5
1604.6368,4.538,353.6
1559.679,4.53,344.3
1590.48,4.512,352.5
1589.7,4.542,350.0
1561.3826,4.531,344.6
1588.3632,4.533,350.4
1572.0068,4.546,345.8
1561.491,4.53,344.7
1637.9532,4.516,362.7
1640.1996,4.511,363.6
1629.5526,4.509,361.4
1589.232,4.52,351.6
1620.3264,4.521,358.4
1605.0776,4.529,354.4
1600.7025,4.541,352.5
1629.8205,4.521,360.5
1602.3072,4.511,355.2
1656.0172,4.516,366.7
1593.0432,4.536,351.2
1584.3204,4.537,349.2
1593.6192,4.548,350.4
1593.9696,4.549,350.4
1598.3736,4.546,351.6
1599.6864,4.524,353.6
1579.5027,4.509,350.3
1611.4438,4.538,355.1
1600.7544,4.536,352.9
1589.9076,4.553,349.2
1581.423,4.53,349.1
1559.5865,4.535,343.9
1593.8481,4.537,351.3
1567.566,4.524,346.5
1607.1826,4.526,355.1
1625.8698,4.539,358.2
1554.9152,4.528,343.4
1613.0016,4.536,355.6
1571.3152,4.544,345.8
1566.565,4.55,344.3
1573.6952,4.543,346.4
1572.1216,4.528,347.2
1646.4465,4.517,364.5
1601.0817,4.519,354.3
1617.0444,4.527,357.2
1628.3619,4.527,359.7
1620.1184,4.528,357.8
1631.5376,4.522,360.8
1599.63,4.506,355.0
1621.788,4.515,359.2
1637.117,4.505,363.4
1602.4989,4.523,354.3
1620.7128,4.536,357.3
1577.6145,4.553,346.5
1581.808,4.535,348.8
1583.3082,4.538,348.9
1593.2004,4.521,352.4
1605.0825,4.515,355.5
1620.5134,4.519,358.6
1613.2193,4.543,355.1
1586.6928,4.536,349.8
1590.05,4.543,350.0
1576.742,4.54,347.3
1595.356,4.54,351.4
1596.672,4.536,352.0
1607.6003,4.517,355.9
1611.5424,4.537,355.2
1603.66,4.525,354.4
1588.4775,4.545,349.5
1582.2208,4.544,348.2
1572.1776,4.536,346.6
1574.9504,4.544,346.6
1586.903,4.547,349.0
1591.724,4.54,350.6
1634.3415,4.521,361.5
1642.557,4.515,363.8
1649.5218,4.518,365.1
1636.8663,4.533,361.1
1624.7546,4.522,359.3
1597.3783,4.529,352.7
1612.8414,4.533,355.8
1635.333,4.515,362.2
1634.608,4.528,361.0
1653.3478,4.526,365.3
1589.0786,4.526,351.1
1599.896,4.54,352.4
1607.4018,4.533,354.6
1607.3596,4.538,354.2
1588.6794,4.521,351.4
1629.905,4.525,360.2
1592.692,4.535,351.2
1602.3678,4.538,353.1
1583.098,4.54,348.7
1592.1135,4.545,350.3
1571.4272,4.526,347.2
1559.5008,4.544,343.2
1636.2944,4.544,360.1
1618.7817,4.523,357.9
1634.6924,4.532,360.7
1576.6605,4.545,346.9
1559.9304,4.536,343.9
1599.325,4.55,351.5
1578.18,4.535,348.0
1579.1731,4.547,347.3
1586.6112,4.528,350.4
1618.2348,4.524,357.7
1599.9552,4.512,354.6
1615.9728,4.524,357.2
1644.8445,4.535,362.7
1597.1775,4.531,352.5
1620.5909,4.523,358.3
1626.1248,4.512,360.4
1656.58,4.52,366.5
1640.0398,4.523,362.6
1616.5576,4.546,355.6
1597.6226,4.522,353.3
1612.5091,4.541,355.1
1597.956,4.514,354.0
1609.8643,4.531,355.3
1589.8256,4.532,350.8
1628.5475,4.525,359.9
1592.8794,4.542,350.7
1571.4237,4.543,345.9
1561.3826,4.531,344.6
1598.3298,4.542,351.9
1615.658,4.532,356.5
1593.3,4.52,352.5
1623.039,4.521,359.0
1622.0128,4.546,356.8
1572.0705,4.537,346.5
1587.114,4.545,349.2
1585.7028,4.554,348.2
1611.8632,4.552,354.1
1592.7096,4.548,350.2
1644.102,4.548,361.5
1590.68,4.55,349.6
1620.9736,4.538,357.2
1602.567,4.545,352.6
1607.244,4.53,354.8
1633.2262,4.538,359.9
1611.805,4.525,356.2
1647.503,4.51,365.3
1659.6842,4.526,366.7
1649.373,4.53,364.1
1614.46,4.535,356.0
1593.7551,4.529,351.9
1622.8524,4.523,358.8
1685.232,4.512,373.5
1623.7408,4.528,358.6
1624.0788,4.534,358.2
1613.475,4.545,355.0
1596.9672,4.542,351.6
1596.9459,4.551,350.9
1575.297,4.545,346.6
1595.8528,4.544,351.2
1608.4068,4.532,354.9
1643.5692,4.524,363.3
1647.7455,4.533,363.5
1620.3538,4.549,356.2
1613.7303,4.547,354.9
1622.3916,4.556,356.1
1606.7068,4.549,353.2
1558.7892,4.534,343.8
1599.325,4.55,351.5
1626.0048,4.528,359.1
1636.3206,4.534,360.9
1641.7563,4.539,361.7
1586.13,4.55,348.6
1638.5292,4.554,359.8
1604.682,4.533,354.0
1607.011,4.546,353.5
1625.0805,4.533,358.5
1657.484,4.52,366.7
1665.7034,4.519,368.6
1614.945,4.53,356.5
1644.0284,4.534,362.6
1625.439,4.534,358.5
1630.4264,4.534,359.6
1644.027,4.529,363.0
1641.4292,4.502,364.6
1647.54,4.52,364.5
1613.5744,4.544,355.1
1605.2435,4.541,353.5
1604.385,4.545,353.0
1589.2816,4.546,349.6
1621.3075,4.525,358.3
1636.216,4.54,360.4
1613.97,4.54,355.5
1641.7596,4.524,362.9
1613.9852,4.549,354.8
1579.0888,4.552,346.9
1613.1756,4.548,354.7
1606.452,4.538,354.0
1608.6276,4.548,353.7
1604.6886,4.542,353.3
1624.4118,4.554,356.7
1600.0486,4.534,352.9
1620.71,4.55,356.2
1616.8236,4.557,354.8
1594.9836,4.548,350.7
1603.326,4.542,353.0
1600.028,4.552,351.5
1620.666,4.527,358.0
1657.7008,4.528,366.1
1659.6842,4.526,366.7
1618.6709,4.543,356.3
1638.8646,4.526,362.1
1642.4854,4.526,362.9
1668.3675,4.525,368.7
1657.372,4.516,367.0
1665.726,4.54,366.9
1656.7236,4.534,365.4
1631.88,4.533,360.0
1627.535,4.55,357.7
1610.6728,4.532,355.4
1624.6272,4.533,358.4
1650.5544,4.532,364.2
1615.9451,4.543,355.7
1650.1012,4.532,364.1
1618.947,4.554,355.5
1607.915,4.555,353.0
1613.5832,4.553,354.4
1596.7728,4.557,350.4
1629.258,4.551,358.0
1676.367,4.543,369.0
1618.3146,4.542,356.3
1637.9496,4.536,361.1
1628.3478,4.551,357.8
1608.826,4.555,353.2
1584.5512,4.552,348.1
1635.477,4.562,358.5
1581.9786,4.542,348.3
1636.4653,4.547,359.9
1635.12,4.542,360.0
1650.3676,4.529,364.4
1650.3808,4.544,363.2
1642.2016,4.544,361.4
1643.1216,4.534,362.4
1591.1259,4.537,350.7
1658.3264,4.526,366.4
1625.0436,4.509,360.4
1660.0509,4.527,366.7
1655.8336,4.544,364.4
1625.5116,4.538,358.2
1630.8627,4.539,359.3
1648.5344,4.559,361.6
1615.0108,4.534,356.2
1637.9594,4.526,361.9
1619.2128,4.528,357.6
1617.3679,4.547,355.7
1615.9451,4.543,355.7
1594.2822,4.546,350.7
1622.2472,4.562,355.6
1640.3694,4.549,360.6
1632.995,4.55,358.9
1636.052,4.532,361.0
1655.289,4.545,364.2
1650.6388,4.556,362.3
1613.7303,4.547,354.9
1587.2824,4.552,348.7
1633.6845,4.557,358.5
1622.1348,4.554,356.2
1624.8276,4.559,356.4
1651.9217,4.537,364.1
1631.1272,4.541,359.2
1644.6582,4.542,362.1
1623.6984,4.552,356.7
1662.1065,4.545,365.7
1645.201,4.526,363.5
1651.2882,4.539,363.8
1683.2665,4.531,371.5
1659.8456,4.508,368.2
1682.5235,4.529,371.5
1624.6997,4.537,358.1
1629.9549,4.539,359.1
1609.7276,4.537,354.8
1655.9235,4.543,364.5
1613.259,4.538,355.5
1638.412,4.526,362.0
1623.279,4.547,357.0
1621.4274,4.538,357.3
1587.1461,4.549,348.9
1626.6512,4.559,356.8
1601.1864,4.554,351.6
1602.1578,4.549,352.2
1627.826,4.547,358.0
1637.8648,4.532,361.4
1656.1027,4.541,364.7
1620.1314,4.542,356.7
1622.1348,4.554,356.2
1602.0972,4.554,351.8
1609.2336,4.551,353.6
1596.2116,4.558,350.2
1636.8992,4.552,359.6
1617.181,4.535,356.6
1631.5813,4.541,359.3
1638.6444,4.548,360.3
1619.5021,4.553,355.7
1649.3805,4.545,362.9
1631.892,4.552,358.5
1607.44,4.528,355.0
1682.5235,4.529,371.5
1665.936,4.527,368.0
1640.8384,4.544,361.1
1643.5648,4.544,361.7
1647.0216,4.536,363.1
1623.1175,4.525,358.7
1662.3396,4.516,368.1
1678.5222,4.539,369.8
1651.5618,4.546,363.3
1616.7703,4.553,355.1
1624.35,4.55,357.0
1613.3295,4.551,354.5
1634.8574,4.559,358.6
1630.3325,4.535,359.5
1634.36,4.55,359.2
1658.346,4.531,366.0
1668.1024,4.544,367.1
1615.0008,4.557,354.4
1593.2688,4.547,350.4
1606.3842,4.561,352.2
1628.376,4.56,357.1
1632.4895,4.541,359.5
1639.856,4.535,361.6
1658.5654,4.549,364.6
1613.374,4.564,353.5
1634.168,4.552,359.0
1625.26,4.55,357.2
1588.4352,4.554,348.8
1617.432,4.56,354.7
1608.505,4.531,355.0
1705.171,4.523,377.0
1684.4229,4.539,371.1
1640.302,4.54,361.3
1653.8348,4.546,363.8
1620.7128,4.536,357.3
1647.657,4.539,363.0
1674.323,4.513,371.0
1687.1328,4.528,372.6
1630.3575,4.525,360.3
1640.302,4.54,361.3
1608.621,4.557,353.0
1592.672,4.544,350.5
1631.5052,4.537,359.6
1664.845,4.55,365.9
1607.5988,4.531,354.8
1676.3868,4.532,369.9
1638.91,4.55,360.2
1618.2773,4.547,355.9
1650.2765,4.555,362.3
1642.4698,4.546,361.3
1656.655,4.55,364.1
1625.064,4.552,357.0
1649.835,4.545,363.0
1619.0272,4.544,356.3
1612.416,4.56,353.6
1632.3174,4.557,358.2
1614.5822,4.543,355.4
1611.3024,4.544,354.6
1615.608,4.56,354.3
1620.4881,4.543,356.7
1648.5624,4.534,363.6
1639.5861,4.533,361.7
1607.244,4.53,354.8
1628.1755,4.529,359.5
1632.344,4.528,360.5
1651.652,4.54,363.8
1661.5368,4.536,366.3
1667.7136,4.522,368.8
1659.8556,4.524,366.9
1662.2288,4.528,367.1
1705.1685,4.529,376.5
1657.089,4.535,365.4
1630.998,4.518,361.0
1650.285,4.55,362.7
1604.6363,4.547,352.9
1634.36,4.55,359.2
1601.9081,4.547,352.3
1639.2488,4.556,359.8
1597.752,4.552,351.0
1662.094,4.54,366.1
1631.3913,4.543,359.1
1651.0964,4.531,364.4
1632.2198,4.558,358.1
1643.5386,4.554,360.9
1616.0132,4.556,354.7
1610.6927,4.541,354.7
1607.614,4.54,354.1
1599.442,4.54,352.3
1639.08,4.553,360.0
1606.8084,4.548,353.3
1646.5666,4.541,362.6
1599.6346,4.547,351.8
1629.485,4.558,357.5
1598.0637,4.549,351.3
1639.5687,4.543,360.9
1645.3788,4.524,363.7
1640.4858,4.518,363.1
1665.3133,4.529,367.7
1642.7592,4.533,362.4
1651.1935,4.535,364.1
1619.3206,4.541,356.6
1629.406,4.54,358.9
1663.1232,4.512,368.6
1637.5062,4.521,362.2
1657.11,4.55,364.2
1615.8464,4.544,355.6
1591.4129,4.543,350.3
1606.0004,4.547,353.2
1595.646,4.546,351.0
1619.7747,4.541,356.7
1626.752,4.544,358.0
1616.4356,4.538,356.2
1640.73,4.55,360.6
1582.3269,4.543,348.3
1604.6826,4.551,352.6
1620.5233,4.561,355.3
1602.965,4.55,352.3
1613.9376,4.554,354.4
1664.6567,4.547,366.1
1647.6372,4.554,361.8
1622.4993,4.541,357.3
1590.4,4.544,350.0
1598.2448,4.556,350.8
1596.348,4.548,351.0
1623.716,4.561,356.0
1613.4173,4.541,355.3
1633.7989,4.517,361.7
1663.6972,4.532,367.1
1660.8704,4.528,366.8
1620.649,4.546,356.5
1636.236,4.53,361.2
1626.036,4.542,358.0
1636.216,4.54,360.4
1668.2104,4.516,369.4
1642.8329,4.517,363.7
1630.1441,4.537,359.3
1651.8336,4.548,363.2
1596.9064,4.547,351.2
1598.4906,4.558,350.7
1598.2448,4.556,350.8
1620.3555,4.535,357.3
1653.7416,4.552,363.3
1629.406,4.54,358.9
1622.3328,4.552,356.4
1597.2968,4.552,350.9
1636.7302,4.549,359.8
1618.3479,4.537,356.7
1611.2558,4.549,354.2
1616.0132,4.556,354.7
1605.3421,4.549,352.9
1627.59,4.54,358.5
1610.848,4.544,354.5
1598.9464,4.558,350.8
1621.3348,4.562,355.4
1607.3568,4.556,352.8
1592.9433,4.563,349.1
1585.8876,4.548,348.7
1609.2739,4.537,354.7
1655.8896,4.528,365.7
1620.4335,4.515,358.9
1667.2614,4.522,368.7
1633.518,4.53,360.6
1642.9392,4.536,362.2
1657.1889,4.539,365.1
1628.928,4.545,358.4
1690.2614,4.517,374.2
1660.675,4.525,367.0
1707.7268,4.537,376.4
1624.1884,4.547,357.2
1611.3067,4.553,353.9
1597.3336,4.556,350.6
1596.7616,4.544,351.4
1627.4944,4.541,358.4
1624.0542,4.539,357.8
1626.629,4.531,359.0
1658.016,4.545,364.8
1600.8741,4.557,351.3
1575.882,4.548,346.5
1608.021,4.545,353.8
1627.3648,4.561,356.8
1603.7724,4.551,352.4
1618.2508,4.538,356.6
1610.5932,4.542,354.6
1630.915,4.562,357.5
1594.176,4.56,349.6
1581.408,4.56,346.8
1605.576,4.56,352.1
1595.5146,4.534,351.9
1617.7867,4.561,354.7
1635.1348,4.537,360.4
1678.5296,4.528,370.7
1629.3684,4.521,360.4
1612.3881,4.533,355.7
1627.9226,4.546,358.1
1625.439,4.534,358.5
1628.4642,4.521,360.2
1652.2858,4.538,364.1
1651.0848,4.526,364.8
1669.358,4.54,367.7
1663.416,4.53,367.2
1626.036,4.542,358.0
1607.4132,4.551,353.2
1606.8084,4.548,353.3
1640.8062,4.554,360.3
1605.344,4.54,353.6
1613.3295,4.551,354.5
1648.5648,4.539,363.2
1624.2192,4.542,357.6
1593.41,4.55,350.2
1557.8073,4.551,342.3
1596.6156,4.541,351.6
1566.576,4.554,344.0
1588.6772,4.556,348.7
1599.2424,4.533,352.8
1596.4684,4.538,351.8
1637.5635,4.545,360.3
1615.3552,4.558,354.4
1565.4216,4.548,344.2
1573.0024,4.541,346.4
1611.7546,4.562,353.3
1588.9446,4.562,348.3
1613.9376,4.554,354.4
1635.6074,4.522,361.7
1661.2576,4.534,366.4
1619.8325,4.531,357.5
1614.6948,4.551,354.8
1625.195,4.546,357.5
1604.6363,4.547,352.9
1640.4755,4.513,363.5
1640.3125,4.525,362.5
1600.192,4.546,352.0
1597.113,4.545,351.4
1600.192,4.546,352.0
1608.3748,4.546,353.8
1618.7046,4.538,356.7
1652.0158,4.541,363.8
1640.023,4.543,361.0
1578.8258,4.546,347.3
1588.463,4.558,348.5
1606.4551,4.547,353.3
1596.177,4.554,350.5
1607.4132,4.551,353.2
1586.7965,4.535,349.9
1611.345,4.539,355.0
1628.2161,4.557,357.3
1574.4435,4.557,345.5
1616.2597,4.549,355.3
1582.1675,4.553,347.5
1610.4438,4.557,353.4
1568.1344,4.544,345.1
1619.0468,4.553,355.6
1591.0228,4.538,350.6
1622.7264,4.548,356.8
1606.2392,4.558,352.4
1619.418,4.54,356.7
1617.5042,4.541,356.2
1618.7688,4.542,356.4
1665.6525,4.525,368.1
1646.2558,4.514,364.7
1603.7269,4.547,352.7
1609.0755,4.539,354.5
1587.6189,4.527,350.7
1616.9132,4.547,355.6
1643.3937,4.531,362.7
1613.4552,4.536,355.7
1605.294,4.545,353.2
1595.6046,4.542,351.3
1590.6351,4.559,348.9
1561.7728,4.544,343.7
1617.6809,4.553,355.3
1607.7325,4.525,355.3
1613.3754,4.546,354.9
1599.3855,4.545,351.9
1594.1104,4.552,350.2
1611.7088,4.558,353.6
1620.0135,4.557,355.5
1598.2072,4.552,351.1
1610.5362,4.538,354.9
1599.8472,4.536,352.7
1581.4592,4.534,348.8
1591.3329,4.561,348.9
1572.0942,4.541,346.2
1585.5955,4.555,348.1
1587.8997,4.559,348.3
1566.9342,4.563,343.4
1598.5583,4.553,351.1
1630.5542,4.547,358.6
1688.0082,4.534,372.3
1603.5209,4.531,353.9
1614.46,4.535,356.0
1588.4775,4.545,349.5
1595.466,4.53,352.2
1615.172,4.537,356.0
1635.4222,4.514,362.3
1622.4936,4.522,358.8
1625.344,4.535,358.4
1598.0328,4.536,352.3
1568.8246,4.546,345.1
1566.4264,4.543,344.8
1627.2744,4.548,357.8
1582.9926,4.541,348.6
1627.3632,4.528,359.4
1596.8061,4.561,350.1
1574.1252,4.539,346.8
1618.5458,4.558,355.1
1581.5171,4.559,346.9
1619.2458,4.551,355.8
1568.0073,4.541,345.3
1628.3478,4.551,357.8
1600.0893,4.547,351.9
1574.388,4.545,346.4
1564.3098,4.562,342.9
1567.6157,4.561,343.7
1593.8559,4.563,349.3
1568.025,4.545,345.0
1579.8677,4.549,347.3
1584.31,4.55,348.2
1614.2646,4.537,355.8
1626.988,4.532,359.0
1599.84,4.545,352.0
1618.3356,4.551,355.6
1609.925,4.535,355.0
1596.0672,4.524,352.8
1622.098,4.531,358.0
1614.424,4.54,355.6
1608.8598,4.518,356.1
1599.1912,4.538,352.4
1616.304,4.53,356.8
1606.9581,4.551,353.1
1586.685,4.566,347.5
1585.296,4.545,348.8
1612.0116,4.546,354.6
1586.2363,4.549,348.7
1575.459,4.535,347.4
1585.158,4.542,349.0
1568.1504,4.548,344.8
1585.856,4.544,349.0
1593.0225,4.545,350.5
1563.4913,4.549,343.7
1586.3031,4.531,350.1
1622.53,4.55,356.6
1568.385,4.55,344.7
1564.6338,4.551,343.8
1622.6892,4.553,356.4
1583.7735,4.555,347.7
1565.2172,4.558,343.4
1593.41,4.55,350.2
1568.4795,4.545,345.1
1598.7663,4.551,351.3
1575.081,4.53,347.7
1616.5644,4.532,356.7
1604.3353,4.541,353.3
1582.4326,4.529,349.4
1569.5109,4.527,346.7
1600.7025,4.541,352.5
1614.232,4.528,356.5
1644.6397,4.517,364.1
1577.028,4.52,348.9
1588.1961,4.539,349.9
1578.4223,4.537,347.9
1601.1566,4.541,352.6
1564.986,4.556,343.5
1616.0145,4.533,356.5
1596.348,4.548,351.0
1586.6254,4.541,349.4
1629.258,4.551,358.0
1562.1343,4.553,343.1
1590.5043,4.543,350.1
1564.8435,4.545,344.3
1588.4418,4.541,349.8
1641.3859,4.543,361.3
1579.3598,4.541,347.8
1587.5685,4.545,349.3
1606.5485,4.555,352.7
1564.986,4.556,343.5
1554.735,4.55,341.7
1604.664,4.56,351.9
1583.5334,4.553,347.8
1563.1056,4.536,344.6
1566.3312,4.548,344.4
1616.2077,4.531,356.7
1597.752,4.552,351.0
1602.0648,4.541,352.8
1621.2992,4.544,356.8
1601.712,4.54,352.8
1633.971,4.53,360.7
1633.8786,4.531,360.6
1670.5095,4.521,369.5
1610.9478,4.543,354.6
1616.694,4.54,356.1
1619.352,4.536,357.0
1605.744,4.536,354.0
1629.2367,4.537,359.1
1605.8435,4.535,354.1
1615.3499,4.549,355.1
1599.9975,4.539,352.5
1614.0852,4.548,354.9
1589.315,4.55,349.3
1572.4962,4.554,345.3
1601.4075,4.543,352.5
1647.3834,4.542,362.7
1615.0944,4.547,355.2
1600.3492,4.531,353.2
1575.9492,4.564,345.3
1556.1018,4.554,341.7
1557.005,4.546,342.5
1588.3285,4.555,348.7
1573.3109,4.559,345.1
1561.5534,4.521,345.4
1621.9764,4.551,356.4
1566.6048,4.533,345.6
1574.4274,4.553,345.8
1557.6944,4.552,342.2
1605.0159,4.561,351.9
1582.356,4.547,348.0
1602.5968,4.522,354.4
1649.1567,4.517,365.1
1649.5218,4.518,365.1
1571.5911,4.533,346.7
1604.5344,4.548,352.8
1588.2602,4.534,350.3
1606.0512,4.542,353.6
1604.0832,4.516,355.2
1619.5704,4.529,357.6
1606.2144,4.522,355.2
1585.8099,4.553,348.3
1577.9975,4.541,347.5
1609.3836,4.554,353.4
1559.06,4.552,342.5
1613.97,4.54,355.5
1598.5875,4.535,352.5
1606.6512,4.536,354.2
1596.177,4.554,350.5
1565.1878,4.546,344.3
1594.8108,4.554,350.2
1578.1984,4.556,346.4
1586.7972,4.548,348.9
1590.569,4.538,350.5
1593.7551,4.529,351.9
1618.5342,4.549,355.8
1582.008,4.546,348.0
1549.5036,4.548,340.7
1585.9436,4.556,348.1
1566.8807,4.543,344.9
1574.7732,4.554,345.8
1597.7124,4.548,351.3
1619.418,4.54,356.7
1627.6575,4.515,360.5
1596.0146,4.538,351.7
1588.1616,4.548,349.2
1603.528,4.54,353.2
1608.068,4.54,354.2
1641.9429,4.527,362.7
1611.4488,4.524,356.2
1579.012,4.54,347.8
1599.6924,4.542,352.2
1600.5486,4.529,353.4
1592.85,4.551,350.0
1601.888,4.52,354.4
1592.4252,4.542,350.6
1593.3705,4.559,349.5
1577.3965,4.555,346.3
1604.6826,4.551,352.6
1582.3827,4.551,347.7
1579.842,4.545,347.6
1617.924,4.532,357.0
1614.46,4.535,356.0
1591.5796,4.537,350.8
1554.2802,4.554,341.3
1572.288,4.56,344.8
1563.6024,4.548,343.8
1582.6461,4.557,347.3
1569.6065,4.543,345.5
1590.588,4.52,351.9
1608.3665,4.537,354.5
1614.6948,4.551,354.8
1571.3644,4.556,344.9
1593.4768,4.558,349.6
1599.645,4.538,352.5
1576.8486,4.539,347.4
1624.0994,4.529,358.6
1635.0516,4.508,362.7
1624.0788,4.534,358.2
1602.1578,4.549,352.2
1596.3663,4.539,351.7
1605.1906,4.537,353.8
1649.9147,4.529,364.3
1664.4768,4.512,368.9
1618.876,4.522,358.0
1616.4688,4.556,354.8
1560.5205,4.543,343.5
1577.414,4.559,346.0
1580.5854,4.538,348.3
1613.8714,4.541,355.4
1593.7456,4.538,351.2
1609.2512,4.528,355.4
1587.1758,4.553,348.6
1585.4016,4.544,348.9
1559.9704,4.552,342.7
1584.8993,4.553,348.1
1577.414,4.559,346.0
1569.802,4.537,346.0
1592.998,4.532,351.5
1579.4128,4.549,347.2
1564.6425,4.555,343.5
1560.9985,4.555,342.7
1589.1032,4.552,349.1
1557.5715,4.545,342.7
1579.3272,4.554,346.8
1577.8317,4.551,346.7
1594.4094,4.527,352.2
1623.552,4.53,358.4
1608.15,4.53,355.0
1615.1376,4.528,356.7
1618.4124,4.541,356.4
1607.514,4.541,354.0
1633.528,4.52,361.4
1678.1952,4.521,371.2
1625.7228,4.531,358.8
1592.672,4.544,350.5
1612.41,4.542,355.0
1602.8622,4.551,352.2
1586.9748,4.542,349.4
1611.5424,4.537,355.2
1588.6871,4.543,349.7
1583.748,4.551,348.0
1589.5584,4.552,349.2
1572.2436,4.548,345.7
1566.786,4.548,344.5
1587.04,4.55,348.8
1641.8484,4.538,361.8
1581.423,4.53,349.1
1588.5824,4.544,349.6
1576.7916,4.548,346.7
1593.1573,4.561,349.3
1562.8205,4.555,343.1
1567.4608,4.546,344.8
1587.4175,4.555,348.5
1587.8462,4.538,349.9
1587.1064,4.532,350.2
1607.9536,4.532,354.8
1606.1958,4.554,352.7
1559.3794,4.541,343.4
1581.3545,4.535,348.7
1614.7796,4.541,355.6
1611.1188,4.518,356.6
1631.1792,4.516,361.2
1626.6558,4.521,359.8
1602.0648,4.541,352.8
1626.3237,4.539,358.3
1599.8472,4.536,352.7
1600.2945,4.527,353.5
1658.84,4.52,367.0
1592.096,4.523,352.0
1603.3742,4.546,352.7
1574.7344,4.546,346.4
1595.6672,4.528,352.4
1550.8664,4.552,340.7
1592.7776,4.556,349.6
1576.9824,4.542,347.2
1615.1079,4.533,356.3
1602.6688,4.544,352.7
1567.5705,4.545,344.9
1579.6011,4.543,347.7
1572.0542,4.558,344.9
1560.0543,4.539,343.7
1572.3323,4.543,346.1
1617.602,4.54,356.3
1611.3564,4.548,354.3
1581.5534,4.546,347.9
1585.9936,4.547,348.8
1578.1312,4.544,347.3
1558.375,4.55,342.5
1563.576,4.54,344.4
1599.2605,4.555,351.1
1604.682,4.533,354.0
1641.0144,4.512,363.7
1636.228,4.535,360.8
1613.4891,4.531,356.1
1614.8385,4.545,355.3
1620.5856,4.542,356.8
1616.615,4.522,357.5
1596.464,4.52,353.2
1646.5336,4.516,364.6
1651.104,4.536,364.0
1616.1419,4.541,355.9
1570.494,4.539,346.0
1610.592,4.56,353.2
1584.8716,4.549,348.4
1583.1685,4.535,349.1
1596.7244,4.531,352.4
1616.8244,4.534,356.6
1579.9992,4.552,347.1
1607.4656,4.546,353.6
1589.1765,4.547,349.5
1613.4301,4.559,353.9
1614.0852,4.548,354.9
1598.415,4.55,351.3
1578.4785,4.545,347.3
1581.0988,4.546,347.8
1584.0384,4.544,348.6
1561.6717,4.549,343.3
1561.5396,4.542,343.8
1598.28,4.56,350.5
1556.7552,4.536,343.2
1561.56,4.55,343.2
1634.1338,4.538,360.1
1617.9716,4.522,357.8
1611.9961,4.537,355.3
1592.178,4.54,350.7
1595.0612,4.534,351.8
1596.9222,4.538,351.9
1680.63,4.53,371.0
1636.5024,4.512,362.7
1657.2864,4.543,364.8
1605.3333,4.531,354.3
1635.6508,4.546,359.8
1611.1024,4.546,354.4
1572.4098,4.563,344.6
1577.9686,4.537,347.8
1633.0185,4.545,359.3
1583.6136,4.548,348.2
1572.6784,4.544,346.1
1580.6053,4.559,346.7
1577.0074,4.546,346.9
1587.3104,4.556,348.4
1584.1748,4.547,348.4
1599.2424,4.533,352.8
1616.5152,4.551,355.2
1589.4912,4.544,349.8
