1865.6624,4.396,424.4
1988.439,4.318,460.5
1938.4806,4.326,448.1
1881.1044,4.391,428.4
1914.87,4.35,440.2
1929.7153,4.357,442.9
1811.976,4.398,412.0
1574.7927,4.537,347.1
1602.267,4.539,353.0
1640.0242,4.513,363.4
1659.2736,4.504,368.4
1639.856,4.52,362.8
1575.727,4.541,347.0
1567.46,4.525,346.4
1578.2637,4.547,347.1
1601.3382,4.521,354.2
1651.1958,4.509,366.2
1635.1552,4.522,361.6
1600.804,4.54,352.6
1558.6926,4.539,343.4
1598.9735,4.549,351.5
1579.7826,4.554,346.9
1594.0352,4.544,350.8
1747.251,4.455,392.2
1699.057,4.483,379.0
1594.7555,4.537,351.5
1597.7816,4.534,352.4
1614.2587,4.523,356.9
1581.1445,4.537,348.5
1620.9492,4.524,358.3
1644.843,4.53,363.1
1606.1408,4.532,354.4
1570.752,4.545,345.6
1571.7696,4.544,345.9
1550.0716,4.543,341.2
1567.6956,4.548,344.7
1596.7595,4.517,353.5
1627.297,4.514,360.5
1623.6767,4.519,359.3
1583.708,4.564,347.0
1565.9868,4.547,344.4
1564.0572,4.548,343.9
1568.8246,4.546,345.1
1562.214,4.54,344.1
1614.1632,4.524,356.8
1623.4214,4.507,360.2
1626.0816,4.532,358.8
1553.596,4.556,341.0
1626.0984,4.527,359.2
1614.0184,4.516,357.4
1597.6226,4.522,353.3
1670.92,4.516,370.0
1647.9498,4.494,366.7
1649.5504,4.528,364.3
1613.684,4.552,354.5
1598.0748,4.522,353.4
1595.81,4.54,351.5
1646.736,4.524,364.0
1665.847,4.495,370.6
1679.6962,4.502,373.1
1620.2592,4.536,357.2
1597.8756,4.542,351.8
1608.2739,4.547,353.7
1604.4271,4.531,354.1
1671.1156,4.508,370.7
1658.25,4.5,368.5
1664.5145,4.517,368.5
1599.8472,4.536,352.7
1590.4364,4.526,351.4
1609.57,4.534,355.0
1596.5703,4.537,351.9
1662.0174,4.509,368.6
1651.156,4.52,365.3
1629.0662,4.534,359.3
1577.3543,4.547,346.9
1588.4775,4.545,349.5
1597.4644,4.546,351.4
1554.39,4.545,342.0
1611.7803,4.511,357.3
1617.3662,4.514,358.3
1621.8802,4.514,359.3
1582.7493,4.539,348.7
1573.2409,4.543,346.3
1575.882,4.548,346.5
1552.1138,4.541,341.8
1611.3525,4.525,356.1
1679.4708,4.522,371.4
1609.476,4.521,356.0
1586.1713,4.541,349.3
1575.4272,4.548,346.4
1603.7802,4.542,353.1
1601.8131,4.539,352.9
1561.7072,4.528,344.9
1620.6066,4.518,358.7
1629.46,4.52,360.5
1598.784,4.542,352.0
1546.4372,4.543,340.4
1571.294,4.54,346.1
1575.7736,4.549,346.4
1599.1176,4.552,351.3
1600.8023,4.531,353.3
1625.1246,4.518,359.7
1642.578,4.53,362.6
1604.5197,4.557,352.1
1584.765,4.55,348.3
1563.5002,4.553,343.4
1568.4795,4.545,345.1
1602.9196,4.546,352.6
1659.339,4.53,366.3
1624.116,4.524,359.0
1583.1314,4.531,349.4
1575.8592,4.544,346.8
1590.5406,4.547,349.8
1550.2995,4.545,341.1
1586.3375,4.565,347.5
1622.4001,4.523,358.7
1638.45,4.5,364.1
1645.5057,4.507,365.1
1568.286,4.53,346.2
1609.2306,4.542,354.3
1587.0086,4.546,349.1
1580.6856,4.524,349.4
1665.706,4.508,369.5
1645.9856,4.496,366.1
1651.7124,4.524,365.1
1606.594,4.532,354.5
1589.8256,4.532,350.8
1580.901,4.535,348.6
1655.8896,4.528,365.7
1674.2154,4.503,371.8
1645.0864,4.496,365.9
1609.215,4.533,355.0
1617.111,4.545,355.8
1606.6512,4.536,354.2
1588.626,4.526,351.0
1646.515,4.511,365.0
1655.2838,4.514,366.7
1653.2514,4.506,366.9
1605.885,4.53,354.5
1590.6454,4.546,349.9
1599.6765,4.551,351.5
1591.623,4.554,349.5
1613.062,4.54,355.3
1646.7236,4.519,364.4
1652.4044,4.516,365.9
1593.5808,4.544,350.7
1580.8848,4.548,347.6
1596.513,4.542,351.5
1590.3304,4.549,349.6
1589.4912,4.544,349.8
1624.0225,4.525,358.9
1618.9979,4.511,358.9
1609.3485,4.527,355.5
1577.8626,4.538,347.7
1568.5488,4.536,345.8
1587.0114,4.563,347.8
1577.3543,4.547,346.9
1628.9212,4.516,360.7
1611.9273,4.519,356.7
1647.0216,4.536,363.1
1588.65,4.539,350.0
1571.4844,4.534,346.6
1571.9305,4.555,345.1
1543.815,4.55,339.3
1594.6078,4.534,351.7
1624.32,4.512,360.0
1616.757,4.53,356.9
1584.9246,4.557,347.8
1584.9246,4.557,347.8
1573.0442,4.549,345.8
1574.646,4.551,346.0
1556.2155,4.557,341.5
1624.2093,4.523,359.1
1618.8131,4.513,358.7
1591.434,4.534,351.0
1578.8258,4.546,347.3
1566.6966,4.557,343.8
1593.1272,4.557,349.6
1584.096,4.552,348.0
1599.5436,4.539,352.4
1635.9597,4.533,360.9
1618.8928,4.517,358.4
1594.5507,4.539,351.3
1577.5695,4.545,347.1
1556.0892,4.542,342.6
1581.5244,4.542,348.2
1629.4585,4.505,361.7
1649.177,4.49,367.3
1619.982,4.515,358.8
1610.9302,4.534,355.3
1616.7275,4.535,356.5
1647.566,4.54,362.9
1585.2096,4.524,350.4
1641.1245,4.495,365.1
1685.6832,4.512,373.6
1639.1959,4.507,363.7
1613.8755,4.527,356.5
1627.5168,4.536,358.8
1615.8597,4.553,354.9
1582.7568,4.517,350.4
1636.8576,4.487,364.8
1636.4917,4.507,363.1
1576.9252,4.534,347.8
1598.2836,4.538,352.2
1604.5876,4.543,353.2
1582.452,4.52,350.1
1709.8596,4.502,379.8
1634.792,4.516,362.0
1617.5376,4.536,356.6
1570.0608,4.543,345.6
1588.9657,4.549,349.3
1565.3214,4.553,343.8
1557.8022,4.547,342.6
1636.6016,4.526,361.6
1671.3312,4.522,369.6
1663.5872,4.528,367.4
1581.9013,4.547,347.9
1566.645,4.541,345.0
1613.3295,4.551,354.5
1597.2741,4.539,351.9
1553.9225,4.537,342.5
1623.502,4.516,359.5
1658.106,4.518,367.0
1618.5415,4.535,356.9
1581.3396,4.548,347.7
1574.4435,4.557,345.5
1597.7892,4.556,350.7
1552.5679,4.541,341.9
1621.2306,4.521,358.6
1628.9074,4.526,359.9
1614.681,4.542,355.5
1602.965,4.55,352.3
1604.8872,4.549,352.8
1557.81,4.555,342.0
1574.992,4.552,346.0
1622.596,4.54,357.4
1642.8483,4.527,362.9
1610.8323,4.521,356.3
1598.4837,4.527,353.1
1582.1145,4.545,348.1
1597.0878,4.554,350.7
1544.054,4.54,340.1
1562.1425,4.561,342.5
1599.4884,4.526,353.4
1644.5628,4.523,363.6
1646.3592,4.518,364.4
1583.318,4.555,347.6
1548.5844,4.556,339.9
1562.1343,4.553,343.1
1577.7232,4.552,346.6
1571.3504,4.552,345.2
1610.8034,4.526,355.9
1638.1306,4.514,362.9
1628.5605,4.515,360.7
1605.2435,4.541,353.5
1604.8368,4.536,353.8
1597.8298,4.538,352.1
1586.859,4.53,350.3
1654.16,4.495,368.0
1678.6408,4.504,372.7
1623.132,4.52,359.1
1596.8748,4.534,352.2
1582.5977,4.523,349.9
1642.8414,4.542,361.7
1603.679,4.543,353.0
1677.3225,4.515,371.5
1669.7705,4.519,369.5
1614.1279,4.543,355.3
1603.7269,4.547,352.7
1570.9428,4.522,347.4
1629.355,4.55,358.1
1638.2778,4.502,363.9
1647.5886,4.509,365.4
1658.4102,4.509,367.8
1607.16,4.54,354.0
1579.8888,4.536,348.3
1563.9932,4.532,345.1
1586.6254,4.541,349.4
1613.3184,4.542,355.2
1643.8432,4.526,363.2
1654.5771,4.517,366.3
1597.1775,4.531,352.5
1595.9312,4.552,350.6
1579.6521,4.551,347.1
1587.252,4.548,349.0
1585.1234,4.538,349.3
1657.614,4.529,366.0
1605.4649,4.511,355.9
1599.6957,4.533,352.9
1578.933,4.545,347.4
1592.15,4.549,350.0
1595.3,4.558,350.0
1551.3228,4.548,341.1
1603.6605,4.511,355.5
1637.5068,4.526,361.8
1635.5885,4.537,360.5
1579.9992,4.552,347.1
1587.95,4.55,349.0
1568.6192,4.552,344.6
1551.8911,4.547,341.3
1573.0848,4.536,346.8
1615.3732,4.516,357.7
1613.7108,4.524,356.7
1595.8665,4.535,351.9
1579.6778,4.538,348.1
1560.1872,4.546,343.2
1546.7748,4.548,340.1
1581.2569,4.553,347.3
1596.3202,4.526,352.7
1592.5986,4.527,351.8
1650.9408,4.512,365.9
1592.85,4.551,350.0
1576.6605,4.545,346.9
1580.0568,4.564,346.2
1573.0764,4.557,345.2
1571.186,4.541,346.0
1644.9264,4.524,363.6
1633.2496,4.528,360.7
1612.1925,4.535,355.5
1581.2569,4.553,347.3
1572.8415,4.555,345.3
1586.9337,4.551,348.7
1580.3084,4.532,348.7
1645.4556,4.518,364.2
1688.7752,4.501,375.2
1676.232,4.506,372.0
1622.623,4.535,357.8
1593.1264,4.544,350.6
1618.638,4.534,357.0
1619.0914,4.534,357.1
1601.3736,4.516,354.6
1658.6947,4.511,367.7
1645.248,4.51,364.8
1606.594,4.532,354.5
1610.9302,4.534,355.3
1614.1666,4.538,355.7
1613.7846,4.551,354.6
1620.9,4.5,360.2
1667.2656,4.511,369.6
1635.5168,4.523,361.6
1613.1606,4.539,355.4
1616.16,4.55,355.2
1594.0058,4.531,351.8
1590.7878,4.527,351.4
1652.53,4.525,365.2
1634.3386,4.526,361.1
1592.8962,4.533,351.4
1597.1256,4.536,352.1
1557.465,4.55,342.3
1548.8222,4.546,340.7
1606.6058,4.541,353.8
1607.6256,4.512,356.3
1632.8928,4.512,361.9
1569.1522,4.543,345.4
1558.1496,4.552,342.3
1599.0866,4.561,350.6
1557.674,4.54,343.1
1587.6,4.536,350.0
1632.534,4.516,361.5
1633.6185,4.519,361.5
1630.0032,4.548,358.4
1662.4264,4.504,369.1
1724.9495,4.463,386.5
1751.0092,4.468,391.9
1624.1372,4.514,359.8
1650.15,4.5,366.7
1604.3972,4.508,355.9
1616.8776,4.524,357.4
1579.3875,4.545,347.5
1574.0416,4.544,346.4
1539.1749,4.539,339.1
1566.4542,4.551,344.2
1548.1392,4.548,340.4
1644.2958,4.526,363.3
1644.376,4.52,363.8
1618.51,4.54,356.5
1580.1295,4.555,346.9
1579.2185,4.555,346.7
1557.126,4.553,342.0
1567.5854,4.549,344.6
1570.6018,4.538,346.1
1632.2592,4.524,360.8
1627.816,4.528,359.5
1601.8618,4.543,352.6
1534.7765,4.561,336.5
1586.0988,4.563,347.6
1597.401,4.551,351.0
1589.3865,4.545,349.7
1605.665,4.523,355.0
1619.6384,4.504,359.6
1650.9822,4.522,365.1
1631.5992,4.536,359.7
1599.2424,4.533,352.8
1571.6976,4.532,346.8
1610.7498,4.554,353.7
1629.7336,4.517,360.8
1676.995,4.502,372.5
1606.628,4.513,356.0
1581.3876,4.539,348.4
1594.7094,4.533,351.8
1607.9265,4.523,355.5
1636.9368,4.542,360.4
1630.2496,4.496,362.6
1641.0114,4.491,365.4
1630.347,4.53,359.9
1586.7648,4.544,349.2
1588.092,4.54,349.8
1611.6009,4.541,354.9
1588.5288,4.518,351.6
1650.716,4.504,366.5
1638.6524,4.487,365.2
1628.952,4.54,358.8
1571.0778,4.542,345.9
1578.156,4.548,347.0
1594.8794,4.549,350.6
1580.0259,4.539,348.1
1651.3067,4.513,365.9
1636.7764,4.514,362.6
1598.8368,4.528,353.1
1577.852,4.555,346.4
1550.0723,4.547,340.9
1548.3656,4.538,341.2
1592.136,4.536,351.0
1597.5046,4.514,353.9
1619.045,4.525,357.8
1601.8561,4.511,355.1
1585.0188,4.539,349.2
1589.0368,4.544,349.7
1576.7039,4.553,346.3
1561.7832,4.548,343.4
1598.432,4.541,352.0
1650.1464,4.516,365.4
1675.155,4.525,370.2
1623.8615,4.517,359.5
1590.2568,4.554,349.2
1559.9704,4.552,342.7
1586.7719,4.561,347.9
1580.3226,4.549,347.4
1597.0697,4.541,351.7
1616.1768,4.536,356.3
1619.928,4.53,357.6
1608.021,4.545,353.8
1554.166,4.555,341.2
1580.2586,4.558,346.7
1597.8561,4.551,351.1
1597.4385,4.555,350.7
1630.0496,4.538,359.2
1624.0225,4.525,358.9
1626.5511,4.527,359.3
1581.2569,4.553,347.3
1565.2098,4.554,343.7
1595.476,4.552,350.5
1561.5708,4.558,342.6
1586.7972,4.548,348.9
1638.1404,4.524,362.1
1623.6767,4.519,359.3
1601.6107,4.541,352.7
1563.1568,4.552,343.4
1595.1627,4.533,351.9
1577.4366,4.542,347.3
1583.7063,4.521,350.3
1689.0714,4.509,374.6
1655.7512,4.492,368.6
1653.1565,4.523,365.5
1599.3402,4.541,352.2
1606.0512,4.542,353.6
1579.7152,4.529,348.8
1622.5511,4.531,358.1
1653.9082,4.487,368.6
1675.807,4.517,371.0
1647.5525,4.525,364.1
1608.993,4.526,355.5
1616.3994,4.543,355.8
1581.876,4.53,349.2
1622.783,4.514,359.5
1680.0792,4.497,373.6
1666.5264,4.509,369.6
1615.332,4.54,355.8
1587.5336,4.541,349.6
1617.3059,4.529,357.1
1595.6046,4.542,351.3
1555.0614,4.539,342.6
1614.8448,4.512,357.9
1647.8884,4.516,364.9
1621.1187,4.527,358.1
1581.0174,4.551,347.4
1561.2168,4.549,343.2
1566.6615,4.545,344.7
1614.292,4.555,354.4
1583.7063,4.521,350.3
1602.0828,4.518,354.6
1661.6363,4.519,367.7
1606.503,4.551,353.0
1587.04,4.55,348.8
1600.7025,4.541,352.5
1581.2055,4.545,347.9
1581.0058,4.534,348.7
1657.527,4.53,365.9
1620.7924,4.516,358.9
1565.392,4.54,344.8
1564.8791,4.561,343.1
1568.4614,4.541,345.4
1579.735,4.546,347.5
1566.3312,4.548,344.4
1642.125,4.53,362.5
1629.3476,4.531,359.6
1606.297,4.535,354.2
1534.6125,4.547,337.5
1583.052,4.549,348.0
1595.8614,4.557,350.2
1574.3,4.55,346.0
1612.0324,4.532,355.7
1593.4968,4.536,351.3
1622.9808,4.536,357.8
1615.1352,4.542,355.6
1583.584,4.544,348.5
1594.3554,4.554,350.1
1575.2286,4.554,345.9
1590.6351,4.559,348.9
1633.076,4.52,361.3
1609.962,4.53,355.4
1619.234,4.523,358.0
1590.924,4.552,349.5
1568.1752,4.556,344.2
1593.2332,4.556,349.7
1592.1841,4.553,349.7
1614.3624,4.536,355.9
1669.9722,4.511,370.2
1647.867,4.495,366.6
1637.9565,4.531,361.5
1579.466,4.54,347.9
1606.605,4.55,353.1
1603.17,4.548,352.5
1583.0057,4.519,350.3
1657.3414,4.511,367.4
1654.5197,4.507,367.1
1590.5272,4.534,350.8
1606.806,4.539,354.0
1583.4416,4.528,349.7
1582.356,4.547,348.0
1581.5268,4.529,349.2
1658.8232,4.504,368.3
1676.4195,4.515,371.3
1598.4864,4.536,352.4
1601.76,4.544,352.5
1587.3924,4.538,349.8
1608.068,4.54,354.2
1601.76,4.544,352.5
1627.1166,4.506,361.1
1622.646,4.53,358.2
1610.6927,4.541,354.7
1576.3576,4.552,346.3
1575.5745,4.555,345.9
1576.3576,4.552,346.3
1556.32,4.544,342.5
1651.6726,4.514,365.9
1653.7131,4.527,365.3
1622.2878,4.529,358.2
1565.1562,4.538,344.9
1591.083,4.533,351.0
1602.055,4.55,352.1
1551.2003,4.537,341.9
1601.8561,4.511,355.1
1650.7907,4.519,365.3
1623.6254,4.534,358.1
1573.5872,4.544,346.3
1544.27,4.55,339.4
1588.9188,4.558,348.6
1584.9472,4.544,348.8
1595.415,4.526,352.5
1625.3133,4.511,360.3
1647.3646,4.522,364.3
1572.8661,4.563,344.7
1565.0889,4.551,343.9
1563.5002,4.553,343.4
1557.675,4.515,345.0
1581.279,4.557,347.0
1645.4398,4.513,364.6
1624.5886,4.514,359.9
1605.6976,4.541,353.6
1582.2492,4.548,347.9
1600.749,4.545,352.2
1561.454,4.555,342.8
1550.7541,4.549,340.9
1620.4516,4.534,357.4
1630.4544,4.509,361.6
1605.4443,4.539,353.7
1579.3272,4.554,346.8
1587.6311,4.553,348.7
1582.0818,4.558,347.1
1559.5188,4.556,342.3
1598.8282,4.546,351.7
1617.4248,4.523,357.6
1620.1386,4.523,358.2
1561.2282,4.557,342.6
1616.3008,4.544,355.7
1572.8446,4.534,346.9
1581.2055,4.545,347.9
1627.92,4.522,360.0
1682.21,4.516,372.5
1650.66,4.51,366.0
1590.7391,4.523,351.7
1594.0968,4.539,351.2
1605.6472,4.546,353.2
1592.3475,4.525,351.9
1655.3952,4.518,366.4
1646.6624,4.504,365.6
1628.307,4.542,358.5
1601.914,4.538,353.0
1621.4274,4.538,357.3
1604.7894,4.541,353.4
1599.213,4.515,354.2
1672.3881,4.509,370.9
1654.16,4.495,368.0
1600.7544,4.536,352.9
1565.7368,4.541,344.8
1566.7947,4.527,346.1
1608.2739,4.547,353.7
1617.4971,4.527,357.3
1633.7088,4.518,361.6
1613.3541,4.523,356.7
1568.715,4.547,345.0
1588.2328,4.543,349.6
1606.6575,4.545,353.5
1549.727,4.538,341.5
1617.1139,4.531,356.9
1636.24,4.52,362.0
1624.0225,4.525,358.9
1562.2272,4.544,343.8
1581.312,4.544,348.0
1571.6168,4.537,346.4
1560.7725,4.557,342.5
1622.9534,4.541,357.4
1610.1216,4.533,355.2
1623.2344,4.514,359.6
1593.3051,4.551,350.1
1568.0403,4.549,344.7
1581.6454,4.562,346.7
1572.6984,4.548,345.8
1581.0739,4.529,349.1
1634.0704,4.519,361.6
1604.436,4.54,353.4
1606.8591,4.543,353.7
1610.8009,4.549,354.1
1580.9337,4.539,348.3
1563.276,4.555,343.2
1562.143,4.565,342.2
1576.955,4.538,347.5
1636.0574,4.517,362.2
1623.6636,4.524,358.9
1591.4847,4.551,349.7
1577.961,4.554,346.5
1578.763,4.555,346.6
1576.2285,4.549,346.5
1556.6678,4.549,342.2
1594.506,4.535,351.6
1639.1352,4.523,362.4
1645.4556,4.518,364.2
1558.7033,4.543,343.1
1545.8652,4.548,339.9
1571.2403,4.553,345.1
1561.4005,4.535,344.3
1572.6798,4.527,347.4
1647.5886,4.509,365.4
1660.365,4.518,367.5
1618.1184,4.544,356.1
1617.0444,4.527,357.2
1605.8496,4.544,353.4
1598.2072,4.552,351.1
1620.7387,4.531,357.7
1651.6656,4.498,367.2
1640.912,4.508,364.0
1617.1398,4.526,357.3
1605.0906,4.538,353.7
1600.4015,4.535,352.9
1601.6526,4.527,353.8
1600.0446,4.543,352.2
1653.868,4.52,365.9
1646.4288,4.512,364.9
1647.2922,4.533,363.4
1606.1517,4.541,353.7
1584.141,4.53,349.7
1574.7927,4.537,347.1
1577.6595,4.527,348.5
1665.8696,4.517,368.8
1631.9904,4.512,361.7
1588.9608,4.536,350.3
1600.6466,4.546,352.1
1588.023,4.545,349.4
1574.1252,4.539,346.8
1559.7228,4.542,343.4
1632.5193,4.531,360.3
1630.81,4.505,362.0
1627.2919,4.519,360.1
1564.719,4.542,344.5
1569.5148,4.548,345.1
1579.1731,4.547,347.3
1575.7764,4.532,347.7
1572.5424,4.524,347.6
1614.2064,4.514,357.6
1625.0208,4.524,359.2
1622.0736,4.536,357.6
1568.1344,4.544,345.1
1571.273,4.565,344.2
1581.1488,4.554,347.2
1572.4977,4.533,346.9
1649.1113,4.507,365.9
1652.2519,4.523,365.3
1631.4461,4.523,360.7
1574.5176,4.548,346.2
1548.365,4.55,340.3
1586.2074,4.562,347.7
1561.662,4.545,343.6
1565.7368,4.541,344.8
1619.516,4.52,358.3
1659.8287,4.519,367.3
1566.92,4.555,344.0
1578.0698,4.553,346.6
1564.8738,4.557,343.4
1590.8768,4.561,348.8
1585.6448,4.546,348.8
1616.012,4.514,358.0
1588.1772,4.517,351.6
1589.6614,4.538,350.3
1576.3576,4.552,346.3
1569.9848,4.552,344.9
1531.6292,4.553,336.4
1576.12,4.55,346.4
1636.0578,4.527,361.4
1659.4032,4.524,366.8
1624.911,4.53,358.7
1563.7133,4.547,343.9
1625.5818,4.542,357.9
1621.0398,4.542,356.9
1569.8599,4.549,345.1
1604.5348,4.516,355.3
1660.9009,4.517,367.7
1647.732,4.502,366.0
1583.9008,4.541,348.8
1591.1,4.546,350.0
1573.645,4.535,347.0
1582.5056,4.537,348.8
1660.7472,4.508,368.4
1659.15,4.5,368.7
1627.0821,4.531,359.1
1601.4602,4.538,352.9
1624.6431,4.547,357.3
1568.9155,4.541,345.5
1603.7802,4.542,353.1
1668.249,4.521,369.0
1680.1464,4.502,373.2
1641.4902,4.527,362.6
1592.3408,4.534,351.2
1587.064,4.528,350.5
1555.988,4.555,341.6
1581.4875,4.525,349.5
1621.6956,4.516,359.1
1647.9247,4.531,363.7
1546.209,4.545,340.2
1571.8056,4.552,345.3
1565.2,4.55,344.0
1574.6635,4.555,345.7
1572.1776,4.536,346.6
1626.8456,4.514,360.4
1660.0716,4.532,366.3
1569.6399,4.551,344.9
1576.1394,4.554,346.1
1589.5884,4.556,348.9
1562.448,4.542,344.0
1622.7186,4.534,357.9
1602.0186,4.514,354.9
1624.5523,4.529,358.7
1577.5552,4.528,348.4
1569.7152,4.542,345.6
1558.7033,4.543,343.1
1579.0656,4.548,347.2
1595.81,4.54,351.5
1617.0444,4.527,357.2
1624.6464,4.528,358.8
1582.644,4.54,348.6
1545.2882,4.553,339.4
1575.7001,4.537,347.3
1549.3894,4.549,340.6
1553.8248,4.554,341.2
1611.0926,4.523,356.2
1617.5924,4.526,357.4
1621.1664,4.536,357.4
1591.135,4.55,349.7
1578.5251,4.553,346.7
1553.7114,4.551,341.4
1580.9919,4.547,347.7
1609.215,4.533,355.0
1604.6247,4.529,354.3
1621.6658,4.526,358.3
1608.8311,4.523,355.7
1571.294,4.54,346.1
1558.3802,4.558,341.9
1556.555,4.55,342.1
1567.0581,4.533,345.7
1578.2811,4.521,349.1
1691.228,4.522,374.0
1648.0614,4.514,365.1
1599.7462,4.537,352.6
1598.2836,4.538,352.2
1609.0304,4.544,354.1
1603.679,4.543,353.0
1618.876,4.522,358.0
1632.258,4.509,362.0
1687.3332,4.514,373.8
1586.859,4.53,350.3
1588.3632,4.533,350.4
1602.8175,4.547,352.5
1587.8674,4.529,350.6
1623.417,4.497,361.0
1662.5409,4.497,369.7
1628.3619,4.527,359.7
1601.6526,4.527,353.8
1617.5042,4.541,356.2
1579.2972,4.533,348.4
1644.2064,4.527,363.2
1621.0696,4.513,359.2
1660.582,4.51,368.2
1563.7006,4.543,344.2
1583.8812,4.554,347.8
1598.3495,4.555,350.9
1547.686,4.54,340.9
1610.4475,4.525,355.9
1620.9774,4.514,359.1
1620.9291,4.529,357.9
1573.7167,4.547,346.1
1567.8195,4.551,344.5
1552.3461,4.551,341.1
1578.1205,4.565,345.7
1601.6526,4.527,353.8
1646.811,4.518,364.5
1629.7649,4.541,358.9
1583.1856,4.552,347.8
1546.5384,4.554,339.6
1569.3084,4.554,344.6
1575.7515,4.545,346.7
1630.5201,4.533,359.7
1599.3891,4.527,353.3
1628.28,4.523,360.0
1591.3792,4.552,349.6
1571.9154,4.551,345.4
1578.8718,4.554,346.7
1598.5956,4.557,350.8
1613.2193,4.543,355.1
1629.9871,4.529,359.9
1605.744,4.536,354.0
1594.1104,4.552,350.2
1566.92,4.555,344.0
1567.335,4.543,345.0
1550.2992,4.549,340.8
1576.5022,4.559,345.8
1629.7072,4.532,359.6
1643.8356,4.521,363.6
1638.4032,4.536,361.2
1569.7752,4.558,344.4
1581.279,4.557,347.0
1585.836,4.557,348.0
1550.1758,4.558,340.1
1584.7741,4.537,349.3
1619.2128,4.528,357.6
1618.176,4.515,358.4
1587.114,4.545,349.2
1585.368,4.54,349.2
1563.2586,4.547,343.8
1577.8626,4.538,347.7
1641.7563,4.539,361.7
1666.7694,4.506,369.9
1664.9199,4.501,369.9
1604.7232,4.528,354.4
1579.7834,4.537,348.2
1596.0146,4.538,351.7
1565.2224,4.529,345.6
1652.512,4.52,365.6
1655.3457,4.497,368.1
1691.3061,4.521,374.1
1607.868,4.542,354.0
1610.5474,4.547,354.2
1614.3255,4.541,355.5
1572.4977,4.533,346.9
1639.0464,4.493,364.8
1673.661,4.51,371.1
1602.7209,4.539,353.1
1592.2176,4.544,350.4
1579.087,4.535,348.2
1577.829,4.521,349.0
1614.938,4.511,358.0
1621.6827,4.521,358.7
1629.0662,4.534,359.3
1576.3576,4.552,346.3
1586.424,4.56,347.9
1551.2056,4.541,341.6
1567.8056,4.547,344.8
1623.1425,4.515,359.5
1649.4504,4.524,364.6
1644.6591,4.527,363.3
1592.1135,4.545,350.3
1563.5002,4.553,343.4
1587.2031,4.557,348.3
1573.7358,4.551,345.8
1576.8584,4.526,348.4
1647.464,4.526,364.0
1615.9185,4.515,357.9
1575.4272,4.548,346.4
1584.6295,4.547,348.5
1558.1376,4.544,342.9
1570.9885,4.547,345.5
1609.884,4.54,354.6
1630.9856,4.528,360.2
1618.2348,4.524,357.7
1603.2247,4.543,352.9
1566.2207,4.549,344.3
1552.9048,4.562,340.4
1585.4245,4.565,347.3
1559.5152,4.552,342.6
1622.2878,4.529,358.2
1621.8873,4.509,359.7
1634.0688,4.524,361.2
1571.4603,4.551,345.3
1558.9475,4.565,341.5
1536.4313,4.547,337.9
1586.6595,4.545,349.1
1594.3451,4.541,351.1
1613.4228,4.527,356.4
1613.586,4.53,356.2
1615.9176,4.534,356.4
1547.3246,4.559,339.4
1598.8413,4.559,350.7
1573.297,4.555,345.4
1575.2586,4.562,345.3
1615.2048,4.532,356.4
1649.4692,4.534,363.8
1642.8477,4.537,362.1
1610.2196,4.532,355.3
1594.593,4.543,351.0
1616.4152,4.552,355.1
1581.319,4.531,349.0
1642.004,4.511,364.0
1693.2665,4.495,376.7
1653.817,4.51,366.7
1570.9479,4.539,346.1
1603.875,4.55,352.5
1591.1392,4.528,351.4
1628.6128,4.534,359.2
1636.7536,4.504,363.4
1626.1224,4.502,361.2
1621.234,4.54,357.1
1583.934,4.532,349.5
1583.6474,4.526,349.9
1584.7741,4.537,349.3
1634.1552,4.528,360.9
1628.3808,4.512,360.9
1669.3186,4.519,369.4
1626.9166,4.547,357.8
1613.5303,4.549,354.7
1577.7265,4.535,347.9
1581.4183,4.543,348.1
1604.328,4.532,354.0
1647.9166,4.526,364.1
1659.0364,4.523,366.8
1577.65,4.54,347.5
1591.2288,4.536,350.8
1562.6816,4.544,343.9
1602.3452,4.556,351.7
1605.5305,4.529,354.5
1655.784,4.524,366.0
1623.0042,4.531,358.2
1592.0746,4.541,350.6
1566.6615,4.545,344.7
1572.951,4.533,347.0
1569.843,4.545,345.4
1580.4544,4.552,347.2
1610.049,4.515,356.6
1619.982,4.515,358.8
1610.7705,4.531,355.5
1590.606,4.555,349.2
1567.1426,4.553,344.2
1552.2192,4.536,342.2
1610.546,4.556,353.5
1630.2538,4.531,359.8
1630.1604,4.532,359.7
1611.968,4.528,356.0
1575.8592,4.544,346.8
1563.0364,4.549,343.6
1539.8246,4.553,338.2
1539.2838,4.542,338.9
1569.7779,4.533,346.3
1617.1617,4.521,357.7
1626.48,4.518,360.0
1598.5875,4.535,352.5
1548.2535,4.547,340.5
1556.191,4.537,343.0
1574.7732,4.554,345.8
1556.5434,4.542,342.7
1570.3104,4.528,346.8
1612.6825,4.511,357.5
1632.3534,4.518,361.3
1573.0764,4.557,345.2
1557.6944,4.552,342.2
1542.692,4.54,339.8
1587.1758,4.553,348.6
1620.649,4.546,356.5
1641.9864,4.506,364.4
1660.6248,4.504,368.7
1635.0645,4.523,361.5
1605.798,4.54,353.7
1568.8246,4.546,345.1
1602.4176,4.542,352.8
1606.02,4.524,355.0
1662.7546,4.511,368.6
1684.7166,4.507,373.8
1585.5389,4.547,348.7
1583.7954,4.542,348.7
1596.7735,4.535,352.1
1590.2185,4.537,350.5
1639.5875,4.523,362.5
1647.7824,4.512,365.2
1645.0151,4.523,363.7
1622.4312,4.537,357.6
1573.3246,4.538,346.7
1566.7344,4.536,345.4
1609.43,4.54,354.5
1672.356,4.515,370.4
1667.0906,4.502,370.3
1606.6512,4.536,354.2
1582.2752,4.552,347.6
1560.384,4.536,344.0
1573.0024,4.541,346.4
1538.9449,4.541,338.9
1598.8805,4.523,353.5
1647.3753,4.527,363.9
1636.9584,4.532,361.2
1588.4352,4.554,348.8
1584.229,4.555,347.8
1574.8992,4.557,345.6
1581.3396,4.548,347.7
1606.252,4.54,353.8
1641.849,4.523,363.0
1623.7774,4.513,359.8
1577.9975,4.541,347.5
1598.454,4.554,351.0
1573.2807,4.551,345.7
1547.5698,4.549,340.2
1594.2153,4.551,350.3
1635.7875,4.525,361.5
1659.68,4.51,368.0
1609.476,4.521,356.0
1569.653,4.555,344.6
1561.7832,4.548,343.4
1566.565,4.55,344.3
1569.295,4.55,344.9
1590.4245,4.535,350.7
1610.5005,4.515,356.7
1619.3568,4.512,358.9
1578.1784,4.552,346.7
1550.8624,4.556,340.4
1556.2007,4.541,342.7
1571.2065,4.545,345.7
1559.5092,4.548,342.9
1602.4155,4.533,353.5
1601.0817,4.519,354.3
1622.0241,4.527,358.3
1561.6499,4.541,343.9
1558.9472,4.553,342.4
1539.252,4.554,338.0
1554.0516,4.548,341.7
1578.7702,4.538,347.9
1652.7169,4.507,366.7
1615.8054,4.521,357.4
1593.994,4.54,351.1
1578.9136,4.528,348.7
1618.51,4.54,356.5
1569.6942,4.538,345.9
1586.205,4.545,349.0
1670.7449,4.507,370.7
1651.4169,4.501,366.9
1576.3349,4.531,347.9
1603.3173,4.551,352.3
1557.5388,4.533,343.6
1593.4032,4.528,351.9
1657.3068,4.506,367.8
1643.46,4.515,364.0
1641.849,4.523,363.0
1576.6352,4.541,347.2
1593.2476,4.534,351.4
1603.2722,4.547,352.6
1595.3651,4.531,352.1
1659.9648,4.512,367.9
1640.1408,4.496,364.8
1590.2868,4.523,351.6
1601.4075,4.543,352.5
1584.914,4.54,349.1
1575.1116,4.534,347.4
1644.9264,4.524,363.6
1645.749,4.53,363.3
1638.8646,4.526,362.1
1542.7971,4.547,339.3
1587.8124,4.547,349.2
1574.6261,4.547,346.3
1574.8638,4.549,346.2
1582.7812,4.543,348.4
1650.72,4.525,364.8
1656.1866,4.514,366.9
1603.7292,4.538,353.4
1581.7944,4.548,347.8
1572.7866,4.543,346.2
1585.296,4.545,348.8
1585.4328,4.548,348.6
1607.571,4.503,357.0
1606.5045,4.519,355.5
1615.5612,4.533,356.4
1573.6713,4.539,346.7
1566.8807,4.543,344.9
1582.9047,4.563,346.9
1588.86,4.55,349.2
1644.385,4.525,363.4
1629.6135,4.533,359.5
1598.2836,4.538,352.2
1566.7984,4.552,344.2
1551.3216,4.544,341.4
1571.3644,4.556,344.9
1555.3048,4.553,341.6
1574.2322,4.538,346.9
1612.0224,4.518,356.8
1606.913,4.51,356.3
1586.5206,4.542,349.3
1562.9328,4.554,343.2
1551.2056,4.541,341.6
1544.054,4.54,340.1
1584.5649,4.539,349.1
1626.7375,4.525,359.5
1622.9092,4.532,358.1
1625.552,4.528,359.0
1587.95,4.55,349.0
1588.0864,4.553,348.8
1591.623,4.554,349.5
1536.5018,4.558,337.1
1614.2013,4.533,356.1
1640.2705,4.505,364.1
1646.082,4.516,364.5
1617.9583,4.541,356.3
1588.65,4.539,350.0
1618.7688,4.542,356.4
1576.8195,4.535,347.7
1603.8558,4.523,354.6
1660.582,4.51,368.2
1654.5676,4.501,367.6
1603.3648,4.528,354.1
1578.7388,4.534,348.2
1608.5264,4.549,353.6
1580.4128,4.531,348.8
1642.0328,4.526,362.8
1674.0002,4.517,370.6
1661.0685,4.515,367.9
1601.712,4.54,352.8
1583.1685,4.535,349.1
1626.4619,4.547,357.7
1560.1494,4.534,344.1
1620.5134,4.519,358.6
1673.979,4.506,371.5
1656.0634,4.526,365.9
1559.9552,4.544,343.3
1564.6338,4.551,343.8
1561.8834,4.543,343.8
1590.4356,4.548,349.7
1639.3146,4.521,362.6
1597.6805,4.535,352.3
1622.7588,4.524,358.7
1591.6951,4.549,349.9
1574.8188,4.541,346.8
1561.5258,4.538,344.1
1561.0854,4.542,343.7
1607.16,4.54,354.0
1639.0413,4.519,362.7
1641.4902,4.527,362.6
1629.6448,4.547,358.4
1568.3976,4.554,344.4
1557.0984,4.537,343.2
1573.5872,4.544,346.3
1559.9704,4.552,342.7
1610.7622,4.517,356.6
1631.268,4.52,360.9
1640.034,4.518,363.0
1591.623,4.554,349.5
1583.4258,4.554,347.7
1568.296,4.559,344.0
1567.8468,4.563,343.6
1588.7916,4.542,349.8
1651.4608,4.532,364.4
1632.7116,4.524,360.9
1591.8,4.548,350.0
1562.8134,4.551,343.4
1591.3044,4.557,349.2
1583.0322,4.566,346.7
1566.816,4.56,343.6
1607.6469,4.507,356.7
1613.3778,4.518,357.1
1611.0624,4.528,355.8
1582.9172,4.546,348.2
1568.6784,4.539,345.6
1556.6712,4.557,341.6
1548.5904,4.552,340.2
1587.4963,4.537,349.9
1605.5676,4.524,354.9
1662.9375,4.525,367.5
1626.9444,4.542,358.2
1612.0116,4.546,354.6
1592.2176,4.544,350.4
1623.05,4.54,357.5
1592.0437,4.519,352.3
1648.34,4.516,365.0
1632.6,4.5,362.8
1626.7992,4.534,358.8
1590.1152,4.538,350.4
1588.7732,4.529,350.8
1607.9202,4.546,353.7
1610.427,4.511,357.0
1666.2816,4.512,369.3
1657.876,4.51,367.6
1602.6127,4.549,352.3
1603.0224,4.536,353.4
1581.1762,4.541,348.2
1602.3156,4.534,353.4
1632.3521,4.513,361.7
1641.123,4.521,363.0
1640.738,4.51,363.8
1591.2872,4.531,351.2
1602.267,4.539,353.0
1555.602,4.53,343.4
1554.6193,4.547,341.9
1595.9124,4.539,351.6
1665.2844,4.524,368.1
1639.0452,4.524,362.3
1603.5776,4.544,352.9
1560.7619,4.549,343.1
1576.2285,4.549,346.5
1579.2534,4.542,347.7
1601.1566,4.541,352.6
1637.8684,4.522,362.2
1650.9969,4.527,364.7
1638.954,4.53,361.8
1555.3031,4.549,341.9
1560.2985,4.545,343.3
1553.9384,4.549,341.6
1569.0432,4.544,345.3
1623.757,4.523,359.0
1625.2068,4.522,359.4
1621.4768,4.528,358.1
1568.5488,4.536,345.8
1575.1398,4.538,347.1
1565.955,4.539,345.0
1567.8468,4.563,343.6
1584.0384,4.544,348.6
1621.8873,4.509,359.7
1608.764,4.519,356.0
1582.9926,4.541,348.6
1568.0718,4.561,343.8
1560.0662,4.543,343.4
1574.4089,4.549,346.1
1542.009,4.542,339.5
1616.1628,4.522,357.4
1649.0089,4.529,364.1
1588.546,4.54,349.9
1569.7908,4.566,343.8
1565.4328,4.552,343.9
1531.8843,4.547,336.9
1586.0988,4.563,347.6
1648.4575,4.525,364.3
1627.629,4.53,359.3
1609.8643,4.531,355.3
1541.2095,4.545,339.1
1578.5251,4.553,346.7
1560.543,4.555,342.6
1550.4132,4.548,340.9
1584.4069,4.523,350.3
1694.4822,4.509,375.8
1640.3568,4.504,364.2
1615.4301,4.539,355.9
1578.2854,4.534,348.1
1605.2904,4.536,353.9
1585.9668,4.521,350.8
1652.7169,4.507,366.7
1661.935,4.51,368.5
1656.8903,4.511,367.3
1610.4056,4.516,356.6
1612.4208,4.528,356.1
1604.183,4.538,353.5
1593.0006,4.523,352.2
1636.4583,4.497,363.9
1681.497,4.502,373.5
1654.772,4.52,366.1
1576.5012,4.538,347.4
1583.4808,4.532,349.4
1636.3277,4.529,361.3
1643.3937,4.531,362.7
1618.569,4.53,357.3
1652.234,4.502,367.0
1619.541,4.51,359.1
1585.9936,4.547,348.8
1559.844,4.545,343.2
1545.98,4.547,340.0
1586.13,4.55,348.6
1613.8109,4.537,355.7
1649.1734,4.522,364.7
1627.652,4.52,360.1
1578.0744,4.536,347.9
1570.5501,4.551,345.1
1567.9154,4.546,344.9
1572.3705,4.551,345.5
1575.4472,4.552,346.1
1630.4496,4.524,360.4
1642.3508,4.507,364.4
1614.8768,4.526,356.8
1586.8272,4.552,348.6
1586.7719,4.561,347.9
1577.0893,4.541,347.3
1589.0368,4.544,349.7
1601.0064,4.538,352.8
1662.6816,4.528,367.2
1656.7749,4.523,366.3
1600.6466,4.546,352.1
1574.5368,4.552,345.9
1605.5344,4.556,352.4
1572.716,4.552,345.5
1538.8296,4.542,338.8
1640.2112,4.516,363.2
1628.1876,4.524,359.9
1592.7758,4.543,350.6
1573.0245,4.545,346.1
1570.148,4.538,346.0
1553.4836,4.553,341.2
1563.7408,4.567,342.4
1603.982,4.54,353.3
1638.2268,4.518,362.6
1634.43,4.525,361.2
1597.6088,4.549,351.2
1582.515,4.554,347.5
1532.1828,4.556,336.3
1580.496,4.56,346.6
1551.6624,4.553,340.8
1621.9478,4.523,358.6
1626.378,4.524,359.5
1611.1886,4.522,356.3
1571.9632,4.538,346.4
1611.345,4.539,355.0
1604.58,4.552,352.5
1616.853,4.529,357.0
1664.3894,4.502,369.7
1631.6308,4.516,361.3
1621.9775,4.537,357.5
1580.0554,4.543,347.8
1593.599,4.535,351.4
1572.656,4.54,346.4
1635.9399,4.503,363.3
1637.636,4.499,364.0
1667.5535,4.513,369.5
1570.4244,4.548,345.3
1570.5151,4.543,345.7
1578.2854,4.534,348.1
1633.946,4.54,359.9
1645.9776,4.512,364.8
1655.0859,4.511,366.9
1619.95,4.525,358.0
1603.2722,4.547,352.6
1591.389,4.53,351.3
1555.074,4.547,342.0
1562.7016,4.552,343.3
1633.6002,4.534,360.3
1639.4848,4.514,363.2
1596.1166,4.537,351.8
1582.6461,4.557,347.3
1543.6992,4.551,339.2
1585.5684,4.551,348.4
1548.027,4.545,340.6
1614.3758,4.517,357.4
1613.036,4.531,356.0
1613.553,4.535,355.8
1573.8624,4.554,345.6
1583.5069,4.549,348.1
1549.8443,4.549,340.7
1592.138,4.562,349.0
1614.039,4.53,356.3
1658.6928,4.527,366.4
1642.0328,4.526,362.8
1552.1175,4.545,341.5
1572.2608,4.552,345.4
1570.1694,4.542,345.7
1580.2965,4.545,347.7
1599.1799,4.547,351.7
1621.4541,4.533,357.7
1660.8704,4.528,366.8
1603.679,4.543,353.0
1553.9384,4.549,341.6
1565.098,4.555,343.6
1597.579,4.558,350.5
1574.7732,4.554,345.8
1622.9295,4.527,358.5
1607.8551,4.533,354.7
1632.3333,4.533,360.1
1585.4328,4.548,348.6
1605.5457,4.547,353.1
1566.5946,4.566,343.1
1550.0706,4.551,340.6
1552.895,4.534,342.5
1644.9885,4.513,364.5
1606.149,4.518,355.5
1609.9833,4.539,354.7
1572.3526,4.547,345.8
1596.718,4.54,351.7
1551.663,4.545,341.4
1575.1476,4.563,345.2
1647.2766,4.523,364.2
1647.6477,4.503,365.9
1631.4498,4.518,361.1
1607.97,4.55,353.4
1583.7954,4.542,348.7
1582.4703,4.533,349.1
1601.0556,4.533,353.2
1674.0444,4.522,370.2
1648.4336,4.499,366.4
1618.518,4.521,358.0
1609.2512,4.528,355.4
1594.2153,4.551,350.3
1578.933,4.545,347.4
1597.1256,4.536,352.1
1702.8342,4.518,376.9
1636.6894,4.489,364.6
1621.234,4.54,357.1
1588.2328,4.543,349.6
1607.614,4.54,354.1
1578.32,4.525,348.8
1637.9583,4.521,362.3
1675.436,4.516,371.0
1630.365,4.51,361.5
1581.9468,4.538,348.6
1562.104,4.541,344.0
1576.3368,4.548,346.6
1538.576,4.552,338.0
1555.1726,4.538,342.7
1611.5923,4.513,357.1
1649.6948,4.516,365.3
1615.786,4.54,355.9
1566.11,4.55,344.2
1573.11,4.54,346.5
1588.6105,4.535,350.3
1552.7995,4.555,340.9
1595.3712,4.553,350.4
1641.3008,4.519,363.2
1637.7677,4.513,362.9
1603.326,4.542,353.0
1569.7638,4.554,344.7
1590.6454,4.546,349.9
1561.662,4.545,343.6
1587.7068,4.548,349.1
1625.678,4.541,358.0
1628.2872,4.518,360.4
1603.1748,4.539,353.2
1594.8794,4.549,350.6
1583.4258,4.554,347.7
1553.2513,4.559,340.7
1585.0324,4.556,347.9
1613.9088,4.536,355.8
1624.6616,4.523,359.2
1612.154,4.54,355.1
1595.356,4.54,351.4
1566.0165,4.559,343.5
1575.6436,4.546,346.6
1566.4645,4.555,343.9
1571.5984,4.558,344.8
1595.0625,4.525,352.5
1643.3724,4.516,363.9
1621.3365,4.515,359.1
1577.462,4.546,347.0
1554.3933,4.549,341.7
1576.3368,4.548,346.6
1567.7893,4.543,345.1
1545.1884,4.542,340.2
1619.1396,4.524,357.9
1624.221,4.518,359.5
1641.566,4.516,363.5
1624.437,4.535,358.2
1603.8295,4.537,353.5
1580.6571,4.533,348.7
1633.7943,4.527,360.9
1652.1576,4.492,367.8
1662.9106,4.498,369.7
1642.6644,4.524,363.1
1627.0632,4.536,358.7
1603.6758,4.534,353.7
1586.1144,4.524,350.6
1621.3308,4.539,357.2
1653.2173,4.501,367.3
1666.8,4.5,370.4
1590.186,4.524,351.5
1597.3611,4.547,351.3
1598.3298,4.542,351.9
1583.478,4.545,348.4
1617.148,4.54,356.2
1650.5478,4.506,366.3
1687.1225,4.505,374.5
1672.3881,4.509,370.9
1585.2528,4.528,350.1
1590.6454,4.546,349.9
1589.8014,4.554,349.1
1563.48,4.545,344.0
1601.3975,4.525,353.9
1654.4268,4.524,365.7
1632.2624,4.514,361.6
1583.6898,4.543,348.6
1584.765,4.55,348.3
1595.1504,4.542,351.2
1596.8028,4.548,351.1
1578.2854,4.534,348.1
1607.303,4.534,354.5
1624.6832,4.508,360.4
1626.201,4.545,357.8
1551.5498,4.546,341.3
1573.2807,4.551,345.7
1553.596,4.556,341.0
1599.2214,4.551,351.4
1637.05,4.516,362.5
1618.7204,4.514,358.6
1606.0004,4.547,353.2
1583.4492,4.558,347.4
1576.0982,4.546,346.7
1576.8996,4.547,346.8
1548.365,4.55,340.3
1582.35,4.521,350.0
1618.7204,4.514,358.6
1614.9012,4.521,357.2
1570.2192,4.554,344.8
1557.126,4.553,342.0
1594.1104,4.552,350.2
1576.0113,4.551,346.3
1569.8599,4.549,345.1
1639.407,4.53,361.9
1656.58,4.52,366.5
1618.6709,4.543,356.3
1565.673,4.558,343.5
1582.7544,4.556,347.4
1579.6004,4.564,346.1
1570.1085,4.555,344.7
1611.4021,4.543,354.7
1643.3835,4.521,363.5
1624.458,4.53,358.6
1596.348,4.548,351.0
1591.135,4.55,349.7
1584.765,4.55,348.3
1605.1353,4.533,354.1
1618.3146,4.542,356.3
1656.4392,4.511,367.2
1641.9648,4.501,364.8
1662.9375,4.525,367.5
1606.252,4.54,353.8
1575.297,4.545,346.6
1624.2192,4.542,357.6
1579.3664,4.528,348.8
1686.2744,4.516,373.4
1646.634,4.499,366.0
1626.7375,4.525,359.5
1589.454,4.54,350.1
1581.282,4.54,348.3
1584.1441,4.543,348.7
1629.254,4.532,359.5
1667.1393,4.507,369.9
1621.6186,4.507,359.8
1570.66,4.55,345.2
1572.257,4.531,347.0
1594.4896,4.544,350.9
1613.9088,4.536,355.8
1595.0088,4.521,352.8
1615.9,4.52,357.5
1627.5352,4.531,359.2
1567.2536,4.552,344.3
1538.5884,4.548,338.3
1580.733,4.562,346.5
1592.15,4.549,350.0
1628.561,4.51,361.1
1652.964,4.52,365.7
1635.33,4.53,361.0
1601.6107,4.541,352.7
1575.38,4.54,347.0
1573.6952,4.543,346.4
1595.5112,4.556,350.2
1627.7226,4.529,359.4
1638.4935,4.515,362.9
1613.615,4.525,356.6
1578.2382,4.543,347.4
1575.2448,4.558,345.6
1548.8222,4.546,340.7
1597.505,4.55,351.1
1605.9834,4.529,354.6
1624.475,4.525,359.0
1635.9691,4.523,361.7
1559.632,4.555,342.4
1572.0408,4.554,345.2
1586.903,4.547,349.0
1579.584,4.56,346.4
1548.7082,4.547,340.6
1615.2792,4.517,357.6
1646.4465,4.517,364.5
1604.5365,4.539,353.5
1556.8971,4.551,342.1
1592.322,4.556,349.5
1569.8865,4.557,344.5
1587.7275,4.569,347.5
1631.706,4.53,360.2
1616.7825,4.525,357.3
1640.4012,4.534,361.8
1588.0864,4.553,348.8
1573.1712,4.552,345.6
1579.347,4.558,346.5
1581.864,4.56,346.9
1604.436,4.54,353.4
1653.1728,4.528,365.1
1616.2077,4.531,356.7
1594.5408,4.512,353.4
1600.0988,4.538,352.6
1628.5696,4.544,358.4
1572.7516,4.522,347.8
1632.8796,4.532,360.3
1689.2253,4.501,375.3
1657.9972,4.492,369.1
1654.772,4.52,366.1
1579.4352,4.536,348.2
1634.76,4.541,360.0
1608.603,4.53,355.1
1579.8839,4.523,349.3
1680.324,4.517,372.0
1641.0646,4.501,364.6
1644.797,4.51,364.7
1586.1584,4.528,350.3
1600.449,4.53,353.3
1588.466,4.532,350.5
1638.5922,4.529,361.8
1676.976,4.508,372.0
1671.9639,4.503,371.3
1607.8296,4.524,355.4
1582.008,4.546,348.0
1574.1495,4.543,346.5
1597.2741,4.539,351.9
1556.1789,4.533,343.3
1636.7832,4.524,361.8
1660.675,4.525,367.0
1653.1565,4.523,365.5
1574.8425,4.545,346.5
1577.1592,4.553,346.4
1560.0757,4.547,343.1
1553.2552,4.547,341.6
1629.406,4.54,358.9
1634.8825,4.525,361.3
1659.2522,4.531,366.2
1612.2528,4.539,355.2
1571.8557,4.539,346.3
1576.8753,4.543,347.1
1556.442,4.551,342.0
1554.2724,4.542,342.2
1662.6548,4.523,367.6
1598.0748,4.522,353.4
1589.908,4.54,350.2
1577.2464,4.548,346.8
1573.479,4.545,346.2
1579.1731,4.547,347.3
1562.7777,4.539,344.3
1623.8502,4.522,359.1
1631.8068,4.524,360.7
1630.2384,4.536,359.4
1575.21,4.55,346.2
1577.0074,4.546,346.9
1570.92,4.56,344.5
1592.9184,4.546,350.4
1624.1502,4.538,357.9
1630.2915,4.545,358.7
1632.1675,4.525,360.7
1592.0092,4.546,350.2
1581.3648,4.552,347.4
1584.765,4.55,348.3
1564.5224,4.552,343.7
1538.8296,4.542,338.8
1616.804,4.52,357.7
1610.0595,4.529,355.5
1605.176,4.528,354.5
1552.1188,4.549,341.2
1566.3312,4.548,344.4
1589.6204,4.534,350.6
1596.5728,4.528,352.6
1650.8834,4.502,366.7
1650.4896,4.512,365.8
1607.4742,4.523,355.4
1606.2774,4.526,354.9
1610.1932,4.546,354.2
1607.3134,4.543,353.8
1595.9544,4.516,353.4
1670.7915,4.495,371.7
1654.7696,4.504,367.4
1603.66,4.525,354.4
1588.218,4.53,350.6
1588.0559,4.549,349.1
1581.94,4.525,349.6
1606.2452,4.517,355.6
1658.0046,4.503,368.2
1653.2815,4.511,366.5
1587.8674,4.529,350.6
1596.14,4.55,350.8
1586.55,4.533,350.0
1611.321,4.53,355.7
1665.2898,4.502,369.9
1628.109,4.515,360.6
1616.9868,4.537,356.4
1559.5092,4.548,342.9
1612.6726,4.553,354.2
1596.3864,4.552,350.7
1598.3736,4.546,351.6
1589.8256,4.532,350.8
1595.8561,4.517,353.3
1637.931,4.506,363.5
1579.3272,4.554,346.8
1541.8877,4.547,339.1
1573.0442,4.549,345.8
1597.96,4.55,351.2
1571.2444,4.532,346.7
1620.9774,4.514,359.1
1641.3072,4.524,362.8
1592.9828,4.541,350.8
1569.7338,4.546,345.3
1568.64,4.56,344.0
1589.0259,4.557,348.7
1603.5209,4.531,353.9
1689.4977,4.521,373.7
1637.7783,4.523,362.1
1589.7362,4.546,349.7
1569.3194,4.558,344.3
1562.104,4.541,344.0
1541.094,4.546,339.0
1570.205,4.55,345.1
1600.0486,4.534,352.9
1631.7866,4.534,359.9
1626.285,4.525,359.4
1570.1884,4.546,345.4
1559.5188,4.564,341.7
1525.59,4.554,335.0
1579.891,4.553,347.0
1612.5091,4.541,355.1
1637.0424,4.536,360.9
1636.7832,4.524,361.8
1590.1152,4.538,350.4
1558.1448,4.548,342.6
1559.621,4.547,343.0
1583.584,4.544,348.5
1594.9159,4.553,350.3
1634.3317,4.531,360.7
1610.667,4.518,356.5
1604.8802,4.531,354.2
1574.8188,4.541,346.8
1604.9904,4.539,353.6
1593.8028,4.533,351.6
1601.055,4.542,352.5
1646.601,4.51,365.1
1655.955,4.506,367.5
1647.088,4.52,364.4
1622.0028,4.532,357.9
1590.9586,4.543,350.2
1581.5268,4.529,349.2
1610.415,4.53,355.5
1681.9472,4.502,373.6
1671.0354,4.509,370.6
1619.079,4.515,358.6
1579.087,4.535,348.2
1619.5795,4.543,356.5
1634.3317,4.531,360.7
1618.76,4.528,357.5
1644.6654,4.501,365.4
1639.8855,4.499,364.5
1620.9072,4.548,356.4
1591.4129,4.543,350.3
1556.8928,4.547,342.4
1584.1212,4.556,347.7
1606.9564,4.519,355.6
1632.3534,4.518,361.3
1592.448,4.524,352.0
1601.8488,4.552,351.9
1591.2288,4.536,350.8
1559.278,4.546,343.0
1561.5726,4.562,342.3
1569.8848,4.532,346.4
1632.624,4.52,361.2
1644.1992,4.522,363.6
1628.184,4.548,358.0
1571.4432,4.547,345.6
1585.296,4.545,348.8
1580.4032,4.544,347.8
1577.136,4.532,348.0
1623.0578,4.511,359.8
1624.3953,4.521,359.3
1622.3607,4.533,357.9
1597.0098,4.546,351.3
1579.6521,4.551,347.1
1562.7016,4.552,343.3
1551.093,4.542,341.5
1585.7056,4.528,350.2
1613.9018,4.522,356.9
1603.2075,4.525,354.3
1577.5695,4.545,347.1
1566.3168,4.544,344.7
1563.1476,4.548,343.7
1554.0528,4.552,341.4
1556.7744,4.544,342.6
1609.832,4.522,356.0
1610.9,4.525,356.0
1644.9264,4.524,363.6
1564.8661,4.553,343.7
1553.2552,4.547,341.6
1568.4795,4.545,345.1
1566.645,4.541,345.0
1585.0527,4.543,348.9
1602.8893,4.519,354.7
1610.3328,4.512,356.9
1595.413,4.535,351.8
1572.744,4.56,344.9
1551.0924,4.554,340.6
1558.9253,4.541,343.3
1591.8672,4.543,350.4
1686.74,4.51,374.0
1646.3814,4.502,365.7
1611.1886,4.522,356.3
1613.7726,4.542,355.3
1606.9058,4.538,354.1
1620.9736,4.538,357.2
1567.9872,4.537,345.6
1649.0132,4.492,367.1
1634.1234,4.498,363.3
1635.7875,4.525,361.5
1601.658,4.545,352.4
1598.4364,4.532,352.7
1577.1701,4.523,348.7
1613.25,4.5,358.5
1645.5264,4.512,364.7
1665.1737,4.509,369.3
1593.5527,4.531,351.7
1583.934,4.532,349.5
1589.167,4.534,350.5
1583.8944,4.528,349.8
1678.9152,4.512,372.1
1645.3788,4.524,363.7
1602.0648,4.541,352.8
1574.8827,4.553,345.9
1585.8099,4.553,348.3
1563.2685,4.551,343.5
1568.2603,4.547,344.9
1603.4689,4.513,355.3
1609.2159,4.519,356.1
1633.2262,4.538,359.9
1559.5092,4.548,342.9
1585.1133,4.551,348.3
1552.3431,4.543,341.7
1551.4144,4.531,342.4
1646.0961,4.521,364.1
1635.2438,4.526,361.3
1643.3014,4.537,362.2
1552.005,4.55,341.1
1590.4207,4.561,348.7
1570.9479,4.539,346.1
1578.8258,4.546,347.3
1628.28,4.523,360.0
1631.1776,4.511,361.6
1638.1404,4.524,362.1
1568.715,4.547,345.0
1544.5008,4.548,339.6
1567.3905,4.563,343.5
1562.3492,4.547,343.6
1567.6188,4.532,345.9
1603.0176,4.513,355.2
1625.7516,4.521,359.6
1585.7172,4.541,349.2
1574.9133,4.561,345.3
1558.1376,4.544,342.9
1564.92,4.536,345.0
1562.6928,4.548,343.6
1575.2464,4.537,347.2
1612.1376,4.512,357.3
1625.9428,4.514,360.2
1589.1032,4.552,349.1
1569.4401,4.561,344.1
1571.334,4.548,345.5
1565.904,4.56,343.4
1578.5251,4.553,346.7
1643.3937,4.531,362.7
1628.7216,4.528,359.7
1610.28,4.536,355.0
1564.0448,4.544,344.2
1580.374,4.54,348.1
1570.7632,4.528,346.9
1616.4585,4.547,355.5
1615.6672,4.508,358.4
1632.7976,4.508,362.2
1620.4335,4.515,358.9
1592.2176,4.544,350.4
1629.7649,4.541,358.9
1585.3115,4.523,350.5
1605.7269,4.527,354.7
1636.679,4.51,362.9
1635.0599,4.513,362.3
1642.6683,4.529,362.7
1567.0991,4.541,345.1
1585.0864,4.534,349.6
1615.6878,4.541,355.8
1606.4363,4.529,354.7
1660.7006,4.514,367.9
1621.8904,4.504,360.1
1649.6256,4.522,364.8
1612.7438,4.534,355.7
1626.9444,4.542,358.2
1599.5427,4.561,350.7
1581.7122,4.553,347.4
1620.872,4.52,358.6
1619.7804,4.522,358.2
1626.1918,4.526,359.3
1574.0416,4.544,346.4
1569.0432,4.544,345.3
1583.064,4.536,349.0
1571.4018,4.539,346.2
1598.7374,4.538,352.3
1612.6407,4.521,356.7
1641.0144,4.512,363.7
1618.8984,4.536,356.9
1596.3864,4.552,350.7
1581.1702,4.558,346.9
1564.4181,4.557,343.3
1564.6092,4.543,344.4
1614.129,4.51,357.9
1618.876,4.522,358.0
1588.5243,4.527,350.9
1574.7344,4.546,346.4
1603.476,4.545,352.8
1567.608,4.557,344.0
1547.789,4.555,339.8
1578.6004,4.531,348.4
1619.8892,4.516,358.7
1639.3146,4.521,362.6
1572.3705,4.551,345.5
1562.3377,4.543,343.9
1574.1252,4.539,346.8
1589.9456,4.544,349.9
1544.1657,4.543,339.9
1606.3412,4.516,355.7
1615.9728,4.524,357.2
1608.3788,4.523,355.6
1569.5148,4.548,345.1
1554.9612,4.548,341.9
1547.91,4.55,340.2
1567.68,4.544,345.0
1584.4907,4.531,349.7
1603.5012,4.522,354.6
1607.7325,4.525,355.3
1581.3844,4.526,349.4
1586.0235,4.551,348.5
1566.11,4.55,344.2
1533.483,4.545,337.4
1593.0432,4.536,351.2
1662.345,4.505,369.0
1653.75,4.5,367.5
1646.082,4.516,364.5
1590.7123,4.541,350.3
1592.838,4.538,351.0
1608.068,4.54,354.2
1641.1174,4.541,361.4
1657.876,4.51,367.6
1679.464,4.505,372.8
1618.4025,4.527,357.5
1592.5896,4.536,351.1
1580.796,4.536,348.5
1599.1799,4.547,351.7
1649.1113,4.507,365.9
1661.2802,4.507,368.6
1608.9276,4.522,355.8
1611.3564,4.548,354.3
1604.682,4.533,354.0
1583.7913,4.529,349.7
1617.5194,4.522,357.7
1675.2519,4.507,371.7
1626.4576,4.528,359.2
1574.646,4.551,346.0
1561.56,4.55,343.2
1578.4516,4.541,347.6
1578.7419,4.551,346.9
1614.232,4.528,356.5
1644.2595,4.511,364.5
1629.1846,4.523,360.2
1596.3864,4.552,350.7
1564.745,4.55,343.9
1589.5578,4.539,350.2
1601.7029,4.549,352.1
1565.5321,4.547,344.3
1595.7144,4.523,352.8
1628.109,4.515,360.6
1608.0878,4.526,355.3
1568.1504,4.548,344.8
1576.03,4.555,346.0
1578.7419,4.551,346.9
1548.5904,4.536,341.4
1585.2652,4.519,350.8
1639.498,4.529,362.0
1665.0306,4.527,367.8
1597.05,4.55,351.0
1576.742,4.54,347.3
1583.478,4.545,348.4
1561.8,4.56,342.5
1557.005,4.546,342.5
1616.5404,4.518,357.8
1652.9825,4.525,365.3
1610.4976,4.552,353.8
1577.485,4.55,346.7
1558.4712,4.541,343.2
1567.2408,4.548,344.6
1559.9704,4.552,342.7
1573.5104,4.532,347.2
1602.5663,4.513,355.1
1632.534,4.516,361.5
1573.0442,4.549,345.8
1577.7748,4.564,345.7
1534.715,4.55,337.3
1571.2403,4.553,345.1
1560.2876,4.541,343.6
1624.7546,4.522,359.3
1617.6312,4.516,358.2
1612.9388,4.532,355.9
1586.859,4.53,350.3
1623.0765,4.535,357.9
1582.1145,4.545,348.1
1623.6964,4.538,357.8
1673.4112,4.496,372.2
1652.1154,4.498,367.3
1562.925,4.55,343.5
1572.916,4.546,346.0
1617.5376,4.536,356.6
1611.246,4.54,354.9
1623.8615,4.517,359.5
1638.1478,4.493,364.6
1653.588,4.518,366.0
1594.506,4.535,351.6
1572.6312,4.536,346.7
1558.6461,4.527,344.3
1581.6304,4.528,349.3
1662.423,4.515,368.2
1650.973,4.49,367.7
1584.914,4.54,349.1
1572.417,4.538,346.5
1604.2704,4.528,354.3
1589.3724,4.532,350.7
1607.3421,4.529,354.9
1640.4921,4.523,362.7
1615.7475,4.545,355.5
1597.8158,4.547,351.4
1587.0086,4.546,349.1
1562.3492,4.547,343.6
1570.008,4.56,344.3
1629.9972,4.524,360.3
1636.544,4.496,364.0
1618.0659,4.521,357.9
1569.1697,4.547,345.1
1568.0532,4.553,344.4
1585.6122,4.542,349.1
1580.1896,4.546,347.6
1584.6971,4.529,349.9
1654.9657,4.523,365.9
1624.5805,4.519,359.5
1608.4656,4.536,354.6
1566.565,4.55,344.3
1577.1777,4.557,346.1
1564.9668,4.548,344.1
1597.376,4.538,352.0
1619.982,4.515,358.8
1631.3544,4.524,360.6
1603.0224,4.536,353.4
1572.6062,4.553,345.4
1578.7419,4.551,346.9
1564.8661,4.553,343.7
1594.098,4.565,349.2
1594.4589,4.531,351.9
1619.4376,4.516,358.6
1615.296,4.512,358.0
1577.961,4.554,346.5
1570.6746,4.554,344.9
1550.4048,4.536,341.8
1561.56,4.55,343.2
1563.2811,4.559,342.9
1593.152,4.526,352.0
1639.7667,4.521,362.7
1631.2625,4.525,360.5
1555.404,4.54,342.6
1572.2436,4.548,345.7
1555.6464,4.554,341.6
1557.8824,4.534,343.6
1604.6247,4.529,354.3
1622.3382,4.509,359.8
1647.992,4.52,364.6
1647.7478,4.538,363.1
1607.8134,4.538,354.3
1585.332,4.536,349.5
1551.318,4.54,341.7
1610.1639,4.509,357.1
1660.2492,4.514,367.8
1652.6844,4.518,365.8
1587.8068,4.534,350.2
1595.8932,4.548,350.9
1603.6758,4.534,353.7
1619.418,4.54,356.7
1638.6786,4.518,362.7
1655.22,4.504,367.5
1620.6183,4.513,359.1
1605.1353,4.533,354.1
1601.9484,4.524,354.1
1610.3936,4.544,354.4
1570.551,4.53,346.7
1666.5603,4.503,370.1
1687.8715,4.507,374.5
1643.7363,4.517,363.9
1568.025,4.545,345.0
1551.4364,4.547,341.2
1565.0774,4.547,344.2
1572.6784,4.544,346.1
1628.095,4.525,359.8
1617.181,4.535,356.6
1642.8426,4.522,363.3
1602.0972,4.554,351.8
1566.9093,4.551,344.3
1575.1011,4.551,346.1
1592.0784,4.554,349.6
1598.637,4.53,352.9
1632.62,4.51,362.0
1612.5888,4.512,357.4
1595.5667,4.529,352.3
1572.6062,4.553,345.4
1568.164,4.552,344.5
1577.5056,4.554,346.4
1568.2746,4.551,344.6
1613.0207,4.517,357.1
1624.6728,4.518,359.6
1642.3013,4.523,363.1
1588.784,4.555,348.8
1583.2929,4.551,347.9
1569.5148,4.548,345.1
1578.763,4.555,346.6
1587.2192,4.544,349.3
1619.592,4.524,358.0
1623.594,4.515,359.6
1583.8667,4.537,349.1
1574.646,4.551,346.0
1568.1752,4.556,344.2
1540.0302,4.559,337.8
1570.752,4.545,345.6
1604.727,4.514,355.5
1612.6407,4.521,356.7
1639.3104,4.536,361.4
1557.906,4.542,343.0
1549.6155,4.551,340.5
1560.65,4.55,343.0
1563.824,4.546,344.0
1587.312,4.53,350.4
1612.2314,4.511,357.4
1629.2819,4.517,360.7
1582.887,4.542,348.5
1576.5948,4.554,346.2
1578.2103,4.539,347.7
1584.914,4.54,349.1
1616.7424,4.511,358.4
1634.2382,4.507,362.6
1638.2945,4.507,363.5
1609.6683,4.533,355.1
1583.2355,4.543,348.5
1599.488,4.544,352.0
1580.828,4.54,348.2
1649.8992,4.503,366.4
1658.2905,4.505,368.1
1659.68,4.51,368.0
1590.9195,4.539,350.5
1602.2144,4.544,352.6
1620.809,4.535,357.4
1605.5676,4.524,354.9
1663.812,4.52,368.1
1673.88,4.524,370.0
1585.1075,4.525,350.3
1582.308,4.508,351.0
1572.8946,4.542,346.3
1607.696,4.516,356.0
1638.774,4.527,362.0
1642.7536,4.523,363.2
1603.576,4.535,353.6
1548.02,4.553,340.0
1592.5942,4.562,349.1
1558.249,4.543,343.0
1577.136,4.532,348.0
1643.924,4.52,363.7
1634.8825,4.525,361.3
1620.809,4.535,357.4
1587.184,4.54,349.6
1575.1011,4.551,346.1
1596.8061,4.561,350.1
1545.1884,4.542,340.2
1642.578,4.53,362.6
1624.497,4.515,359.8
1604.9365,4.535,353.9
1591.3044,4.557,349.2
1574.7344,4.546,346.4
1567.662,4.54,345.3
1590.0136,4.552,349.3
1622.0547,4.517,359.1
1625.2224,4.512,360.2
1615.6156,4.523,357.2
1566.5358,4.542,344.9
1565.5535,4.555,343.7
1539.3693,4.553,338.1
1551.2085,4.545,341.3
1567.7495,4.535,345.7
1624.2093,4.523,359.1
1594.9595,4.535,351.7
1606.0512,4.542,353.6
1574.7927,4.537,347.1
1589.0,4.54,350.0
1553.4813,4.557,340.9
1573.7787,4.563,344.9
1618.612,4.52,358.1
1614.4242,4.526,356.7
1612.8736,4.528,356.2
1552.572,4.545,341.6
1558.0325,4.549,342.5
1575.8255,4.561,345.5
1559.7228,4.542,343.4
1563.4502,4.537,344.6
1589.4324,4.518,351.8
1690.0875,4.525,373.5
1644.9352,4.534,362.8
1594.8405,4.545,350.9
1565.9721,4.543,344.7
1607.4656,4.546,353.6
1603.758,4.524,354.5
1661.8945,4.505,368.9
1617.286,4.51,358.6
1626.5145,4.537,358.5
1620.7606,4.526,358.1
1609.018,4.535,354.8
1576.2296,4.532,347.8
1627.8003,4.533,359.1
1665.1596,4.498,370.2
1668.249,4.51,369.9
1619.4485,4.535,357.1
1600.0486,4.534,352.9
1568.3106,4.534,345.9
1613.0016,4.536,355.6
1641.2175,4.525,362.7
1639.456,4.504,364.0
1650.53,4.522,365.0
1628.9969,4.549,358.1
1598.622,4.548,351.5
1579.197,4.551,347.0
1588.5417,4.553,348.9
1608.4332,4.513,356.4
1626.2155,4.511,360.5
1653.9744,4.524,365.6
1593.5147,4.549,350.3
1584.809,4.541,349.0
1601.8056,4.548,352.2
1585.1234,4.538,349.3
1580.5825,4.525,349.3
1617.444,4.518,358.0
1632.2592,4.524,360.8
1588.2671,4.547,349.3
1579.6521,4.551,347.1
1557.8073,4.551,342.3
1550.0685,4.539,341.5
1629.254,4.532,359.5
1668.0824,4.523,368.8
1649.2608,4.521,364.8
1578.5856,4.544,347.4
1558.128,4.54,343.2
1576.8486,4.539,347.4
1582.1675,4.553,347.5
1540.5366,4.539,339.4
1595.8561,4.517,353.3
1629.915,4.515,361.0
1608.4656,4.536,354.6
1564.719,4.542,344.5
1552.1175,4.545,341.5
1580.1072,4.551,347.2
1599.156,4.556,351.0
1616.0436,4.542,355.8
1617.8277,4.533,356.9
1629.4525,4.525,360.1
1608.021,4.545,353.8
1594.6329,4.547,350.7
1551.7768,4.552,340.9
1534.8465,4.545,337.7
1590.0136,4.552,349.3
1606.2452,4.517,355.6
1603.1225,4.535,353.5
1601.8252,4.516,354.7
1576.6605,4.545,346.9
1579.0888,4.552,346.9
1593.4446,4.554,349.9
1597.3188,4.543,351.6
1613.133,4.53,356.1
1647.929,4.505,365.8
1657.7877,4.489,369.3
1621.382,4.529,358.0
1614.9762,4.539,355.8
1597.278,4.53,352.6
1604.0295,4.535,353.7
1672.5178,4.513,370.6
1658.895,4.514,367.5
1623.4911,4.521,359.1
1589.868,4.536,350.5
1599.5952,4.534,352.8
1595.5608,4.538,351.6
1634.1338,4.538,360.1
1670.4,4.5,371.2
1645.2,4.5,365.6
1673.2622,4.526,369.7
1592.998,4.532,351.5
1600.7544,4.536,352.9
1601.3085,4.535,353.1
1593.1459,4.517,352.7
1631.9904,4.512,361.7
1617.7588,4.529,357.2
1605.6876,4.532,354.3
1588.7538,4.538,350.1
1609.0304,4.544,354.1
1569.2792,4.546,345.2
1562.0718,4.533,344.6
1670.0985,4.515,369.9
1656.15,4.525,366.0
1623.6964,4.538,357.8
1577.0502,4.554,346.3
1546.324,4.54,340.6
1590.044,4.556,349.0
1538.144,4.544,338.5
1626.7045,4.535,358.7
1638.774,4.527,362.0
1646.008,4.522,364.0
1587.6736,4.544,349.4
1564.7332,4.546,344.2
1562.8134,4.551,343.4
1569.75,4.55,345.0
1576.5449,4.529,348.1
1642.9208,4.516,363.8
1599.7851,4.523,353.7
1608.7617,4.533,354.9
1573.8252,4.546,346.2
1564.484,4.54,344.6
1533.3318,4.554,336.7
1599.0866,4.561,350.6
1628.095,4.525,359.8
1625.38,4.525,359.2
1637.2274,4.534,361.1
1563.276,4.555,343.2
1584.792,4.554,348.0
1578.3075,4.555,346.5
1573.39,4.55,345.8
1560.7417,4.541,343.7
1604.526,4.53,354.2
1601.5536,4.528,353.7
1594.1544,4.534,351.6
1557.2408,4.556,341.8
1560.7649,4.573,341.3
1551.4359,4.551,340.9
1604.0796,4.548,352.7
1621.287,4.53,357.9
1619.079,4.515,358.6
1611.9558,4.542,354.9
1575.7764,4.532,347.7
1600.2756,4.554,351.4
1572.6062,4.553,345.4
1633.4373,4.521,361.3
1665.5008,4.516,368.8
1696.2801,4.503,376.7
1591.8273,4.539,350.7
1586.6532,4.532,350.1
1592.692,4.535,351.2
1587.2682,4.526,350.7
1623.039,4.521,359.0
1646.943,4.506,365.5
1636.6665,4.505,363.3
1599.4945,4.535,352.7
1593.599,4.535,351.4
1592.4252,4.542,350.6
1596.6324,4.554,350.6
1642.2441,4.503,364.7
1721.2683,4.493,383.1
1659.1455,4.527,366.5
1575.3528,4.536,347.3
1598.1819,4.539,352.1
1583.3718,4.546,348.3
1600.749,4.545,352.2
1613.8109,4.537,355.7
1637.595,4.53,361.5
1594.8576,4.536,351.6
1587.252,4.548,349.0
1570.0608,4.543,345.6
1556.784,4.552,342.0
1572.8073,4.547,345.9
1658.865,4.525,366.6
1630.364,4.52,360.7
1610.5124,4.529,355.6
1574.388,4.545,346.4
1580.5097,4.543,347.9
1573.11,4.54,346.5
1580.9096,4.552,347.3
1626.156,4.536,358.5
1610.4444,4.506,357.4
1634.7023,4.517,361.9
1579.4357,4.553,346.9
1556.784,4.552,342.0
1559.0632,4.556,342.2
1594.632,4.56,349.7
1602.9221,4.537,353.3
1610.2576,4.508,357.2
1612.0224,4.518,356.8
1589.6312,4.547,349.6
1585.5684,4.551,348.4
1575.8064,4.536,347.4
1538.81,4.55,338.2
1562.571,4.545,343.8
1659.2316,4.526,366.6
1644.7484,4.526,363.4
1611.5424,4.537,355.2
1557.3522,4.551,342.2
1579.5204,4.548,347.3
1574.1714,4.547,346.2
1588.0072,4.558,348.4
1578.876,4.537,348.0
1611.7365,4.521,356.5
1651.8866,4.522,365.3
1605.6472,4.546,353.2
1550.0665,4.555,340.3
1578.763,4.555,346.6
1576.8316,4.556,346.1
1608.7785,4.551,353.5
1640.287,4.51,363.7
1629.8244,4.516,360.9
1631.1768,4.521,360.8
1633.3464,4.522,361.2
1609.018,4.535,354.8
1597.376,4.538,352.0
1585.7856,4.536,349.6
1654.296,4.515,366.4
1698.3168,4.512,376.4
1635.336,4.52,361.8
1587.6736,4.544,349.4
1595.7648,4.536,351.8
1602.7209,4.539,353.1
1604.6,4.52,355.0
1647.1974,4.503,365.8
1681.504,4.496,374.0
1636.9496,4.537,360.8
1616.371,4.534,356.5
1576.3349,4.531,347.9
1599.4945,4.535,352.7
1616.0256,4.509,358.4
1682.9239,4.501,373.9
1631.359,4.519,361.0
1555.9869,4.551,341.9
1569.9848,4.552,344.9
1561.4005,4.535,344.3
1602.9196,4.546,352.6
1603.0224,4.536,353.4
1607.8928,4.528,355.1
1623.2248,4.519,359.2
1608.993,4.526,355.5
1580.7775,4.549,347.5
1564.1787,4.551,343.7
1551.093,4.542,341.5
1568.116,4.54,345.4
1607.571,4.522,355.5
1614.9012,4.521,357.2
1652.0775,4.525,365.1
1557.3475,4.547,342.5
1555.645,4.55,341.9
1563.7315,4.555,343.3
1582.2988,4.556,347.3
1605.9505,4.543,353.5
1646.4288,4.512,364.9
1639.9509,4.529,362.1
1588.784,4.555,348.8
1554.166,4.555,341.2
1559.944,4.54,343.6
1586.205,4.545,349.0
1563.9624,4.557,343.2
1574.4168,4.532,347.4
1600.1388,4.524,353.7
1626.7545,4.515,360.3
1589.4206,4.549,349.4
1565.2172,4.558,343.4
1566.3528,4.556,343.8
1570.5501,4.551,345.1
1599.3402,4.541,352.2
1657.3986,4.521,366.6
1614.945,4.53,356.5
1619.7606,4.527,357.8
1573.262,4.547,346.0
1574.5176,4.548,346.2
1580.04,4.56,346.5
1533.9375,4.545,337.5
1598.6256,4.521,353.6
1631.4461,4.523,360.7
1617.235,4.525,357.4
1618.4025,4.527,357.5
1603.266,4.529,354.0
1611.9348,4.533,355.6
1624.246,4.537,358.0
1631.3913,4.543,359.1
1651.6726,4.514,365.9
1653.0836,4.508,366.7
1670.454,4.505,370.8
1632.9436,4.541,359.6
1601.808,4.53,353.6
1595.5667,4.529,352.3
1629.0,4.525,360.0
1618.2801,4.509,358.9
1632.9885,4.485,364.1
1668.987,4.523,369.0
1626.0816,4.532,358.8
1593.3994,4.519,352.6
1578.024,4.545,347.2
1540.88,4.532,340.0
1646.8578,4.507,365.4
1633.3256,4.502,362.8
1657.6746,4.507,367.8
1562.365,4.555,343.0
1578.7817,4.559,346.3
1544.8419,4.529,341.1
1579.994,4.535,348.4
1602.4684,4.537,353.2
1632.4438,4.517,361.4
1621.8802,4.514,359.3
1602.669,4.535,353.4
1574.0628,4.548,346.1
1563.2811,4.559,342.9
1574.8638,4.549,346.2
1613.4173,4.541,355.3
1665.3686,4.523,368.2
1629.4635,4.515,360.9
1599.3936,4.536,352.6
1591.3792,4.552,349.6
1610.4468,4.548,354.1
1596.5275,4.555,350.5
1550.4048,4.536,341.8
1621.796,4.51,359.6
1622.247,4.51,359.7
1619.352,4.536,357.0
1567.0062,4.546,344.7
1573.5168,4.553,345.6
1552.572,4.545,341.6
1576.941,4.555,346.2
1595.5016,4.543,351.2
1636.692,4.52,362.1
1629.973,4.534,359.5
1604.7894,4.541,353.4
1586.3992,4.556,348.2
1581.82,4.552,347.5
1564.2648,4.542,344.4
1603.17,4.548,352.5
1595.6148,4.524,352.7
1591.895,4.525,351.8
1605.534,4.515,355.6
1613.9295,4.545,355.1
1555.645,4.55,341.9
1577.94,4.55,346.8
1539.7302,4.546,338.7
1571.661,4.545,345.8
1633.7076,4.523,361.2
1634.7936,4.521,361.6
1614.1666,4.538,355.7
1561.679,4.553,343.0
1610.0927,4.547,354.1
1615.3499,4.549,355.1
1562.7419,4.531,344.9
1645.8911,4.513,364.7
1665.666,4.514,369.0
1669.3124,4.508,370.3
1592.2385,4.535,351.1
1590.0738,4.534,350.7
1618.8665,4.541,356.5
1617.924,4.532,357.0
1647.0003,4.521,364.3
1657.9922,4.514,367.3
1652.2519,4.523,365.3
1626.7375,4.525,359.5
1602.7209,4.539,353.1
1578.008,4.528,348.5
1616.2597,4.549,355.3
1594.3032,4.519,352.8
1674.1368,4.504,371.7
1660.1744,4.504,368.6
1618.51,4.54,356.5
1614.3624,4.536,355.9
1587.0426,4.537,349.8
1588.86,4.55,349.2
1607.5665,4.545,353.7
1648.7334,4.527,364.2
1619.703,4.518,358.5
1608.9192,4.536,354.7
1617.0122,4.546,355.7
1611.8564,4.543,354.8
1582.6228,4.553,347.6
1559.621,4.547,343.0
1613.5449,4.521,356.9
1622.6067,4.511,359.7
1647.4752,4.536,363.2
1577.809,4.547,347.0
1582.8378,4.551,347.8
1592.3949,4.551,349.9
1573.803,4.542,346.5
1575.3187,4.549,346.3
1633.518,4.53,360.6
1638.042,4.515,362.8
1634.5161,4.529,360.9
1577.7232,4.552,346.6
1562.1343,4.553,343.1
1576.1394,4.554,346.1
1575.7515,4.545,346.7
1590.9806,4.534,350.9
1625.2866,4.526,359.1
1620.9291,4.529,357.9
1625.774,4.54,358.1
1585.7172,4.541,349.2
1579.9992,4.552,347.1
1551.3228,4.548,341.1
1591.8344,4.552,349.7
1637.6792,4.514,362.8
1608.7984,4.528,355.3
1584.4928,4.544,348.7
1578.0891,4.557,346.3
1588.5824,4.544,349.6
1591.9725,4.555,349.5
1560.5457,4.559,342.3
1614.5822,4.543,355.4
1645.928,4.528,363.5
1625.76,4.516,360.0
1578.85,4.55,347.0
1547.4594,4.542,340.7
1568.1752,4.556,344.2
1599.2828,4.546,351.8
1593.0513,4.527,351.9
1632.2496,4.504,362.4
1687.7952,4.508,374.4
1642.2046,4.519,363.4
1611.968,4.528,356.0
1593.6844,4.543,350.8
1576.9252,4.534,347.8
1598.8222,4.519,353.8
1669.7918,4.502,370.9
1669.5211,4.511,370.1
1622.4312,4.537,357.6
1574.018,4.54,346.7
1573.6902,4.526,347.7
1599.3428,4.532,352.9
1612.1298,4.531,355.8
1663.326,4.515,368.4
1650.1464,4.516,365.4
1617.6345,4.535,356.7
1598.622,4.548,351.5
1616.7703,4.553,355.1
1566.4486,4.526,346.1
1684.5465,4.515,373.1
1643.301,4.527,363.0
1649.9028,4.524,364.7
1600.0446,4.543,352.2
1595.5016,4.543,351.2
1574.1495,4.543,346.5
1582.1675,4.553,347.5
1598.3298,4.542,351.9
1646.9124,4.522,364.2
1646.5482,4.521,364.2
1619.4816,4.544,356.4
1569.9848,4.552,344.9
1584.096,4.552,348.0
1587.252,4.548,349.0
1572.0408,4.554,345.2
1630.8929,4.529,360.1
1626.9372,4.508,360.9
1610.521,4.51,357.1
1570.4064,4.544,345.6
1564.299,4.554,343.5
1534.7296,4.546,337.6
1588.1928,4.552,348.9
1611.9494,4.514,357.1
1604.4271,4.531,354.1
1630.08,4.528,360.0
1556.4435,4.555,341.7
1581.0405,4.555,347.1
1583.5334,4.553,347.8
1569.5296,4.552,344.8
1563.7133,4.547,343.9
1618.088,4.535,356.8
1648.4575,4.525,364.3
1623.4075,4.541,357.5
1552.1188,4.549,341.2
1556.8971,4.551,342.1
1582.2752,4.552,347.6
1593.9326,4.558,349.7
1590.5406,4.547,349.8
1617.9894,4.517,358.2
1643.5741,4.529,362.9
1619.936,4.544,356.5
1588.6164,4.548,349.3
1572.744,4.56,344.9
1548.0129,4.557,339.7
1603.42,4.55,352.4
1641.1018,4.511,363.8
1615.3294,4.526,356.9
1673.6296,4.516,370.6
1602.3602,4.529,353.8
1608.012,4.536,354.5
1605.0419,4.543,353.3
1584.6696,4.538,349.2
1638.1048,4.504,363.7
1691.177,4.505,375.4
1633.7076,4.523,361.2
1595.1914,4.546,350.9
1571.9378,4.534,346.7
1609.3728,4.536,354.8
1603.89,4.518,355.0
1658.655,4.495,369.0
1649.1567,4.517,365.1
1621.788,4.515,359.2
1576.4058,4.526,348.3
1603.9296,4.536,353.6
1586.7474,4.557,348.2
1587.924,4.524,351.0
1688.544,4.51,374.4
1661.0088,4.488,370.1
1635.8748,4.529,361.2
1583.0235,4.545,348.3
1585.3546,4.553,348.2
1554.9408,4.536,342.8
1585.0188,4.539,349.2
1639.136,4.528,362.0
1640.675,4.526,362.5
1639.856,4.535,361.6
1543.6895,4.555,338.9
1586.6636,4.562,347.8
1560.9985,4.555,342.7
1583.855,4.55,348.1
1634.792,4.516,362.0
1658.106,4.518,367.0
1570.3297,4.553,344.9
1596.7735,4.535,352.1
1643.472,4.52,363.6
1604.681,4.505,356.2
1591.8441,4.521,352.1
1581.6873,4.549,347.7
1573.479,4.545,346.2
1594.8794,4.549,350.6
1590.9953,4.547,349.9
1620.6848,4.522,358.4
1585.7468,4.532,349.9
1619.5152,4.539,356.8
1580.6,4.516,350.0
1602.304,4.552,352.0
1571.878,4.543,346.0
1608.7984,4.528,355.3
1647.8016,4.517,364.8
1635.0642,4.518,361.9
1621.0964,4.532,357.7
1590.4878,4.521,351.8
1644.2877,4.521,363.7
1607.5306,4.513,356.2
1632.2516,4.529,360.4
1599.1899,4.529,353.1
1603.89,4.518,355.0
1643.0305,4.535,362.3
1645.842,4.534,363.0
1630.181,4.522,360.5
1606.791,4.53,354.7
1592.7096,4.548,350.2
1594.1387,4.543,350.9
1610.2935,4.545,354.3
1622.2878,4.529,358.2
1590.183,4.515,352.2
1617.3059,4.529,357.1
1615.9451,4.543,355.7
1605.5886,4.533,354.2
1601.4602,4.538,352.9
1589.3865,4.545,349.7
1611.1886,4.522,356.3
1601.1073,4.537,352.9
1629.7649,4.541,358.9
1599.6346,4.547,351.8
1594.074,4.548,350.5
1583.584,4.544,348.5
1599.0336,4.544,351.9
1606.594,4.532,354.5
1603.3742,4.546,352.7
1633.946,4.54,359.9
1636.7634,4.539,360.6
1640.3125,4.525,362.5
1605.9225,4.525,354.9
1663.36,4.52,368.0
1679.106,4.532,370.5
1651.8252,4.533,364.4
1639.9296,4.544,360.9
1603.1232,4.544,352.8
1637.775,4.518,362.5
1650.1238,4.511,365.8
1598.022,4.545,351.6
1621.656,4.545,356.8
1614.1279,4.543,355.3
1630.2384,4.536,359.4
1620.5134,4.519,358.6
1609.3728,4.536,354.8
1632.4895,4.541,359.5
1613.9088,4.536,355.8
1613.4173,4.541,355.3
1603.074,4.54,353.1
1617.6345,4.535,356.7
1654.34,4.525,365.6
1623.4344,4.536,357.9
1612.47,4.555,354.0
1599.5903,4.543,352.1
1600.5867,4.551,351.7
1593.7945,4.555,349.9
1623.6636,4.524,358.9
1590.732,4.532,351.0
1634.7416,4.546,359.6
1602.4071,4.551,352.1
1633.2085,4.543,359.5
1621.6658,4.526,358.3
1660.8672,4.512,368.1
1661.1,4.52,367.5
1626.3458,4.534,358.7
1617.5042,4.541,356.2
1636.7818,4.519,362.2
1682.796,4.52,372.3
1664.4314,4.534,367.1
1611.559,4.555,353.8
1603.528,4.54,353.2
1591.3088,4.544,350.2
1636.3308,4.524,361.7
1652.1005,4.535,364.3
1631.63,4.55,358.6
1653.2892,4.547,363.6
1598.6817,4.543,351.9
1641.9403,4.537,361.9
1637.4033,4.537,360.9
1658.7456,4.547,364.8
1654.4566,4.534,364.9
1592.15,4.549,350.0
1620.0568,4.552,355.9
1604.6363,4.547,352.9
1619.9691,4.539,356.9
1631.9732,4.532,360.1
1631.676,4.54,359.4
1615.0944,4.547,355.2
1595.7892,4.549,350.8
1599.2605,4.555,351.1
1625.3577,4.549,357.3
1648.192,4.528,364.0
1649.6084,4.517,365.2
1649.727,4.526,364.5
1634.6658,4.542,359.9
1624.0788,4.534,358.2
1635.12,4.542,360.0
1659.5313,4.533,366.1
1630.4496,4.524,360.4
1623.53,4.535,358.0
1640.3095,4.535,361.7
1612.8642,4.542,355.1
1672.5178,4.513,370.6
1626.6096,4.536,358.6
1613.178,4.557,354.0
1603.2722,4.547,352.6
1610.3961,4.553,353.7
1580.796,4.536,348.5
1638.2994,4.542,360.7
1649.0089,4.529,364.1
1602.3678,4.538,353.1
1595.4384,4.548,350.8
1628.9969,4.549,358.1
1649.0089,4.529,364.1
1622.4312,4.537,357.6
1658.0967,4.539,365.3
1625.5818,4.542,357.9
1613.6337,4.557,354.1
1601.3936,4.552,351.8
1630.1682,4.551,358.2
1639.1935,4.547,360.5
1652.8077,4.527,365.1
1618.3479,4.537,356.7
1627.11,4.545,358.0
1636.56,4.546,360.0
1661.3618,4.538,366.1
1662.8105,4.537,366.5
1682.8192,4.514,372.8
1666.5264,4.536,367.4
1644.2064,4.527,363.2
1629.3476,4.531,359.6
1634.877,4.53,360.9
1681.068,4.519,372.0
1687.6104,4.522,373.2
1620.6829,4.541,356.9
1648.6413,4.553,362.1
1604.9754,4.557,352.2
1650.198,4.546,363.0
1641.4902,4.527,362.6
1611.739,4.535,355.4
1622.5481,4.559,355.9
1608.7764,4.542,354.2
1639.9296,4.544,360.9
1607.2599,4.539,354.1
1666.8938,4.537,367.4
1636.602,4.521,362.0
1610.3414,4.558,353.3
1614.1908,4.556,354.3
1599.5728,4.552,351.4
1593.9504,4.536,351.4
1604.8395,4.545,353.1
1659.7053,4.531,366.3
1606.297,4.535,354.2
1634.815,4.55,359.3
1604.9892,4.548,352.9
1629.837,4.545,358.6
1611.0282,4.533,355.4
1668.744,4.515,369.6
1641.566,4.516,363.5
1632.5193,4.531,360.3
1674.2054,4.547,368.2
1617.7312,4.534,356.8
1694.8456,4.522,374.8
1643.2948,4.522,363.4
1669.616,4.537,368.0
1631.7952,4.553,358.4
1656.1557,4.509,367.3
1616.6608,4.531,356.8
1669.7257,4.541,367.7
1636.56,4.546,360.0
1626.2675,4.549,357.5
1592.632,4.54,350.8
1630.746,4.545,358.8
1644.1002,4.518,363.9
1660.9563,4.527,366.9
1623.504,4.54,357.6
1601.055,4.542,352.5
1609.4855,4.553,353.5
1601.3508,4.548,352.1
1608.2672,4.538,354.4
1644.7428,4.546,361.8
1620.809,4.535,357.4
1593.7878,4.542,350.9
1615.0365,4.543,355.5
1597.4385,4.555,350.7
1600.3008,4.536,352.8
1646.645,4.55,361.9
1630.0668,4.533,359.6
1601.1566,4.541,352.6
1623.9835,4.535,358.1
1591.4129,4.543,350.3
1678.7566,4.514,371.9
1646.811,4.518,364.5
1628.3476,4.532,359.3
1621.76,4.525,358.4
1647.0216,4.536,363.1
1651.9217,4.537,364.1
1682.5032,4.518,372.4
1669.7705,4.519,369.5
1596.7371,4.553,350.7
1621.7786,4.553,356.2
1610.1925,4.555,353.5
1629.4255,4.535,359.3
1668.4265,4.535,367.9
1648.2918,4.542,362.9
1625.9376,4.557,356.8
1602.2007,4.553,351.9
1615.4044,4.553,354.8
1637.64,4.549,360.0
1666.8267,4.543,366.9
1628.8567,4.541,358.7
1576.9824,4.542,347.2
1620.369,4.558,355.5
1607.515,4.55,353.3
1626.228,4.54,358.2
1618.14,4.525,357.6
1632.13,4.54,359.5
1618.376,4.546,356.0
1585.0842,4.547,348.6
1622.904,4.56,355.9
1590.9953,4.547,349.9
1692.6624,4.521,374.4
1648.9642,4.514,365.3
1659.207,4.521,367.0
1640.5848,4.527,362.4
1655.262,4.53,365.4
1663.104,4.544,366.0
1657.2272,4.523,366.4
1677.9945,4.529,370.5
1715.8643,4.519,379.7
1663.456,4.54,366.4
1633.038,4.54,359.7
1619.345,4.55,355.9
1615.0496,4.552,354.8
1668.6824,4.532,368.2
1661.2372,4.529,366.8
1607.4656,4.546,353.6
1594.5656,4.552,350.3
1592.672,4.544,350.5
1623.5381,4.549,356.9
1656.3582,4.533,365.4
1647.0185,4.531,363.5
1617.98,4.55,355.6
1600.0893,4.547,351.9
1607.16,4.54,354.0
1604.9754,4.557,352.2
1627.1773,4.549,357.7
1619.928,4.53,357.6
1622.6283,4.549,356.7
1603.0215,4.545,352.7
1591.6536,4.558,349.2
1588.6772,4.556,348.7
1601.258,4.54,352.7
1638.1375,4.519,362.5
1681.8616,4.526,371.6
1656.4293,4.527,365.9
1675.7988,4.539,369.2
1629.5958,4.538,359.1
1613.516,4.54,355.4
1685.8809,4.521,372.9
1643.0275,4.525,363.1
1636.0284,4.542,360.2
1673.2456,4.537,368.8
1608.3665,4.537,354.5
1639.764,4.536,361.5
1635.0608,4.528,361.1
1617.21,4.53,357.0
1634.2116,4.542,359.8
1598.3298,4.542,351.9
1606.8591,4.543,353.7
1611.3525,4.525,356.1
1625.9654,4.538,358.3
1660.8912,4.533,366.4
1648.7458,4.537,363.4
1596.35,4.561,350.0
1579.9752,4.548,347.4
1618.7907,4.551,355.7
1592.7942,4.534,351.3
1635.8556,4.539,360.4
1603.5209,4.531,353.9
1591.2735,4.553,349.5
1605.444,4.548,353.0
1625.5192,4.552,357.1
1587.638,4.54,349.7
1633.0535,4.535,360.1
1658.1536,4.528,366.2
1639.0047,4.549,360.3
1652.9088,4.531,364.8
1627.2828,4.524,359.7
1622.193,4.53,358.1
1651.608,4.52,365.4
1650.3184,4.514,365.6
1632.2244,4.539,359.6
1663.3301,4.531,367.1
1635.5064,4.533,360.8
1625.2697,4.531,358.7
1636.7488,4.544,360.2
1620.0942,4.533,357.4
1593.477,4.545,350.6
1612.3107,4.543,354.9
1602.5189,4.541,352.9
1654.91,4.534,365.0
1623.474,4.545,357.2
1663.177,4.538,366.5
1618.5728,4.544,356.2
1593.477,4.545,350.6
1603.17,4.548,352.5
1615.0496,4.552,354.8
1630.5978,4.537,359.4
1635.3655,4.549,359.5
1605.5444,4.538,353.8
1600.56,4.56,351.0
1619.088,4.548,356.0
1589.2816,4.546,349.6
1564.9536,4.544,344.4
1664.818,4.54,366.7
1640.4944,4.528,362.3
1650.6504,4.536,363.9
1622.193,4.53,358.1
1646.8375,4.543,362.5
1624.3814,4.526,358.9
1654.1476,4.522,365.8
1688.1414,4.521,373.4
1631.9898,4.522,360.9
1625.3888,4.544,357.7
1636.0422,4.537,360.6
1625.6071,4.537,358.3
1647.7392,4.528,363.9
1598.184,4.53,352.8
1612.7223,4.557,353.9
1592.428,4.555,349.6
1606.7584,4.544,353.6
1625.8763,4.553,357.1
1652.8952,4.526,365.2
1658.1714,4.533,365.8
1582.7304,4.552,347.7
1604.58,4.552,352.5
1605.695,4.55,352.9
1598.9094,4.554,351.1
1620.2592,4.536,357.2
1636.0284,4.542,360.2
1617.084,4.536,356.5
1583.7201,4.547,348.3
1604.1248,4.552,352.4
1576.6834,4.549,346.6
1617.4708,4.532,356.9
1589.7648,4.537,350.4
1629.3312,4.536,359.2
1612.3184,4.552,354.2
1613.6145,4.539,355.5
1624.0542,4.539,357.8
1609.6678,4.519,356.2
1668.82,4.525,368.8
1649.6388,4.527,364.4
1616.4678,4.533,356.6
1587.6,4.536,350.0
1651.3719,4.533,364.3
1650.0032,4.528,364.4
1632.8955,4.517,361.5
1622.142,4.54,357.3
1600.3795,4.553,351.5
1580.6908,4.537,348.4
1617.2096,4.544,355.9
1644.753,4.531,363.0
1601.0064,4.538,352.8
1587.0426,4.537,349.8
1627.2744,4.548,357.8
1614.424,4.54,355.6
1606.098,4.537,354.0
1645.9323,4.533,363.1
1578.558,4.54,347.7
1578.3075,4.555,346.5
1599.5728,4.552,351.4
1608.4755,4.545,353.9
1572.288,4.56,344.8
1644.5712,4.538,362.4
1616.9725,4.523,357.5
1587.4438,4.559,348.2
1572.0652,4.562,344.6
1586.2363,4.549,348.7
1606.0004,4.547,353.2
1624.1286,4.519,359.4
1662.7546,4.511,368.6
1627.8277,4.523,359.9
1591.1852,4.532,351.1
1628.972,4.535,359.2
1610.8911,4.539,354.9
1659.1784,4.516,367.4
1641.3096,4.529,362.4
1625.1752,4.532,358.6
1607.303,4.534,354.5
1601.3056,4.544,352.4
1571.4272,4.526,347.2
1639.3815,4.545,360.7
1633.518,4.53,360.6
1593.477,4.545,350.6
1570.1196,4.559,344.4
1572.1155,4.545,345.9
1587.9798,4.554,348.7
1647.7478,4.538,363.1
1627.4565,4.527,359.5
1588.827,4.546,349.5
1584.5232,4.548,348.4
1575.665,4.55,346.3
1601.7029,4.549,352.1
1612.6726,4.553,354.2
1646.8402,4.538,362.9
1590.0117,4.539,350.3
1581.4466,4.547,347.8
1575.0581,4.543,346.7
1596.6674,4.558,350.3
1572.6207,4.557,345.1
1641.7472,4.544,361.3
1653.9744,4.524,365.6
1610.0927,4.547,354.1
1626.5145,4.537,358.5
1603.8288,4.546,352.8
1590.0117,4.539,350.3
1659.9648,4.512,367.9
1595.5028,4.516,353.3
1633.3032,4.542,359.6
1587.3242,4.543,349.4
1657.8198,4.537,365.4
1623.4911,4.521,359.1
1596.32,4.535,352.0
1606.9485,4.533,354.5
1584.6,4.56,347.5
1576.6605,4.545,346.9
1595.476,4.552,350.5
1594.1994,4.538,351.3
1607.0054,4.537,354.2
1623.3766,4.546,357.1
1580.9096,4.552,347.3
1613.4173,4.541,355.3
1589.3865,4.545,349.7
1558.494,4.557,342.0
1615.9176,4.534,356.4
1596.1667,4.523,352.9
1584.7356,4.546,348.6
1595.4057,4.557,350.1
1560.852,4.54,343.8
1608.9813,4.549,353.7
1594.5288,4.548,350.6
1636.5972,4.531,361.2
1613.8452,4.532,356.1
1568.2603,4.547,344.9
1600.0988,4.538,352.6
1607.06,4.55,353.2
1660.8704,4.528,366.8
1622.5988,4.516,359.3
1638.2262,4.533,361.4
1598.94,4.536,352.5
1632.7866,4.533,360.2
1626.4852,4.513,360.4
1647.1,4.525,364.0
1619.7368,4.532,357.4
1594.1104,4.552,350.2
1589.2092,4.551,349.2
1591.5168,4.542,350.4
1594.5098,4.526,352.3
1597.5792,4.536,352.2
1591.4847,4.551,349.7
1583.1856,4.552,347.8
1610.9016,4.548,354.2
1567.4962,4.558,343.9
1613.3541,4.523,356.7
1589.5312,4.526,351.2
1561.9032,4.551,343.2
1582.7544,4.556,347.4
1575.0092,4.556,345.7
1583.5334,4.553,347.8
1601.4969,4.551,351.9
1613.036,4.531,356.0
1572.8446,4.534,346.9
1572.0408,4.554,345.2
1566.232,4.553,344.0
1593.9,4.554,350.0
1589.7231,4.533,350.7
1637.8686,4.527,361.8
1669.8423,4.529,368.7
1584.809,4.541,349.0
1589.7648,4.537,350.4
1605.6007,4.519,355.3
1669.5211,4.511,370.1
1631.0668,4.532,359.9
1622.0736,4.536,357.6
1573.8853,4.537,346.9
1588.7538,4.538,350.1
1588.2328,4.543,349.6
1615.7546,4.531,356.6
1619.3794,4.531,357.4
1584.1212,4.556,347.7
1606.0479,4.551,352.9
1585.4328,4.548,348.6
1613.392,4.532,356.0
1625.0052,4.529,358.8
1610.7066,4.527,355.8
1561.3284,4.548,343.3
1592.4587,4.559,349.3
1554.1603,4.543,342.1
1569.8744,4.553,344.8
1612.4662,4.546,354.7
1614.6546,4.533,356.2
1568.116,4.54,345.4
1572.0408,4.554,345.2
1557.2352,4.548,342.4
1567.02,4.55,344.4
1580.6934,4.554,347.1
1614.6156,4.524,356.9
1607.4591,4.537,354.3
1580.7616,4.532,348.8
1594.56,4.53,352.0
1604.7369,4.537,353.7
1601.4324,4.506,355.4
1637.0503,4.531,361.3
1590.3874,4.522,351.7
1580.3084,4.532,348.7
1577.6942,4.531,348.2
1625.817,4.53,358.9
1652.2785,4.533,364.5
1616.3379,4.539,356.1
1562.4334,4.538,344.3
1603.3173,4.551,352.3
1575.119,4.555,345.8
1608.6276,4.548,353.7
1617.4016,4.528,357.2
1600.0446,4.543,352.2
1572.3991,4.559,344.9
1588.5702,4.557,348.6
1594.3554,4.554,350.1
1588.023,4.545,349.4
1615.1633,4.523,357.1
1604.6886,4.542,353.3
1587.228,4.561,348.0
1590.3629,4.553,349.3
1552.1188,4.549,341.2
1580.8016,4.553,347.2
1592.748,4.53,351.6
1579.012,4.54,347.8
1600.2756,4.554,351.4
1554.042,4.54,342.3
1606.0512,4.542,353.6
1577.3025,4.539,347.5
1639.0452,4.524,362.3
1637.5905,4.515,362.7
1588.546,4.54,349.9
1575.8818,4.531,347.8
1597.4644,4.546,351.4
1614.3953,4.531,356.3
1670.211,4.53,368.7
1629.1846,4.523,360.2
1598.384,4.528,353.0
1603.008,4.554,352.0
1571.0556,4.538,346.2
1599.84,4.545,352.0
1644.027,4.529,363.0
1595.5146,4.534,351.9
1586.6636,4.562,347.8
1571.6401,4.541,346.1
1580.9337,4.539,348.3
1561.0854,4.542,343.7
1607.6575,4.535,354.5
1639.5888,4.528,362.1
1580.7144,4.558,346.8
1562.47,4.55,343.4
1584.6582,4.551,348.2
1591.789,4.561,349.0
1590.8904,4.548,349.8
1564.23,4.534,345.0
1602.2604,4.548,352.3
1578.0698,4.553,346.6
1566.9093,4.551,344.3
1583.855,4.55,348.1
1579.4128,4.549,347.2
1626.748,4.52,359.9
1624.2287,4.513,359.9
1599.8961,4.531,353.1
1609.5294,4.539,354.6
1586.343,4.535,349.8
1627.4565,4.527,359.5
1620.626,4.508,359.5
1615.5425,4.519,357.5
1621.5911,4.541,357.1
1599.1912,4.538,352.4
1561.7968,4.556,342.8
1588.2328,4.543,349.6
1636.5888,4.536,360.8
1575.3528,4.536,347.3
1567.1305,4.549,344.5
1565.7658,4.549,344.2
1575.5904,4.559,345.6
1587.0086,4.546,349.1
1627.158,4.535,358.8
1601.4602,4.538,352.9
1568.64,4.56,344.0
1577.8317,4.551,346.7
1562.5815,4.549,343.5
1554.8299,4.537,342.7
1603.476,4.545,352.8
1619.968,4.52,358.4
1576.941,4.555,346.2
1582.2988,4.556,347.3
1581.9013,4.547,347.9
1569.6065,4.543,345.5
1604.785,4.55,352.7
1629.0,4.525,360.0
1619.0613,4.539,356.7
1590.05,4.543,350.0
1587.601,4.549,349.0
1574.6582,4.534,347.3
1629.0,4.525,360.0
1634.6811,4.537,360.3
1604.0295,4.535,353.7
1596.5226,4.533,352.2
1587.4145,4.529,350.5
1644.4641,4.519,363.9
1602.6147,4.531,353.7
1568.1752,4.556,344.2
1559.4054,4.557,342.2
1561.9032,4.551,343.2
1592.3215,4.543,350.5
1611.837,4.534,355.5
1604.4271,4.531,354.1
1563.6024,4.548,343.8
1567.02,4.55,344.4
1579.1096,4.556,346.6
1595.685,4.55,350.7
1598.0837,4.531,352.7
1588.3724,4.546,349.4
1566.7984,4.552,344.2
1577.2224,4.544,347.1
1581.5171,4.559,346.9
1566.1288,4.558,343.6
1624.0225,4.525,358.9
1572.0705,4.537,346.5
1606.1018,4.546,353.3
1546.778,4.54,340.7
