1950.708,4.364,447.0
1929.828,4.38,440.6
1835.9995,4.385,418.7
2026.2858,4.314,469.7
1903.1224,4.376,434.9
1866.1825,4.417,422.5
1835.5396,4.406,416.6
1627.0038,4.527,359.4
1647.0185,4.531,363.5
1601.355,4.53,353.5
1564.745,4.55,343.9
1560.5304,4.547,343.2
1588.5963,4.561,348.3
1558.2387,4.539,343.3
1592.8,4.525,352.0
1652.6844,4.518,365.8
1644.2595,4.511,364.5
1616.7146,4.549,355.4
1598.3736,4.546,351.6
1616.0436,4.542,355.8
1590.6454,4.546,349.9
1644.376,4.52,363.8
1652.4438,4.494,367.7
1645.8198,4.519,364.2
1584.4928,4.544,348.7
1598.6817,4.543,351.9
1615.1352,4.542,355.6
1578.4867,4.519,349.3
1652.8845,4.505,366.9
1630.7214,4.506,361.9
1627.8944,4.532,359.2
1580.616,4.542,348.0
1593.54,4.54,351.0
1585.4016,4.544,348.9
1663.9794,4.518,368.3
1645.3962,4.503,365.4
1677.662,4.522,371.0
1597.216,4.544,351.5
1571.9378,4.534,346.7
1581.282,4.54,348.3
1591.0615,4.555,349.3
1600.5486,4.529,353.4
1633.6103,4.529,360.7
1661.2686,4.518,367.7
1603.1113,4.553,352.1
1575.21,4.55,346.2
1585.836,4.557,348.0
1562.1266,4.549,343.4
1586.8344,4.539,349.6
1656.2553,4.529,365.7
1601.9073,4.529,353.7
1604.8872,4.549,352.8
1588.1928,4.552,348.9
1600.4184,4.557,351.2
1557.4686,4.558,341.7
1573.8853,4.537,346.9
1648.91,4.525,364.4
1650.53,4.522,365.0
1608.93,4.545,354.0
1583.7201,4.547,348.3
1568.742,4.555,344.4
1544.1543,4.551,339.3
1580.2965,4.545,347.7
1610.1438,4.514,356.7
1632.13,4.54,359.5
1605.1377,4.551,352.7
1577.0074,4.546,346.9
1575.8106,4.557,345.8
1563.9669,4.561,342.9
1589.7233,4.559,348.7
1579.7505,4.533,348.5
1595.9675,4.525,352.7
1638.8625,4.521,362.5
1587.3592,4.564,347.8
1582.6228,4.553,347.6
1558.6048,4.552,342.4
1566.8084,4.556,343.9
1609.335,4.55,353.7
1615.2337,4.541,355.7
1635.2379,4.531,360.9
1629.3825,4.545,358.5
1586.0664,4.542,349.2
1580.238,4.554,347.0
1578.5448,4.557,346.4
1617.148,4.54,356.2
1658.7,4.5,368.6
1654.0992,4.512,366.6
1607.9128,4.537,354.4
1603.326,4.542,353.0
1607.0472,4.532,354.6
1590.4,4.544,350.0
1616.7275,4.535,356.5
1681.111,4.507,373.0
1668.732,4.504,370.5
1642.212,4.524,363.0
1593.0225,4.545,350.5
1609.6887,4.551,353.7
1590.1764,4.533,350.8
1572.7101,4.531,347.1
1687.7454,4.526,372.9
1665.9797,4.499,370.3
1663.416,4.53,367.2
1633.2262,4.538,359.9
1608.6632,4.534,354.8
1581.282,4.54,348.3
1591.392,4.521,352.0
1638.1342,4.534,361.3
1619.6328,4.509,359.2
1585.7814,4.549,348.6
1575.338,4.553,346.0
1575.5562,4.551,346.2
1584.5232,4.548,348.4
1575.5745,4.555,345.9
1588.9299,4.523,351.3
1631.5376,4.522,360.8
1619.936,4.544,356.5
1578.763,4.555,346.6
1584.7299,4.563,347.3
1551.6639,4.549,341.1
1563.341,4.538,344.5
1629.1017,4.509,361.3
1657.1412,4.524,366.3
1623.1168,4.544,357.2
1603.8288,4.546,352.8
1574.2798,4.546,346.3
1593.9628,4.562,349.4
1601.3671,4.561,351.1
1631.1456,4.536,359.6
1635.2457,4.521,361.7
1598.134,4.535,352.4
1577.2872,4.556,346.2
1574.208,4.555,345.6
1602.5928,4.558,351.6
1574.0011,4.561,345.1
1581.0954,4.567,346.2
1619.2553,4.537,356.9
1611.4754,4.519,356.6
1605.6876,4.532,354.3
1576.288,4.54,347.2
1561.454,4.555,342.8
1548.576,4.56,339.6
1560.7725,4.557,342.5
1614.0684,4.539,355.6
1626.0816,4.532,358.8
1634.4,4.54,360.0
1611.8564,4.543,354.8
1573.5168,4.553,345.6
1597.7183,4.561,350.3
1586.2284,4.566,347.4
1599.6116,4.556,351.1
1608.0878,4.526,355.3
1618.7343,4.533,357.1
1647.4368,4.516,364.8
1592.7758,4.543,350.6
1599.5903,4.543,352.1
1638.1694,4.553,359.8
1577.5188,4.524,348.7
1685.387,4.51,373.7
1636.0512,4.512,362.6
1610.1568,4.528,355.6
1594.506,4.535,351.6
1603.476,4.536,353.5
1614.54,4.548,355.0
1597.3783,4.529,352.7
1675.5444,4.509,371.6
1648.7454,4.506,365.9
1633.6932,4.533,360.4
1594.902,4.54,351.3
1569.2174,4.534,346.1
1584.0384,4.544,348.6
1652.434,4.505,366.8
1668.5718,4.506,370.3
1652.1648,4.524,365.2
1627.9485,4.541,358.5
1547.789,4.555,339.8
1589.16,4.56,348.5
1563.0364,4.549,343.6
1629.5472,4.504,361.8
1601.85,4.525,354.0
1632.159,4.53,360.3
1586.6398,4.558,348.1
1569.9976,4.556,344.6
1555.8736,4.552,341.8
1605.7404,4.554,352.6
1612.8744,4.551,354.4
1629.46,4.52,360.5
1618.4411,4.517,358.3
1615.6257,4.537,356.1
1600.5228,4.556,351.3
1585.8099,4.553,348.3
1571.5984,4.558,344.8
1617.6996,4.539,356.4
1647.1,4.525,364.0
1645.2061,4.531,363.1
1601.7454,4.553,351.8
1579.128,4.56,346.3
1575.684,4.554,346.0
1573.479,4.545,346.2
1548.02,4.553,340.0
1608.8202,4.537,354.6
1623.757,4.523,359.0
1622.142,4.54,357.3
1568.9638,4.553,344.6
1566.8212,4.564,343.3
1563.737,4.559,343.0
1573.3109,4.559,345.1
1563.9345,4.545,344.1
1617.802,4.519,358.0
1656.3582,4.533,365.4
1615.1938,4.546,355.3
1570.1884,4.546,345.4
1563.9462,4.549,343.8
1551.5478,4.554,340.7
1556.1012,4.558,341.4
1597.3282,4.534,352.3
1593.3994,4.519,352.6
1624.0788,4.534,358.2
1574.4435,4.557,345.5
1576.5948,4.554,346.2
1554.5064,4.548,341.8
1561.1958,4.541,343.8
1591.5363,4.533,351.1
1652.2944,4.512,366.2
1671.9044,4.526,369.4
1635.5168,4.523,361.6
1613.7726,4.542,355.3
1612.646,4.535,355.6
1618.2773,4.547,355.9
1571.3217,4.527,347.1
1657.0632,4.498,368.4
1648.705,4.517,365.0
1664.641,4.51,369.1
1609.2739,4.537,354.7
1612.765,4.543,355.0
1611.7568,4.544,354.7
1595.3112,4.536,351.7
1634.5125,4.509,362.5
1672.1934,4.517,370.2
1661.2372,4.529,366.8
1599.8833,4.549,351.7
1622.2339,4.553,356.3
1589.2698,4.533,350.6
1610.784,4.512,357.0
1632.3507,4.523,360.9
1630.786,4.535,359.6
1594.25,4.555,350.0
1565.5321,4.547,344.3
1592.9433,4.563,349.1
1600.2756,4.554,351.4
1575.0055,4.535,347.3
1622.3382,4.509,359.8
1660.4492,4.517,367.6
1622.2652,4.534,357.8
1575.3187,4.549,346.3
1573.39,4.55,345.8
1589.8304,4.558,348.8
1552.7974,4.543,341.8
1637.4159,4.527,361.7
1625.2995,4.521,359.5
1655.715,4.53,365.5
1597.505,4.55,351.1
1575.0092,4.556,345.7
1557.6964,4.556,341.9
1581.6873,4.549,347.7
1648.5456,4.524,364.4
1624.6272,4.533,358.4
1617.6996,4.539,356.4
1550.7541,4.549,340.9
1587.2824,4.552,348.7
1590.072,4.56,348.7
1538.576,4.552,338.0
1542.905,4.55,339.1
1584.4928,4.544,348.7
1601.2254,4.558,351.3
1598.0348,4.558,350.6
1584.1212,4.556,347.7
1576.3368,4.548,346.6
1566.816,4.56,343.6
1592.85,4.551,350.0
1621.1679,4.507,359.7
1623.958,4.54,357.7
1593.9044,4.532,351.7
1604.2287,4.533,353.9
1593.7456,4.538,351.2
1640.4429,4.503,364.3
1598.6358,4.539,352.2
1599.3936,4.536,352.6
1594.506,4.535,351.6
1627.6854,4.539,358.6
1651.9734,4.521,365.4
1562.9148,4.546,343.8
1573.3315,4.567,344.5
1563.5592,4.536,344.7
1553.825,4.55,341.5
1627.468,4.546,358.0
1642.0152,4.546,361.2
1596.1006,4.546,351.1
1567.93,4.55,344.6
1596.177,4.554,350.5
1569.06,4.548,345.0
1619.0272,4.544,356.3
1599.443,4.531,353.0
1558.9472,4.553,342.4
1576.5022,4.559,345.8
1542.1011,4.553,338.7
1578.2868,4.551,346.8
1575.7515,4.545,346.7
1631.222,4.54,359.3
1575.3528,4.536,347.3
1576.8316,4.556,346.1
1587.8997,4.559,348.3
1586.205,4.545,349.0
1641.8528,4.528,362.6
1620.0444,4.524,358.1
1605.4962,4.543,353.4
1587.95,4.55,349.0
1594.4896,4.544,350.9
1590.1152,4.538,350.4
1661.8043,4.517,367.9
1643.96,4.504,365.0
1623.3386,4.537,357.8
1598.2841,4.529,352.9
1567.4608,4.546,344.8
1587.8439,4.551,348.9
1605.036,4.534,354.0
1640.0394,4.533,361.8
1558.1448,4.548,342.6
1575.8592,4.544,346.8
1588.0072,4.558,348.4
1574.58,4.564,345.0
1620.5712,4.528,357.9
1582.0428,4.524,349.7
1592.2176,4.544,350.4
1576.3576,4.552,346.3
1585.836,4.557,348.0
1695.9888,4.482,378.4
1709.4485,4.495,380.3
1608.0519,4.531,354.9
1568.5888,4.544,345.2
1584.4914,4.561,347.4
1594.074,4.548,350.5
1576.03,4.555,346.0
1577.2872,4.556,346.2
1646.5588,4.526,363.8
1648.8218,4.526,364.3
1599.7462,4.537,352.6
1609.992,4.548,354.0
1598.0837,4.531,352.7
1643.301,4.527,363.0
1631.8984,4.523,360.8
1623.3047,4.523,358.9
1616.496,4.528,357.0
1626.394,4.543,358.0
1637.6576,4.544,360.4
1624.6464,4.528,358.8
1595.6046,4.542,351.3
1613.43,4.55,354.6
1572.4404,4.542,346.2
1563.38,4.55,343.6
1586.7474,4.557,348.2
1580.616,4.542,348.0
1598.8222,4.519,353.8
1606.6058,4.541,353.8
1600.4832,4.552,351.6
1553.8228,4.546,341.8
1560.43,4.556,342.5
1564.1964,4.563,342.8
1618.3479,4.537,356.7
1587.3577,4.547,349.1
1621.656,4.545,356.8
1568.37,4.546,345.0
1578.5251,4.553,346.7
1551.4364,4.547,341.2
1589.4912,4.544,349.8
1602.465,4.546,352.5
1608.721,4.538,354.5
1597.7816,4.534,352.4
1595.616,4.533,352.0
1609.884,4.54,354.6
1612.7438,4.534,355.7
1641.1282,4.531,362.2
1643.0085,4.515,363.9
1606.2395,4.531,354.5
1609.0755,4.539,354.5
1589.1039,4.539,350.1
1642.3508,4.507,364.4
1595.413,4.535,351.8
1604.1292,4.534,353.8
1583.2355,4.543,348.5
1590.1505,4.555,349.1
1596.595,4.55,350.9
1616.103,4.546,355.5
1594.61,4.525,352.4
1597.8312,4.529,352.8
1579.8028,4.558,346.6
1567.4608,4.546,344.8
1589.0368,4.544,349.7
1551.0952,4.546,341.2
1597.024,4.537,352.0
1566.9012,4.526,346.2
1560.4188,4.548,343.1
1575.9492,4.564,345.3
1556.8971,4.551,342.1
1554.8299,4.537,342.7
1597.96,4.55,351.2
1585.9932,4.534,349.8
1566.754,4.54,345.1
1597.8561,4.551,351.1
1623.7337,4.547,357.1
1583.2654,4.547,348.2
1621.382,4.529,358.0
1629.1908,4.518,360.6
1636.602,4.521,362.0
1573.1632,4.531,347.2
1586.9748,4.542,349.4
1621.6827,4.521,358.7
1623.1425,4.515,359.5
1661.7696,4.512,368.3
1590.569,4.538,350.5
1559.9704,4.552,342.7
1557.4596,4.546,342.6
1578.1784,4.552,346.7
1632.0528,4.536,359.8
1604.6628,4.524,354.7
1563.0449,4.553,343.3
1595.2662,4.554,350.3
1570.924,4.535,346.4
1559.7326,4.546,343.1
1619.7804,4.522,358.2
1579.1922,4.534,348.3
1589.2092,4.551,349.2
1570.5151,4.543,345.7
1583.8812,4.554,347.8
1582.0596,4.554,347.4
1596.1006,4.546,351.1
1558.4289,4.529,344.1
1592.5287,4.541,350.7
1577.068,4.558,346.0
1584.5232,4.548,348.4
1568.1752,4.556,344.2
1593.2476,4.534,351.4
1662.624,4.518,368.0
1650.3552,4.524,364.8
1592.9504,4.528,351.8
1599.2424,4.533,352.8
1582.4006,4.538,348.7
1612.9035,4.537,355.5
1635.9678,4.518,362.1
1668.8667,4.519,369.3
1598.8861,4.541,352.1
1602.7704,4.543,352.8
1563.48,4.545,344.0
1595.919,4.53,352.3
1620.5909,4.523,358.3
1586.2392,4.536,349.7
1564.2648,4.542,344.4
1561.679,4.553,343.0
1577.809,4.547,347.0
1623.1936,4.529,358.4
1575.7753,4.519,348.7
1593.3022,4.529,351.8
1579.6521,4.551,347.1
1579.6011,4.543,347.7
1582.2492,4.548,347.9
1558.83,4.55,342.6
1643.1216,4.534,362.4
1572.89,4.525,347.6
1586.9748,4.542,349.4
1575.6198,4.542,346.9
1582.1016,4.562,346.8
1558.7033,4.543,343.1
1618.2508,4.538,356.6
1620.4335,4.515,358.9
1615.0906,4.519,357.4
1600.7544,4.536,352.9
1587.4145,4.529,350.5
1589.328,4.528,351.0
1633.6008,4.504,362.7
1619.968,4.52,358.4
1582.366,4.534,349.0
1579.6778,4.538,348.1
1616.9488,4.528,357.1
1601.019,4.515,354.6
1623.0042,4.531,358.2
1591.1399,4.519,352.1
1584.1796,4.534,349.4
1576.4449,4.547,346.7
1592.5338,4.554,349.7
1603.982,4.54,353.3
1575.3234,4.519,348.6
1576.5449,4.529,348.1
1579.1096,4.556,346.6
1589.7336,4.524,351.4
1559.7228,4.542,343.4
1539.5204,4.532,339.7
1600.1466,4.542,352.3
1593.1455,4.535,351.3
1558.935,4.545,343.0
1551.0884,4.538,341.8
1573.39,4.55,345.8
1549.1604,4.551,340.4
1548.6958,4.531,341.8
1624.722,4.532,358.5
1584.1,4.526,350.0
1587.5596,4.532,350.3
1589.9279,4.531,350.9
1603.7754,4.533,353.8
1620.6848,4.522,358.4
1625.7648,4.506,360.8
1620.7387,4.531,357.7
1603.18,4.516,355.0
1596.2481,4.513,353.7
1609.954,4.516,356.5
1645.0308,4.502,365.4
1629.2766,4.522,360.3
1573.479,4.545,346.2
1554.4872,4.536,342.7
1565.0472,4.539,344.8
1577.273,4.535,347.8
1633.2553,4.523,361.1
1606.2144,4.522,355.2
1567.7001,4.527,346.3
1575.7092,4.524,348.3
1582.569,4.545,348.2
1579.8192,4.528,348.9
1613.0207,4.517,357.1
1566.7947,4.527,346.1
1558.6795,4.535,343.7
1563.5002,4.553,343.4
1581.1762,4.541,348.2
1572.3323,4.543,346.1
1603.0678,4.531,353.8
1607.764,4.52,355.7
1535.5437,4.539,338.3
1573.8252,4.546,346.2
1555.9834,4.547,342.2
1586.2608,4.527,350.4
1613.2405,4.505,358.1
1635.8528,4.504,363.2
1622.193,4.53,358.1
1594.4589,4.531,351.9
1587.424,4.52,351.2
1617.5377,4.517,358.1
1616.312,4.496,359.5
1616.6609,4.507,358.7
1594.9094,4.522,352.7
1579.5949,4.517,349.7
1580.1072,4.551,347.2
1585.6029,4.529,350.1
1625.844,4.52,359.7
1589.868,4.536,350.5
1556.1644,4.529,343.6
1594.6532,4.538,351.4
1573.11,4.54,346.5
1607.5988,4.531,354.8
1595.601,4.515,353.4
1585.2096,4.524,350.4
1582.0844,4.541,348.4
1600.7931,4.549,351.9
1558.7116,4.547,342.8
1544.7042,4.518,341.9
1606.4724,4.524,355.1
1630.5469,4.513,361.3
1583.7262,4.534,349.3
1581.9786,4.542,348.3
1581.6873,4.549,347.7
1588.648,4.552,349.0
1611.6408,4.522,356.4
1633.344,4.512,362.0
1592.096,4.523,352.0
1605.7269,4.527,354.7
1585.4132,4.522,350.6
1614.3001,4.513,357.7
1663.821,4.509,369.0
1637.636,4.499,364.0
1633.164,4.524,361.0
1590.5848,4.529,351.2
1589.0308,4.522,351.4
1622.698,4.51,359.8
1600.945,4.525,353.8
1597.3783,4.529,352.7
1579.7076,4.542,347.8
1578.3712,4.546,347.2
1571.9632,4.538,346.4
1595.913,4.521,353.0
1586.4189,4.521,350.9
1613.586,4.53,356.2
1590.0859,4.547,349.7
1581.2148,4.532,348.9
1547.1129,4.533,341.3
1551.4029,4.527,342.7
1634.247,4.527,361.0
1584.8654,4.514,351.1
1564.484,4.54,344.6
1592.2158,4.557,349.4
1559.3794,4.541,343.4
1540.0869,4.531,339.9
1586.7965,4.535,349.9
1593.6964,4.516,352.9
1598.8368,4.528,353.1
1575.565,4.534,347.5
1601.4544,4.529,353.6
1592.748,4.53,351.6
1618.5468,4.511,358.8
1625.4732,4.524,359.3
1627.8354,4.518,360.3
1598.9364,4.527,353.2
1613.0664,4.526,356.4
1601.7085,4.531,353.5
1592.55,4.5,353.9
1635.335,4.525,361.4
1609.962,4.53,355.4
1576.6075,4.537,347.5
1559.6004,4.539,343.6
1577.8626,4.538,347.7
1570.0401,4.539,345.9
1647.245,4.513,365.0
1571.1813,4.511,348.3
1594.5507,4.539,351.3
1594.8794,4.549,350.6
1553.9225,4.537,342.5
1586.6112,4.528,350.4
1577.7258,4.522,348.9
1603.8558,4.523,354.6
1555.4772,4.527,343.6
1576.2285,4.549,346.5
1565.8624,4.544,344.6
1573.6952,4.543,346.4
1555.7373,4.537,342.9
1588.9192,4.532,350.6
1629.3312,4.536,359.2
1584.529,4.535,349.4
1596.5226,4.533,352.2
1593.3528,4.524,352.2
1592.8962,4.533,351.4
1664.3088,4.503,369.6
1629.8121,4.501,362.1
1617.0672,4.522,357.6
1567.6416,4.536,345.6
1599.09,4.53,353.0
1624.2287,4.513,359.9
1597.5387,4.509,354.3
1650.8554,4.513,365.8
1559.5865,4.535,343.9
1569.3246,4.533,346.2
1595.1255,4.551,350.5
1582.9888,4.528,349.6
1626.9365,4.513,360.5
1597.8768,4.524,353.2
1551.2056,4.541,341.6
1593.3336,4.542,350.8
1566.7124,4.532,345.7
1597.893,4.51,354.3
1594.005,4.522,352.5
1582.9236,4.533,349.2
1612.0324,4.532,355.7
1571.6795,4.549,345.5
1567.208,4.54,345.2
1560.2876,4.541,343.6
1588.377,4.515,351.8
1591.6384,4.532,351.2
1588.9192,4.532,350.6
1574.926,4.54,346.9
1564.938,4.54,344.7
1558.803,4.538,343.5
1602.1799,4.517,354.7
1642.4692,4.516,363.7
1613.8755,4.527,356.5
1597.4244,4.524,353.1
1585.4132,4.522,350.6
1633.071,4.51,362.1
1627.388,4.508,361.0
1612.227,4.53,355.9
1583.3096,4.516,350.6
1586.859,4.53,350.3
1617.7312,4.534,356.8
1637.857,4.537,361.0
1584.7741,4.537,349.3
1596.32,4.535,352.0
1592.0746,4.541,350.6
1577.8675,4.525,348.7
1599.63,4.506,355.0
1586.7965,4.535,349.9
1574.1909,4.551,345.9
1598.0637,4.549,351.3
1571.457,4.53,346.9
1541.5556,4.526,340.6
1612.4498,4.537,355.4
1610.8323,4.521,356.3
1584.4167,4.549,348.3
1570.0608,4.543,345.6
1605.9505,4.543,353.5
1545.5178,4.527,341.4
1582.4006,4.538,348.7
1650.7449,4.509,366.1
1593.8028,4.533,351.6
1576.893,4.53,348.1
1584.9144,4.518,350.8
1589.971,4.535,350.6
1611.5449,4.523,356.3
1628.6508,4.509,361.2
1601.2988,4.526,353.8
1606.4724,4.524,355.1
1592.8794,4.542,350.7
1603.476,4.536,353.5
1628.556,4.52,360.3
1638.1375,4.519,362.5
1577.136,4.532,348.0
1575.4869,4.539,347.1
1595.2533,4.541,351.3
1624.0994,4.529,358.6
1613.9567,4.507,358.1
1605.9225,4.525,354.9
1571.4018,4.539,346.2
1590.4656,4.539,350.4
1569.802,4.537,346.0
1617.8277,4.533,356.9
1615.782,4.526,357.0
1585.5,4.53,350.0
1585.822,4.54,349.3
1565.846,4.54,344.9
1573.298,4.534,347.0
1591.8672,4.543,350.4
1628.5475,4.525,359.9
1602.2424,4.521,354.4
1590.6722,4.537,350.6
1581.282,4.54,348.3
1592.487,4.537,351.0
1592.7758,4.543,350.6
1629.8244,4.516,360.9
1648.9642,4.514,365.3
1637.595,4.53,361.5
1604.0144,4.526,354.4
1628.4414,4.531,359.4
1626.84,4.519,360.0
1656.1557,4.509,367.3
1608.505,4.531,355.0
1626.0816,4.532,358.8
1596.464,4.52,353.2
1604.328,4.532,354.0
1634.3415,4.521,361.5
1605.4894,4.534,354.1
1570.8168,4.536,346.3
1593.994,4.54,351.1
1573.5872,4.544,346.3
1600.8023,4.531,353.3
1598.0748,4.522,353.4
1574.9756,4.531,347.6
1560.0543,4.539,343.7
1571.2246,4.549,345.4
1572.2436,4.548,345.7
1608.8958,4.527,355.4
1569.9915,4.531,346.5
1634.507,4.534,360.5
1593.7878,4.542,350.9
1579.4128,4.549,347.2
1586.8344,4.539,349.6
1558.0325,4.549,342.5
1628.3619,4.527,359.7
1641.9382,4.522,363.1
1580.1316,4.538,348.2
1584.0755,4.535,349.3
1627.4219,4.537,358.7
1624.8166,4.531,358.6
1645.0224,4.528,363.3
1639.9478,4.534,361.7
1594.593,4.543,351.0
1596.718,4.54,351.7
1630.8,4.53,360.0
1669.1955,4.515,369.7
1624.6616,4.523,359.2
1593.5527,4.531,351.7
1612.8744,4.551,354.4
1582.2252,4.531,349.2
1601.0015,4.529,353.5
1640.9376,4.518,363.2
1631.7987,4.529,360.3
1602.567,4.545,352.6
1584.4928,4.544,348.7
1576.4718,4.534,347.7
1604.4864,4.544,353.1
1610.2152,4.518,356.4
1616.4001,4.529,356.9
1555.0614,4.539,342.6
1592.9184,4.546,350.4
1560.0543,4.539,343.7
1566.3432,4.552,344.1
1632.0528,4.536,359.8
1602.5688,4.536,353.3
1608.826,4.555,353.2
1596.9064,4.547,351.2
1571.7888,4.548,345.6
1598.9899,4.531,352.9
1619.5704,4.529,357.6
1689.2928,4.512,374.4
1620.7387,4.531,357.7
1622.0452,4.541,357.2
1617.924,4.532,357.0
1632.4438,4.517,361.4
1660.8295,4.507,368.5
1654.0145,4.513,366.5
1622.8352,4.528,358.4
1599.443,4.531,353.0
1615.9818,4.538,356.1
1590.2788,4.532,350.9
1583.9712,4.536,349.2
1589.0524,4.561,348.4
1610.4935,4.543,354.5
1624.707,4.551,357.0
1614.9948,4.548,355.1
1620.9492,4.524,358.3
1623.504,4.54,357.6
1591.3088,4.544,350.2
1598.3112,4.551,351.2
1583.064,4.536,349.0
1600.3382,4.549,351.8
1624.5523,4.529,358.7
1612.3514,4.538,355.3
1585.7512,4.562,347.6
1592.4252,4.542,350.6
1587.95,4.55,349.0
1586.7648,4.544,349.2
1609.6066,4.529,355.4
1649.9904,4.523,364.8
1618.7907,4.551,355.7
1622.193,4.53,358.1
1600.648,4.528,353.5
1631.9589,4.537,359.7
1644.624,4.512,364.5
1656.15,4.525,366.0
1613.0995,4.535,355.7
1612.0324,4.532,355.7
1618.3146,4.542,356.3
1660.3508,4.534,366.2
1661.033,4.51,368.3
1605.0419,4.543,353.3
1614.1392,4.552,354.6
1595.0876,4.547,350.8
1624.246,4.537,358.0
1591.6824,4.536,350.9
1636.1441,4.531,361.1
1626.9682,4.537,358.6
1582.7544,4.556,347.4
1595.685,4.55,350.7
1628.4125,4.555,357.5
1611.6408,4.536,355.3
1611.3024,4.544,354.6
1629.7072,4.532,359.6
1559.4025,4.553,342.5
1581.626,4.558,347.0
1593.7945,4.555,349.9
1596.3171,4.557,350.3
1598.6884,4.534,352.6
1653.8256,4.536,364.6
1590.1764,4.533,350.8
1616.5576,4.546,355.6
1599.9242,4.553,351.4
1625.5525,4.547,357.5
1652.8077,4.527,365.1
1658.6247,4.533,365.9
1615.6257,4.537,356.1
1632.0528,4.536,359.8
1621.0398,4.542,356.9
1603.8176,4.528,354.2
1644.7484,4.526,363.4
1676.136,4.535,369.6
1630.5201,4.533,359.7
1624.2858,4.546,357.3
1597.8298,4.538,352.1
1589.4297,4.527,351.1
1647.1929,4.549,362.1
1625.1621,4.551,357.1
1602.1578,4.549,352.2
1595.1255,4.551,350.5
1594.5507,4.539,351.3
1592.85,4.551,350.0
1657.0109,4.541,364.9
1621.5582,4.546,356.7
1581.626,4.558,347.0
1599.4284,4.549,351.6
1602.9196,4.546,352.6
1586.7648,4.544,349.2
1636.2753,4.549,359.7
1640.8546,4.534,361.9
1594.2153,4.551,350.3
1572.51,4.558,345.0
1591.7288,4.553,349.6
1616.3592,4.548,355.4
1617.4062,4.542,356.1
1648.7416,4.532,363.8
1656.0936,4.536,365.1
1625.8432,4.544,357.8
1620.1944,4.546,356.4
1678.0683,4.539,369.7
1657.5692,4.519,366.8
1636.1223,4.541,360.3
1635.1962,4.546,359.7
1612.6656,4.544,354.9
1609.9408,4.553,353.6
1684.2569,4.541,370.9
1635.691,4.531,361.0
1609.2815,4.555,353.3
1619.5578,4.557,355.4
1603.712,4.556,352.0
1615.0008,4.557,354.4
1663.2642,4.537,366.6
1604.8578,4.522,354.9
1625.224,4.555,356.8
1604.5344,4.548,352.8
1644.9184,4.549,361.6
1606.5485,4.555,352.7
1634.168,4.552,359.0
1621.024,4.528,358.0
1664.7452,4.546,366.2
1587.8997,4.559,348.3
1579.4944,4.544,347.6
1602.5928,4.558,351.6
1634.886,4.554,359.0
1613.3572,4.537,355.6
1658.3808,4.546,364.8
1630.3872,4.544,358.8
1638.7388,4.547,360.4
1669.7016,4.536,368.1
1625.195,4.546,357.5
1683.8028,4.541,370.8
1694.2989,4.529,374.1
1645.9326,4.538,362.7
1582.644,4.54,348.6
1617.1254,4.554,355.1
1687.9836,4.523,373.2
1682.9764,4.529,371.6
1641.0906,4.551,360.6
1611.0016,4.556,353.6
1619.6414,4.547,356.2
1632.7542,4.543,359.4
1648.6547,4.543,362.9
1636.3886,4.543,360.2
1628.1778,4.562,356.9
1599.5316,4.548,351.7
1629.3235,4.555,357.7
1613.7846,4.551,354.6
1651.5617,4.541,363.7
1674.99,4.527,370.0
1611.9128,4.556,353.8
1588.3556,4.559,348.4
1601.6812,4.558,351.4
1627.046,4.555,357.2
1619.022,4.53,357.4
1632.995,4.55,358.9
1628.307,4.542,358.5
1588.248,4.56,348.3
1620.369,4.558,355.5
1643.5537,4.549,361.3
1637.1851,4.549,359.9
1701.9982,4.529,375.8
1668.568,4.528,368.5
1627.3268,4.538,358.6
1628.3772,4.546,358.2
1656.3814,4.553,363.8
1612.0116,4.546,354.6
1684.0095,4.533,371.5
1691.049,4.53,373.3
1624.962,4.539,358.0
1667.0182,4.546,366.7
1609.6848,4.542,354.4
1617.4405,4.537,356.5
1640.0856,4.552,360.3
1645.1716,4.556,361.1
1626.9476,4.556,357.1
1603.5776,4.544,352.9
1642.1085,4.545,361.3
1668.3142,4.531,368.2
1651.5374,4.526,364.9
1612.0145,4.555,353.9
1602.84,4.56,351.5
1593.7945,4.555,349.9
1600.3138,4.558,351.1
1599.645,4.538,352.5
1639.1935,4.547,360.5
1628.2112,4.543,358.4
1594.419,4.562,349.5
1593.3996,4.563,349.2
1618.847,4.555,355.4
1601.258,4.54,352.7
1622.7596,4.543,357.2
1670.8288,4.544,367.7
1630.1441,4.537,359.3
1639.0992,4.548,360.4
1632.8277,4.547,359.1
1668.8667,4.519,369.3
1666.9549,4.531,367.9
1614.878,4.54,355.7
1612.3514,4.538,355.3
1641.3967,4.523,362.9
1687.5313,4.523,373.1
1638.4725,4.545,360.5
1618.3915,4.555,355.3
1624.9844,4.562,356.2
1591.1259,4.537,350.7
1624.9344,4.544,357.6
1667.0313,4.551,366.3
1613.1756,4.548,354.7
1631.655,4.545,359.0
1611.6606,4.554,353.9
1598.2705,4.547,351.5
1673.5552,4.544,368.3
1654.7328,4.536,364.8
1609.839,4.554,353.5
1625.195,4.546,357.5
1592.2451,4.561,349.1
1598.9094,4.554,351.1
1626.135,4.555,357.0
1673.8685,4.535,369.1
1618.5915,4.553,355.5
1585.7718,4.566,347.3
1606.5916,4.559,352.4
1596.456,4.56,350.1
1625.0805,4.533,358.5
1702.6812,4.526,376.2
1650.3388,4.519,365.2
1657.7314,4.538,365.3
1632.0354,4.541,359.4
1640.0332,4.538,361.4
1682.6859,4.527,371.7
1667.01,4.525,368.4
1645.3824,4.544,362.1
1634.04,4.539,360.0
1649.821,4.555,362.2
1645.298,4.535,362.8
1624.3157,4.541,357.7
1643.8212,4.551,361.2
1606.6058,4.541,353.8
1643.915,4.55,361.3
1624.5104,4.553,356.8
1636.3704,4.548,359.8
1657.1889,4.539,365.1
1634.4,4.54,360.0
1610.346,4.549,354.0
1614.24,4.56,354.0
1598.805,4.555,351.0
1616.8745,4.561,354.5
1651.198,4.54,363.7
1634.2372,4.556,358.7
1629.8425,4.559,357.5
1613.9376,4.554,354.4
1598.415,4.55,351.3
1606.5485,4.555,352.7
1593.1006,4.522,352.3
1625.6172,4.551,357.2
1643.575,4.534,362.5
1639.856,4.535,361.6
1665.9427,4.553,365.9
1639.2181,4.537,361.3
1637.4125,4.517,362.5
1644.39,4.53,363.0
1636.2944,4.544,360.1
1624.2192,4.542,357.6
1652.4648,4.536,364.3
1687.6104,4.522,373.2
1695.4584,4.514,375.6
1625.64,4.56,356.5
1603.9774,4.549,352.6
1611.4568,4.547,354.4
1623.993,4.549,357.0
1647.9247,4.531,363.7
1632.0756,4.526,360.6
1595.8932,4.548,350.9
1607.7096,4.557,352.8
1599.5427,4.561,350.7
1574.6038,4.543,346.6
1613.83,4.546,355.0
1644.5724,4.533,362.8
1619.444,4.549,356.0
1601.1567,4.563,350.9
1571.4603,4.551,345.3
1599.7136,4.568,350.2
1622.8566,4.542,357.3
1651.832,4.538,364.0
1596.3171,4.557,350.3
1596.5937,4.563,349.9
1608.6768,4.552,353.4
1669.92,4.544,367.5
1669.236,4.52,369.3
1663.4918,4.513,368.6
1626.156,4.536,358.5
1627.136,4.54,358.4
1658.1056,4.544,364.9
1621.2306,4.521,358.6
1681.6606,4.534,370.9
1641.3946,4.538,361.7
1603.7802,4.542,353.1
1674.6601,4.547,368.3
1603.7802,4.542,353.1
1627.629,4.53,359.3
1640.3694,4.549,360.6
1624.272,4.56,356.2
1651.0944,4.556,362.4
1612.0145,4.555,353.9
1620.5198,4.538,357.1
1637.6712,4.539,360.8
1627.3713,4.547,357.9
1604.2275,4.551,352.5
1627.6322,4.549,357.8
1595.23,4.55,350.6
1627.99,4.55,357.8
1614.0684,4.539,355.6
1612.566,4.545,354.8
1625.0262,4.557,356.6
1614.4938,4.553,354.6
1601.7182,4.562,351.1
1610.1925,4.555,353.5
1629.0662,4.534,359.3
1613.3754,4.546,354.9
1649.6516,4.547,362.8
1619.9574,4.553,355.8
1609.4715,4.535,354.9
1588.1961,4.539,349.9
1667.2612,4.538,367.4
1660.648,4.52,367.4
1636.3886,4.543,360.2
1623.5712,4.544,357.3
1626.6096,4.536,358.6
1654.2108,4.516,366.3
1654.7925,4.525,365.7
1621.8363,4.557,355.9
1609.3701,4.563,352.7
1600.1715,4.555,351.3
1603.7802,4.542,353.1
1597.6704,4.544,351.6
1643.6574,4.543,361.8
1619.223,4.542,356.5
1610.0927,4.547,354.1
1613.516,4.54,355.4
1613.3754,4.546,354.9
1629.9328,4.544,358.7
1653.7131,4.527,365.3
1617.7808,4.552,355.4
1606.8403,4.561,352.3
1588.0864,4.553,348.8
1596.0357,4.551,350.7
1602.0326,4.559,351.4
1615.884,4.539,356.0
1623.765,4.542,357.5
1626.096,4.56,356.6
1587.4175,4.555,348.5
1653.3802,4.546,363.7
1642.0152,4.546,361.2
1663.0488,4.529,367.2
1655.4516,4.533,365.2
1630.219,4.541,359.0
1608.5645,4.535,354.7
1636.6545,4.545,360.1
1645.842,4.534,363.0
1680.3752,4.522,371.6
1636.8429,4.543,360.3
1642.2016,4.544,361.4
1587.792,4.56,348.2
1604.208,4.56,351.8
1664.5384,4.538,366.8
1609.6848,4.542,354.4
1606.0512,4.542,353.6
1597.4385,4.555,350.7
1614.4832,4.544,355.3
1617.07,4.55,355.4
1618.1784,4.548,355.8
1674.032,4.549,368.0
1599.3402,4.541,352.2
1577.068,4.558,346.0
1627.535,4.55,357.7
1601.1864,4.554,351.6
1577.7232,4.552,346.6
1613.7846,4.551,354.6
1646.7456,4.544,362.4
1602.8768,4.564,351.2
1599.4284,4.549,351.6
1595.3604,4.566,349.4
1582.1016,4.562,346.8
1660.9957,4.537,366.1
1641.1248,4.536,361.8
1631.9886,4.551,358.6
1623.6003,4.539,357.7
1618.6709,4.543,356.3
1653.6088,4.523,365.6
1661.8043,4.517,367.9
1630.44,4.529,360.0
1584.9825,4.535,349.5
1626.7045,4.535,358.7
1635.0531,4.533,360.7
1599.2896,4.528,353.2
1610.848,4.544,354.5
1593.021,4.558,349.5
1586.8699,4.543,349.3
1615.102,4.556,354.5
1636.3704,4.548,359.8
1620.7128,4.536,357.3
1600.0988,4.538,352.6
1562.365,4.555,343.0
1600.56,4.56,351.0
1607.6886,4.566,352.1
1608.1728,4.548,353.6
1626.9682,4.537,358.6
1626.6555,4.545,357.9
1593.3705,4.559,349.5
1591.4847,4.551,349.7
1609.839,4.554,353.5
1574.0816,4.552,345.8
1619.418,4.54,356.7
1584.46,4.54,349.0
1620.156,4.551,356.0
1612.7223,4.557,353.9
1599.8472,4.536,352.7
1624.5768,4.543,357.6
1662.256,4.517,368.0
1675.1454,4.514,371.1
1599.041,4.535,352.6
1617.8942,4.537,356.6
1621.8812,4.538,357.4
1634.2508,4.522,361.4
1653.3297,4.521,365.7
1639.7667,4.521,362.7
1581.7944,4.548,347.8
1620.4127,4.553,355.9
1592.7448,4.552,349.9
1624.5456,4.548,357.2
1601.142,4.523,354.0
1604.385,4.545,353.0
1599.325,4.55,351.5
1600.235,4.55,351.7
1603.5044,4.558,351.8
1576.941,4.555,346.2
1610.6927,4.541,354.7
1605.0776,4.529,354.4
1570.3523,4.561,344.3
1574.4572,4.561,345.2
1566.6756,4.549,344.4
1598.7004,4.556,350.9
1570.7912,4.532,346.6
1623.7337,4.547,357.1
1597.919,4.546,351.5
1556.2085,4.565,340.9
1572.3991,4.559,344.9
1602.567,4.545,352.6
1634.6658,4.542,359.9
1660.698,4.53,366.6
1638.774,4.527,362.0
1596.4102,4.543,351.4
1626.5862,4.541,358.2
1598.988,4.54,352.2
1627.3632,4.528,359.4
1633.3472,4.517,361.6
1637.4116,4.532,361.3
1604.4271,4.531,354.1
1581.7944,4.548,347.8
1571.82,4.556,345.0
1637.8294,4.547,360.2
1631.0668,4.532,359.9
1575.21,4.55,346.2
1581.1488,4.554,347.2
1569.7908,4.566,343.8
1594.3884,4.558,349.8
1625.7228,4.531,358.8
1588.4224,4.528,350.8
1611.762,4.553,354.0
1590.044,4.556,349.0
1588.704,4.56,348.4
1572.8661,4.563,344.7
1604.5344,4.548,352.8
1595.9312,4.552,350.6
1640.5704,4.542,361.2
1558.2655,4.555,342.1
1575.119,4.555,345.8
1577.1383,4.549,346.7
1579.76,4.55,347.2
1589.2395,4.555,348.9
1634.9708,4.514,362.2
1619.475,4.53,357.5
1583.8667,4.537,349.1
1579.1468,4.543,347.6
1588.2671,4.547,349.3
1594.7551,4.519,352.9
1637.4033,4.537,360.9
1637.496,4.536,361.0
1591.2918,4.522,351.9
1599.9242,4.553,351.4
1582.356,4.547,348.0
1612.608,4.54,355.2
1617.1695,4.549,355.5
1580.1072,4.551,347.2
1567.1523,4.557,343.9
1571.3644,4.556,344.9
1582.008,4.546,348.0
1614.8484,4.554,354.6
1652.1896,4.534,364.4
1571.7093,4.557,344.9
1559.745,4.554,342.5
1570.4532,4.556,344.7
1567.0512,4.566,343.2
1621.3584,4.534,357.6
1593.0432,4.536,351.2
1604.785,4.55,352.7
1560.888,4.56,342.3
1570.3297,4.553,344.9
1581.9515,4.555,347.3
1592.568,4.545,350.4
1598.9094,4.554,351.1
1638.833,4.546,360.5
1591.27,4.54,350.5
1605.9225,4.525,354.9
1635.291,4.545,359.8
1641.123,4.521,363.0
1640.6709,4.521,362.9
1609.2512,4.528,355.4
1620.4762,4.529,357.8
1626.4404,4.533,358.8
1607.204,4.535,354.4
1615.9185,4.515,357.9
1625.0052,4.529,358.8
1616.0794,4.537,356.2
1560.65,4.55,343.0
1599.2605,4.555,351.1
1582.6228,4.553,347.6
1573.9106,4.541,346.6
1605.885,4.53,354.5
1594.1782,4.547,350.6
1590.742,4.558,349.0
1564.3576,4.537,344.8
1578.0891,4.557,346.3
1600.35,4.54,352.5
1595.7892,4.549,350.8
1604.2275,4.551,352.5
1568.385,4.55,344.7
1580.215,4.55,347.3
1567.2256,4.544,344.9
1571.5984,4.558,344.8
1581.0739,4.529,349.1
1613.1279,4.553,354.3
1615.4044,4.553,354.8
1586.3992,4.556,348.2
1583.934,4.532,349.5
1597.8756,4.542,351.8
1672.1531,4.523,369.7
1642.0328,4.526,362.8
1620.1314,4.542,356.7
1602.769,4.534,353.5
1595.7648,4.536,351.8
1585.0864,4.534,349.6
1637.0305,4.541,360.5
1661.2686,4.518,367.7
1607.2599,4.539,354.1
1595.7216,4.554,350.4
1584.4167,4.549,348.3
1574.6786,4.559,345.4
1633.9775,4.525,361.1
1605.3333,4.531,354.3
1556.32,4.544,342.5
1581.496,4.555,347.2
1567.3644,4.551,344.4
1576.12,4.55,346.4
1597.9832,4.532,352.6
1585.856,4.544,349.0
1597.9295,4.559,350.5
1586.2917,4.557,348.1
1581.864,4.56,346.9
1592.6049,4.549,350.1
1572.744,4.56,344.9
1619.8056,4.536,357.1
1596.718,4.54,351.7
1624.214,4.556,356.5
1558.3802,4.558,341.9
1579.7826,4.554,346.9
1593.6888,4.556,349.8
1595.8561,4.517,353.3
1619.592,4.524,358.0
1602.9221,4.537,353.3
1596.3663,4.539,351.7
1593.4968,4.536,351.3
1649.3625,4.525,364.5
1645.8312,4.524,363.8
1619.5428,4.548,356.1
1592.15,4.549,350.0
1550.185,4.55,340.7
1588.0559,4.549,349.1
1605.8435,4.535,354.1
1603.679,4.543,353.0
1586.5551,4.563,347.7
1578.156,4.548,347.0
1578.7817,4.559,346.3
1625.1752,4.532,358.6
1588.2328,4.543,349.6
1591.9232,4.564,348.8
1560.7684,4.553,342.8
1572.48,4.55,345.6
1598.2705,4.547,351.5
1594.2822,4.546,350.7
1612.0145,4.555,353.9
1605.6443,4.537,353.9
1549.4956,4.556,340.1
1572.6062,4.553,345.4
1575.5745,4.555,345.9
1548.2544,4.543,340.8
1594.3884,4.558,349.8
1614.7516,4.532,356.3
1634.7848,4.531,360.8
1576.3014,4.527,348.2
1635.762,4.54,360.3
1616.6304,4.536,356.4
1637.8686,4.527,361.8
1628.2536,4.533,359.2
1601.0064,4.538,352.8
1611.126,4.532,355.5
1625.1276,4.542,357.8
1665.6525,4.525,368.1
1590.8874,4.517,352.2
1583.1856,4.552,347.8
1588.1145,4.557,348.5
1581.9276,4.551,347.6
1585.4616,4.552,348.3
1590.9953,4.547,349.9
1593.891,4.541,351.0
1586.4848,4.538,349.6
1579.3644,4.562,346.2
1579.584,4.56,346.4
1583.1231,4.561,347.1
1604.58,4.552,352.5
1591.4129,4.543,350.3
1587.5336,4.541,349.6
1595.9668,4.556,350.3
1563.168,4.56,342.8
