1868.7929,4.303,434.3
1861.482,4.324,430.5
1832.0518,4.327,423.4
1830.3012,4.329,422.8
1801.6614,4.333,415.8
1840.7058,4.327,425.4
1854.5922,4.302,431.1
1709.757,4.41,387.7
1623.076,4.459,364.0
1626.1095,4.449,365.5
1604.012,4.468,359.0
1568.523,4.47,350.9
1563.6189,4.479,349.1
1547.2214,4.486,344.9
1568.3056,4.486,349.6
1581.536,4.493,352.0
1577.3745,4.485,351.7
1605.7874,4.463,359.8
1608.977,4.457,361.0
1625.0222,4.457,364.6
1601.7707,4.463,358.9
1580.3532,4.482,352.6
1588.3623,4.473,355.1
1581.0175,4.475,353.3
1572.6364,4.483,350.8
1572.0478,4.489,350.2
1547.3892,4.493,344.4
1549.3611,4.487,345.3
1572.5383,4.451,353.3
1575.0642,4.467,352.6
1575.0642,4.467,352.6
1590.433,4.465,356.2
1577.5994,4.478,352.3
1560.8804,4.484,348.1
1564.6644,4.491,348.4
1571.4867,4.481,350.7
1572.4188,4.476,351.3
1589.814,4.491,354.0
1575.9496,4.504,349.9
1587.851,4.454,356.5
1618.6648,4.442,364.4
1612.68,4.45,362.4
1603.1966,4.462,359.3
1598.112,4.464,358.0
1613.4976,4.472,360.8
1612.68,4.45,362.4
1580.7784,4.468,353.8
1577.502,4.46,353.7
1616.1606,4.467,361.8
1668.108,4.42,377.4
1656.1407,4.427,374.1
1624.8477,4.431,366.7
1619.9487,4.437,365.1
1639.9776,4.448,368.7
1621.0928,4.456,363.8
1585.968,4.465,355.2
1602.3176,4.472,358.3
1596.861,4.473,357.0
1621.8001,4.469,362.9
1590.3347,4.471,355.7
1645.3168,4.442,370.4
1586.1502,4.463,355.4
1605.0804,4.466,359.4
1616.197,4.477,361.0
1587.4303,4.483,354.1
1571.2915,4.483,350.5
1573.25,4.495,350.0
1572.2856,4.482,350.8
1590.5684,4.483,354.8
1606.0275,4.455,360.5
1630.4574,4.433,367.8
1684.1416,4.418,381.2
1624.695,4.45,365.1
1587.4804,4.468,355.3
1585.2576,4.463,355.2
1610.4714,4.481,359.4
1593.7373,4.463,357.1
1560.6822,4.477,348.6
1612.2821,4.433,363.7
1634.4398,4.439,368.2
1620.3138,4.438,365.1
1601.089,4.445,360.2
1598.2928,4.472,357.4
1611.9285,4.459,361.5
1578.78,4.475,352.8
1599.2746,4.466,358.1
1576.7318,4.487,351.4
1597.126,4.46,358.1
1639.072,4.454,368.0
1622.3088,4.452,364.4
1631.421,4.455,366.2
1530.067,4.487,341.0
1566.6,4.476,350.0
1557.4986,4.473,348.2
1579.776,4.488,352.0
1572.6364,4.483,350.8
1543.875,4.475,345.0
1569.8033,4.489,349.7
1588.0848,4.476,354.8
1615.905,4.47,361.5
1591.1376,4.472,355.8
1619.9198,4.454,363.7
1623.7545,4.467,363.5
1560.3168,4.494,347.2
1556.7852,4.489,346.8
1589.52,4.475,355.2
1565.4105,4.479,349.5
1573.0195,4.465,352.3
1593.4692,4.461,357.2
1607.894,4.454,361.0
1646.9418,4.438,371.1
1624.25,4.45,365.0
1645.9798,4.451,369.8
1605.5423,4.481,358.3
1586.816,4.48,354.2
1591.774,4.46,356.9
1557.9459,4.473,348.3
1621.4372,4.468,362.9
1616.685,4.45,363.3
1623.2346,4.446,365.1
1639.825,4.45,368.5
1651.984,4.46,370.4
1628.792,4.46,365.2
1592.0416,4.462,356.8
1590.0596,4.474,355.4
1571.1725,4.475,351.1
1583.2168,4.456,355.3
1610.5664,4.454,361.6
1596.042,4.452,358.5
1601.2269,4.459,359.1
1593.0222,4.466,356.7
1631.2265,4.463,365.5
1605.089,4.471,359.0
1576.4158,4.481,351.8
1544.56,4.49,344.0
1574.9126,4.478,351.7
1588.869,4.482,354.5
1584.8916,4.467,354.8
1562.9426,4.463,350.2
1607.2561,4.451,361.1
1633.3604,4.453,366.8
1614.2671,4.463,361.7
1605.527,4.466,359.5
1585.024,4.48,353.8
1565.5072,4.496,348.2
1582.0507,4.483,352.9
1601.9604,4.476,357.9
1565.2572,4.476,349.7
1573.41,4.475,351.6
1583.9824,4.472,354.2
1593.7287,4.453,357.9
1592.5756,4.466,356.6
1586.2184,4.472,354.7
1610.3535,4.467,360.5
1592.5474,4.481,355.4
1592.3192,4.493,354.4
1568.0077,4.489,349.3
1557.8962,4.478,347.9
1582.784,4.48,353.3
1594.773,4.486,355.5
1545.0864,4.502,343.2
1574.586,4.486,351.0
1620.9616,4.463,363.2
1597.3848,4.482,356.4
1609.3932,4.478,359.4
1605.4398,4.467,359.4
1573.2402,4.486,350.7
1552.32,4.48,346.5
1552.193,4.49,345.7
1562.8662,4.473,349.4
1576.7318,4.487,351.4
1585.6598,4.478,354.1
1556.952,4.474,348.0
1580.2862,4.478,352.9
1603.2502,4.451,360.2
1647.4647,4.449,370.3
1652.0595,4.459,370.5
1599.4551,4.469,357.9
1610.094,4.47,360.2
1559.178,4.465,349.2
1581.318,4.467,354.0
1575.0642,4.467,352.6
1580.5174,4.466,353.9
1615.6358,4.441,363.8
1656.0628,4.447,372.4
1631.2265,4.463,365.5
1630.6094,4.454,366.1
1616.6664,4.461,362.4
1612.6726,4.466,361.1
1598.47,4.465,358.0
1560.728,4.472,349.0
1566.5576,4.481,349.6
1559.0377,4.471,348.7
1583.6436,4.466,354.6
1621.7235,4.437,365.5
1630.948,4.444,367.0
1653.5988,4.438,372.6
1628.5698,4.446,366.3
1586.0592,4.488,353.4
1551.2835,4.503,344.5
1552.9112,4.483,346.4
1599.7705,4.495,355.9
1584.1972,4.484,353.3
1607.9598,4.489,358.2
1575.8853,4.463,353.1
1587.1334,4.462,355.7
1596.7728,4.464,357.7
1585.3572,4.452,356.1
1579.1328,4.476,352.8
1553.866,4.478,347.0
1554.3576,4.482,346.8
1580.4178,4.486,352.3
1572.7916,4.486,350.6
1567.3554,4.482,349.7
1580.2856,4.492,351.8
1623.2756,4.462,363.8
1602.4635,4.455,359.7
1601.499,4.461,359.0
1605.8738,4.462,359.9
1575.0642,4.467,352.6
1582.6892,4.481,353.2
1553.7456,4.488,346.2
1582.973,4.478,353.5
1576.7676,4.482,351.8
1568.935,4.475,350.6
1563.4209,4.481,348.9
1573.6296,4.468,352.2
1600.4318,4.463,358.6
1599.2767,4.471,357.7
1595.6096,4.472,356.8
1586.4804,4.474,354.6
1580.61,4.484,352.5
1589.3172,4.482,354.6
1572.9456,4.489,350.4
1551.2588,4.486,345.8
1561.3175,4.493,347.5
1565.4907,4.469,350.3
1592.175,4.485,355.0
1586.868,4.46,355.8
1606.507,4.465,359.8
1594.5408,4.464,357.2
1616.7195,4.455,362.9
1618.4508,4.461,362.8
1568.838,4.476,350.5
1582.2869,4.471,353.9
1591.6832,4.456,357.2
1603.9241,4.469,358.9
1623.2517,4.473,362.9
1605.9736,4.466,359.6
1633.3831,4.447,367.3
1654.2156,4.454,371.4
1626.2942,4.441,366.2
1618.6718,4.469,362.2
1591.0167,4.483,354.9
1598.646,4.478,357.0
1639.9628,4.471,366.8
1600.7025,4.465,358.5
1605.7008,4.464,359.7
1632.8764,4.481,364.4
1609.1282,4.486,358.7
1605.9736,4.466,359.6
1607.2368,4.472,359.4
1605.0008,4.472,358.9
1585.896,4.485,353.6
1598.6502,4.473,357.4
1580.6391,4.479,352.9
1577.085,4.474,352.5
1581.888,4.48,353.1
1575.1044,4.476,351.9
1586.0854,4.483,353.8
1580.61,4.484,352.5
1601.3184,4.488,356.8
1601.2368,4.464,358.7
1559.1544,4.456,349.9
1590.1201,4.483,354.7
1637.3574,4.481,365.4
1579.8384,4.478,352.8
1614.9636,4.491,359.6
1602.6716,4.468,358.7
1556.5986,4.482,347.3
1576.8272,4.472,352.6
1586.2496,4.486,353.6
1602.3183,4.477,357.9
1574.97,4.468,352.5
1614.564,4.47,361.2
1597.6675,4.469,357.5
1595.1657,4.467,357.1
1650.948,4.456,370.5
1599.8892,4.459,358.8
1597.932,4.476,357.0
1617.1125,4.461,362.5
1639.3092,4.468,366.9
1616.9895,4.473,361.5
1584.3284,4.492,352.7
1562.3208,4.474,349.2
1604.4657,4.483,357.9
1560.6822,4.477,348.6
1601.0652,4.476,357.7
1572.9,4.494,350.0
1587.5006,4.487,353.8
1558.983,4.467,349.0
1598.1895,4.483,356.5
1586.0854,4.483,353.8
1559.5272,4.466,349.2
1605.8106,4.483,358.2
1545.4604,4.477,345.2
1595.2755,4.495,354.9
1555.904,4.48,347.3
1587.8907,4.497,353.1
1586.5337,4.483,353.9
1598.2536,4.492,355.8
1567.6896,4.474,350.4
1548.6324,4.494,344.6
1588.562,4.49,353.8
1557.7416,4.484,347.4
1629.4005,4.485,363.3
1582.6714,4.462,354.7
1598.9175,4.475,357.3
1583.3909,4.459,355.1
1610.7366,4.478,359.7
1598.5613,4.469,357.7
1616.9996,4.457,362.8
1599.366,4.47,357.8
1626.215,4.475,363.4
1626.7635,4.463,364.5
1604.1078,4.482,357.9
1577.6292,4.487,351.6
1595.88,4.464,357.5
1573.6655,4.477,351.5
1587.9493,4.487,353.9
1563.4848,4.462,350.4
1574.8164,4.479,351.6
1569.0318,4.474,350.7
1573.376,4.48,351.2
1560.4776,4.488,347.7
1597.9725,4.495,355.5
1561.9247,4.487,348.1
1582.6284,4.491,352.4
1548.8988,4.474,346.2
1603.6538,4.487,357.4
1545.6,4.48,345.0
1621.2258,4.481,361.8
1534.3185,4.485,342.1
1619.4168,4.476,361.8
1559.5352,4.484,347.8
1582.5474,4.473,353.8
1587.5954,4.486,353.9
1616.692,4.466,362.0
1598.8104,4.486,356.4
1578.6378,4.467,353.4
1624.5936,4.473,363.2
1621.296,4.448,364.5
1593.2007,4.459,357.3
1592.9264,4.472,356.2
1560.0117,4.461,349.7
1616.2665,4.471,361.5
1605.8656,4.441,361.6
1580.2856,4.492,351.8
1625.514,4.478,363.0
1556.105,4.478,347.5
1622.3246,4.489,361.4
1604.808,4.464,359.5
1557.5483,4.477,347.9
1579.1044,4.481,352.4
1569.05,4.483,350.0
1558.592,4.48,347.9
1584.0564,4.476,353.9
1587.215,4.49,353.5
1608.494,4.493,358.0
1554.5407,4.489,346.3
1564.26,4.495,348.0
1571.15,4.489,350.0
1562.75,4.465,350.0
1594.6956,4.482,355.8
1585.92,4.48,354.0
1588.0185,4.467,355.5
1607.0524,4.469,359.6
1558.4364,4.486,347.4
1584.4562,4.462,355.1
1584.2736,4.464,354.9
1628.7502,4.466,364.7
1606.1472,4.464,359.8
1596.9525,4.467,357.5
1606.32,4.462,360.0
1615.9112,4.454,362.8
1596.7737,4.469,357.3
1607.6399,4.457,360.7
1592.8447,4.463,356.9
1631.7872,4.456,366.2
1604.1872,4.466,359.2
1562.5716,4.476,349.1
1607.0656,4.484,358.4
1611.3712,4.486,359.2
1589.2235,4.483,354.5
1565.5143,4.487,348.9
1566.6105,4.485,349.3
1565.5626,4.491,348.6
1602.93,4.49,357.0
1556.5046,4.474,347.9
1582.499,4.483,353.0
1596.8122,4.493,355.4
1552.0896,4.491,345.6
1593.3802,4.462,357.1
1578.235,4.49,351.5
1597.8459,4.467,357.7
1577.9416,4.493,351.2
1587.5442,4.477,354.6
1557.3764,4.492,346.7
1572.8024,4.472,351.7
1560.5616,4.496,347.1
1551.035,4.475,346.6
1614.3057,4.473,360.9
1586.5868,4.468,355.1
1605.0908,4.486,357.8
1579.5804,4.476,352.9
1596.861,4.473,357.0
1598.546,4.484,356.5
1600.422,4.458,359.0
1589.896,4.466,356.0
1641.5432,4.468,367.4
1618.4784,4.466,362.4
1641.1437,4.473,366.9
1555.7575,4.477,347.5
1583.3332,4.493,352.4
1553.1264,4.494,345.6
1573.5349,4.469,352.1
1574.5446,4.491,350.6
1591.9876,4.487,354.8
1571.2332,4.479,350.8
1569.5526,4.487,349.8
1580.1616,4.484,352.4
1569.3015,4.485,349.9
1574.272,4.48,351.4
1559.25,4.5,346.5
1577.038,4.465,353.2
1583.3332,4.493,352.4
1585.4925,4.475,354.3
1586.735,4.495,353.0
1584.0335,4.481,353.5
1555.5123,4.497,345.9
1595.5191,4.473,356.7
1558.6384,4.484,347.6
1601.883,4.506,355.5
1575.718,4.46,353.3
1603.4816,4.474,358.4
1590.9544,4.474,355.6
1613.223,4.47,360.9
1590.3465,4.461,356.5
1583.7355,4.465,354.7
1631.1456,4.464,365.4
1640.6496,4.468,367.2
1587.8499,4.459,356.1
1609.4434,4.462,360.7
1564.6662,4.482,349.1
1578.3324,4.489,351.6
1571.427,4.477,351.0
1573.3945,4.489,350.5
1566.8604,4.487,349.2
1566.9099,4.491,348.9
1612.0868,4.483,359.6
1545.9081,4.477,345.3
1599.259,4.486,356.5
1574.6568,4.476,351.8
1608.321,4.485,358.6
1592.4878,4.462,356.9
1581.4386,4.494,351.9
1579.675,4.475,353.0
1582.8839,4.493,352.3
1555.007,4.462,348.5
1539.9105,4.483,343.5
1574.3472,4.493,350.4
1552.4352,4.492,345.6
1550.016,4.485,345.6
1592.4832,4.496,354.2
1557.1006,4.477,347.8
1608.9381,4.473,359.7
1601.3244,4.463,358.8
1578.5604,4.482,352.2
1626.1308,4.476,363.3
1620.729,4.455,363.8
1615.7742,4.461,362.2
1619.706,4.462,363.0
1580.3483,4.463,354.1
1626.9136,4.472,363.8
1588.7752,4.483,354.4
1575.0346,4.486,351.1
1563.0616,4.471,349.6
1602.1241,4.489,356.9
1582.6892,4.481,353.2
1568.9055,4.489,349.5
1581.4344,4.456,354.9
1586.2212,4.491,353.2
1615.011,4.47,361.3
1573.9125,4.465,352.5
1579.776,4.488,352.0
1605.8952,4.472,359.1
1544.9454,4.482,344.7
1584.859,4.505,351.8
1552.3992,4.488,345.9
1574.8494,4.497,350.2
1564.0133,4.493,348.1
1566.4117,4.487,349.1
1576.4775,4.485,351.5
1559.5965,4.501,346.5
1588.8467,4.487,354.1
1550.775,4.495,345.0
1572.831,4.481,351.0
1568.2982,4.463,351.4
1650.8728,4.457,370.4
1587.205,4.471,355.0
1582.488,4.464,354.5
1588.3817,4.463,355.9
1631.7504,4.473,364.8
1586.4392,4.484,353.8
1597.7504,4.478,356.8
1577.3912,4.466,353.2
1596.5919,4.461,357.9
1558.7391,4.483,347.7
1568.2931,4.477,350.3
1582.4346,4.493,352.2
1608.276,4.46,360.6
1567.5925,4.475,350.3
1598.646,4.478,357.0
1569.864,4.47,351.2
1582.6284,4.491,352.4
1590.5684,4.483,354.8
1562.3734,4.487,348.2
1566.2121,4.489,348.9
1567.6896,4.474,350.4
1580.442,4.495,351.6
1566.6,4.476,350.0
1589.5278,4.494,353.7
1550.6884,4.474,346.6
1591.3254,4.494,354.1
1566.5112,4.486,349.2
1584.7776,4.492,352.8
1562.2256,4.484,348.4
1576.5937,4.493,350.9
1566.3845,4.469,350.5
1605.4276,4.462,359.8
1577.6705,4.463,353.5
1630.8876,4.478,364.2
1597.6656,4.464,357.9
1572.4507,4.471,351.7
1595.785,4.475,356.6
1606.3424,4.472,359.2
1551.537,4.47,347.1
1593.995,4.475,356.2
1611.398,4.46,361.3
1606.1728,4.448,361.1
1581.0584,4.484,352.6
1604.1025,4.487,357.5
1610.474,4.486,359.0
1546.0686,4.497,343.8
1588.398,4.487,354.0
1589.335,4.477,355.0
1570.8524,4.492,349.7
1582.6195,4.477,353.5
1565.3143,4.489,348.7
1562.2256,4.484,348.4
1568.5032,4.484,349.8
1574.8779,4.483,351.3
1574.8779,4.483,351.3
1549.7731,4.483,345.7
1603.5691,4.483,357.7
1549.9374,4.477,346.2
1611.6391,4.493,358.7
1595.6999,4.471,356.9
1561.9104,4.496,347.4
1589.7827,4.477,355.1
1564.1187,4.483,348.9
1595.88,4.464,357.5
1617.265,4.475,361.4
1623.504,4.47,363.2
1602.4885,4.465,358.9
1585.6204,4.459,355.6
1589.2235,4.483,354.5
1576.362,4.453,354.0
1630.9017,4.467,365.1
1615.0498,4.459,362.2
1618.6655,4.453,363.5
1577.317,4.462,353.5
1578.6234,4.486,351.9
1582.9473,4.483,353.1
1554.3351,4.491,346.1
1582.5942,4.482,353.1
1542.2562,4.482,344.1
1566.208,4.48,349.6
1574.0396,4.487,350.8
1564.567,4.483,349.0
1589.2954,4.487,354.2
1614.966,4.46,362.1
1586.382,4.494,353.0
1578.1911,4.467,353.3
1589.336,4.496,353.5
1575.2292,4.484,351.3
1585.323,4.491,353.0
1577.4375,4.475,352.5
1560.5616,4.496,347.1
1570.1424,4.481,350.4
1534.3595,4.493,341.5
1598.828,4.466,358.0
1560.084,4.483,348.0
1598.646,4.478,357.0
1602.5834,4.469,358.6
1627.4104,4.466,364.4
1600.7774,4.489,356.6
1623.0275,4.465,363.5
1637.8134,4.453,367.8
1590.2304,4.477,355.2
1597.9216,4.456,358.6
1625.5488,4.456,364.8
1588.191,4.47,355.3
1609.0256,4.472,359.8
1543.2564,4.481,344.4
1585.836,4.495,352.8
1593.95,4.49,355.0
1593.969,4.485,355.4
1584.858,4.477,354.0
1571.85,4.491,350.0
1567.059,4.485,349.4
1584.615,4.47,354.5
1581.672,4.468,354.0
1571.2488,4.488,350.1
1595.3445,4.465,357.3
1561.0806,4.482,348.3
1567.35,4.5,348.3
1593.6282,4.479,355.8
1576.7676,4.482,351.8
1568.0,4.48,350.0
1556.234,4.49,346.6
1563.5087,4.471,349.7
1547.5232,4.496,344.2
1760.707,4.369,403.0
1586.816,4.48,354.2
1594.3398,4.481,355.8
1640.8875,4.465,367.5
1621.7014,4.454,364.1
1640.7765,4.455,368.3
1637.6022,4.467,366.6
1594.0866,4.454,357.9
1599.5392,4.463,358.4
1630.6563,4.459,365.7
1580.2384,4.469,353.6
1614.7352,4.468,361.4
1601.2446,4.474,357.9
1575.5196,4.481,351.6
1573.9818,4.469,352.2
1557.0006,4.478,347.7
1590.6415,4.487,354.5
1574.5912,4.472,352.1
1604.646,4.476,358.5
1568.1956,4.478,350.2
1601.5122,4.471,358.2
1551.09,4.47,347.0
1635.2829,4.479,365.1
1545.5369,4.463,346.3
1572.398,4.49,350.2
1566.8919,4.473,350.3
1560.7662,4.494,347.3
1583.6088,4.476,353.8
1557.7848,4.488,347.1
1568.5844,4.474,350.6
1576.9988,4.498,350.6
1560.6225,4.491,347.5
1559.4786,4.489,347.4
1547.5968,4.478,345.6
1599.0938,4.478,357.1
1582.0532,4.459,354.8
1593.1985,4.469,356.5
1644.5006,4.447,369.8
1610.421,4.461,361.0
1616.4986,4.463,362.2
1602.3042,4.462,359.1
1597.6656,4.464,357.9
1600.7972,4.474,357.8
1569.6618,4.458,352.1
1579.9779,4.467,353.7
1595.37,4.494,355.0
1553.2254,4.471,347.4
1582.784,4.48,353.3
1591.9407,4.473,355.9
1571.7398,4.483,350.6
1607.1555,4.483,358.5
1578.731,4.466,353.5
1597.7108,4.493,355.6
1615.2249,4.483,360.3
1583.5352,4.472,354.1
1576.5744,4.484,351.6
1553.194,4.489,346.0
1592.214,4.47,356.2
1583.3004,4.484,353.1
1575.4856,4.472,352.3
1582.1936,4.472,353.8
1569.2248,4.472,350.9
1552.2585,4.485,346.1
1576.029,4.485,351.4
1546.1464,4.492,344.2
1548.512,4.46,347.2
1630.9711,4.477,364.3
1623.2394,4.457,364.2
1640.2848,4.438,369.6
1610.2672,4.468,360.4
1599.7212,4.466,358.2
1568.8392,4.462,351.6
1600.0794,4.467,358.2
1589.9865,4.465,356.1
1605.4522,4.477,358.6
1600.236,4.455,359.2
1563.159,4.47,349.7
1569.3544,4.489,349.6
1588.9119,4.467,355.7
1576.6376,4.474,352.4
1600.0642,4.487,356.6
1568.9058,4.466,351.3
1589.2954,4.487,354.2
1603.0303,4.469,358.7
1584.9297,4.481,353.7
1548.5085,4.469,346.5
1564.7168,4.486,348.8
1589.7042,4.473,355.4
1562.6209,4.489,348.1
1558.8914,4.477,348.2
1579.8727,4.487,352.1
1572.6736,4.478,351.2
1559.7243,4.491,347.3
1555.5796,4.492,346.3
1550.8102,4.486,345.7
1572.9625,4.475,351.5
1527.6588,4.476,341.3
1603.4708,4.489,357.2
1595.606,4.457,358.0
1634.251,4.453,367.0
1621.8204,4.458,363.8
1596.8614,4.463,357.8
1595.0762,4.463,357.4
1599.0082,4.469,357.8
1583.9187,4.463,354.9
1622.55,4.476,362.5
1593.4688,4.466,356.8
1606.965,4.47,359.5
1619.756,4.456,363.5
1583.5638,4.462,354.9
1556.9459,4.483,347.3
1592.032,4.472,356.0
1577.5038,4.479,352.2
1574.4883,4.487,350.9
1571.7398,4.483,350.6
1564.2081,4.473,349.7
1605.8108,4.478,358.6
1576.064,4.48,351.8
1570.725,4.475,351.0
1599.808,4.48,357.1
1584.0066,4.486,353.1
1556.0572,4.474,347.8
1587.3104,4.489,353.6
1566.1524,4.476,349.9
1594.9206,4.494,354.9
1548.4131,4.461,347.1
1577.9416,4.493,351.2
1559.6,4.456,350.0
1619.1406,4.474,361.9
1555.8561,4.467,348.3
1641.0632,4.474,366.8
1616.832,4.48,360.9
1588.9934,4.471,355.4
1621.2507,4.443,364.9
1603.3815,4.465,359.1
1599.4551,4.469,357.9
1596.2375,4.465,357.5
1596.234,4.46,357.9
1615.5951,4.447,363.3
1620.0372,4.458,363.4
1584.182,4.465,354.8
1581.7241,4.477,353.3
1599.972,4.488,356.5
1590.6132,4.463,356.4
1583.4906,4.482,353.3
1598.5602,4.474,357.3
1571.4223,4.463,352.1
1558.8405,4.473,348.5
1587.9272,4.468,355.4
1596.7373,4.489,355.7
1566.0626,4.486,349.1
1593.5475,4.475,356.1
1556.6994,4.481,347.4
1558.4364,4.486,347.4
1565.4636,4.483,349.2
1587.7302,4.494,353.3
1589.6496,4.488,354.2
1581.827,4.49,352.3
1563.9676,4.489,348.4
1572.546,4.47,351.8
1571.6012,4.498,349.4
1597.3848,4.482,356.4
1554.0693,4.467,347.9
1606.7896,4.472,359.3
1626.2691,4.469,363.9
1594.9861,4.469,356.9
1587.915,4.473,355.0
1594.7988,4.476,356.3
1590.0794,4.459,356.6
1593.8264,4.462,357.2
1596.5674,4.486,355.9
1576.4043,4.467,352.9
1576.8073,4.453,354.1
1599.8912,4.484,356.8
1578.4704,4.464,353.6
1571.051,4.49,349.9
1575.7694,4.469,352.6
1554.6146,4.466,348.1
1576.569,4.47,352.7
1563.5708,4.484,348.7
1575.5805,4.485,351.3
1599.9921,4.473,357.7
1563.6704,4.483,348.8
1611.3708,4.491,358.8
1556.0493,4.483,347.1
1602.4905,4.485,357.3
1560.832,4.48,348.4
1580.4178,4.486,352.3
1560.583,4.478,348.5
1623.7702,4.493,361.4
1565.811,4.461,351.0
1571.7508,4.492,349.9
1549.4023,4.469,346.7
1582.4688,4.488,352.6
1555.908,4.471,348.0
1603.7499,4.481,357.9
1572.2595,4.473,351.5
1587.205,4.471,355.0
1616.352,4.47,361.6
1628.5644,4.479,363.6
1585.024,4.48,353.8
1576.5174,4.461,353.4
1633.4195,4.469,365.5
1614.34,4.435,364.0
1605.6,4.46,360.0
1601.8706,4.477,357.8
1555.3098,4.477,347.4
1570.1808,4.476,350.8
1564.2682,4.486,348.7
1590.1612,4.468,355.9
1563.3135,4.473,349.5
1574.8392,4.488,350.9
1555.7022,4.482,347.1
1579.8636,4.473,353.2
1572.6935,4.487,350.5
1551.9504,4.488,345.8
1547.6147,4.469,346.3
1600.1562,4.486,356.7
1565.1027,4.473,349.9
1611.551,4.489,359.0
1542.1197,4.479,344.3
1615.4005,4.481,360.5
1534.0575,4.479,342.5
1590.2432,4.472,355.6
1557.3764,4.492,346.7
1583.8893,4.473,354.1
1569.3825,4.475,350.7
1619.1585,4.479,361.5
1596.4005,4.453,358.5
1590.9408,4.479,355.2
1588.2328,4.484,354.2
1626.0345,4.461,364.5
1615.9937,4.453,362.9
1623.36,4.45,364.8
1619.436,4.449,364.0
1601.9149,4.451,359.9
1588.9205,4.457,356.5
1595.5114,4.478,356.3
1550.772,4.482,346.0
1570.2036,4.494,349.4
1591.9407,4.473,355.9
1573.5692,4.478,351.4
1588.8873,4.477,354.9
1592.2684,4.484,355.1
1608.8592,4.484,358.8
1565.5088,4.478,349.6
1565.355,4.475,349.8
1574.1001,4.463,352.7
1565.8128,4.484,349.2
1556.54,4.46,349.0
1590.1928,4.487,354.4
1550.4424,4.472,346.7
1571.4009,4.491,349.9
1579.194,4.461,354.0
1566.0117,4.491,348.7
1580.832,4.491,352.0
1566.2121,4.489,348.9
1576.1902,4.474,352.3
1575.6776,4.484,351.4
1615.437,4.465,361.8
1589.7042,4.473,355.4
1584.7996,4.468,354.7
1594.7152,4.472,356.6
1599.5304,4.458,358.8
1594.0944,4.464,357.1
1602.6144,4.448,360.3
1589.544,4.46,356.4
1593.3802,4.462,357.1
1601.5122,4.471,358.2
1578.6563,4.481,352.3
1578.4296,4.488,351.7
1590.7356,4.486,354.6
1595.8677,4.479,356.3
1562.071,4.49,347.9
1557.0297,4.491,346.7
1569.2028,4.486,349.8
1565.9566,4.478,349.7
1593.4688,4.466,356.8
1614.1325,4.475,360.7
1585.0338,4.494,352.7
1585.045,4.475,354.2
1583.8792,4.492,352.6
1589.0028,4.466,355.8
1552.4352,4.492,345.6
1578.2928,4.494,351.2
1549.7936,4.474,346.4
1592.0064,4.482,355.2
1562.7738,4.483,348.6
1596.9233,4.487,355.9
1560.7323,4.481,348.3
1599.152,4.492,356.0
1581.2526,4.458,354.7
1581.9828,4.479,353.2
1613.94,4.44,363.5
1611.6936,4.467,360.8
1629.6434,4.466,364.9
1608.675,4.45,361.5
1626.8574,4.478,363.3
1627.26,4.44,366.5
1610.5525,4.475,359.9
1614.564,4.47,361.2
1584.3366,4.473,354.2
1567.3,4.478,350.0
1556.405,4.475,347.8
1582.0774,4.478,353.3
1577.9808,4.488,351.6
1607.6934,4.482,358.7
1574.5446,4.491,350.6
1584.615,4.47,354.5
1564.5168,4.488,348.6
1592.661,4.47,356.3
1565.46,4.46,351.0
1580.929,4.49,352.1
1543.875,4.475,345.0
1602.3077,4.487,357.1
1561.9104,4.496,347.4
1598.2003,4.463,358.1
1542.84,4.485,344.0
1570.8987,4.487,350.1
1538.698,4.486,343.0
1586.816,4.48,354.2
1558.885,4.486,347.5
1548.6324,4.494,344.6
1592.214,4.47,356.2
1577.5324,4.474,352.6
1581.5952,4.464,354.3
1606.3332,4.467,359.6
1613.651,4.465,361.4
1639.316,4.445,368.8
1615.0966,4.469,361.4
1593.2724,4.478,355.8
1617.5852,4.466,362.2
1586.6784,4.467,355.2
1605.7992,4.468,359.4
1559.6874,4.478,348.3
1557.0297,4.491,346.7
1562.9224,4.486,348.4
1585.3778,4.481,353.8
1567.3392,4.473,350.4
1599.9894,4.478,357.3
1549.9484,4.459,347.6
1599.7995,4.485,356.7
1548.3618,4.457,347.4
1592.3768,4.478,355.6
1537.9536,4.476,343.6
1605.0942,4.481,358.2
1546.4176,4.472,345.8
1582.5649,4.487,352.7
1554.6812,4.492,346.1
1579.424,4.487,352.0
1563.912,4.494,348.0
1575.7428,4.474,352.2
1567.8081,4.491,349.1
1566.3602,4.483,349.4
1585.3057,4.477,354.1
1579.0845,4.467,353.5
1606.6055,4.469,359.5
1606.7064,4.478,358.8
1652.9513,4.459,370.7
1651.2468,4.452,370.9
1601.8458,4.457,359.4
1575.9784,4.462,353.2
1655.8408,4.468,370.6
1566.352,4.46,351.2
1581.9705,4.455,355.1
1582.1936,4.472,353.8
1614.9252,4.471,361.2
1559.377,4.49,347.3
1613.223,4.47,360.9
1566.7542,4.479,349.8
1568.8739,4.471,350.9
1571.5236,4.476,351.1
1592.4546,4.482,355.3
1577.3424,4.476,352.4
1583.5149,4.477,353.7
1603.828,4.465,359.2
1561.0716,4.491,347.6
1590.3465,4.461,356.5
1571.3474,4.487,350.2
1559.7351,4.473,348.7
1564.4165,4.489,348.5
1545.2175,4.475,345.3
1579.8092,4.483,352.4
1545.4969,4.481,344.9
1593.3124,4.492,354.7
1546.7728,4.486,344.8
1562.9426,4.463,350.2
1577.312,4.481,352.0
1579.3446,4.469,353.4
1586.422,4.46,355.7
1600.4376,4.468,358.2
1590.078,4.454,357.0
1645.4592,4.452,369.6
1604.4159,4.453,360.3
1589.6304,4.464,356.1
1646.748,4.47,368.4
1593.1914,4.474,356.1
1600.4082,4.453,359.4
1579.675,4.475,353.0
1546.0104,4.476,345.4
1594.773,4.486,355.5
1576.4746,4.471,352.6
1580.7784,4.468,353.8
1572.928,4.48,351.1
1590.4748,4.484,354.7
1562.6209,4.489,348.1
1577.3912,4.466,353.2
1586.868,4.46,355.8
1589.2422,4.478,354.9
1545.3802,4.469,345.8
1572.1007,4.493,349.9
1549.8756,4.482,345.8
1611.0874,4.474,360.1
1564.765,4.49,348.5
1548.7975,4.475,346.1
1558.0956,4.476,348.1
1570.6284,4.476,350.9
1552.0748,4.478,346.6
1591.2031,4.481,355.1
1583.0261,4.463,354.7
1600.6144,4.466,358.4
1613.4592,4.462,361.6
1604.5464,4.467,359.2
1638.427,4.445,368.6
1619.7584,4.472,362.2
1577.1483,4.459,353.7
1594.0944,4.464,357.1
1566.0667,4.463,350.9
1589.532,4.47,355.6
1590.1669,4.463,356.3
1559.3864,4.472,348.7
1567.158,4.484,349.5
1585.3383,4.467,354.9
1551.7282,4.477,346.6
1604.3778,4.479,358.2
1591.5058,4.463,356.6
1583.1048,4.467,354.4
1560.4204,4.466,349.4
1634.19,4.465,366.0
1571.8686,4.463,352.2
1583.9388,4.482,353.4
1560.1824,4.473,348.8
1575.9318,4.486,351.3
1566.1913,4.471,350.3
1575.8344,4.487,351.2
1576.439,4.49,351.1
1583.8152,4.488,352.9
1569.321,4.471,351.0
1564.567,4.483,349.0
1554.5667,4.471,347.7
1544.5298,4.486,344.3
1583.655,4.461,355.0
1604.5352,4.462,359.6
1593.816,4.452,358.0
1609.2,4.47,360.0
1617.6695,4.465,362.3
1596.3268,4.469,357.2
1575.228,4.47,352.4
1598.828,4.466,358.0
1589.544,4.46,356.4
1592.666,4.46,357.1
1589.8896,4.446,357.6
1565.0438,4.469,350.2
1570.725,4.475,351.0
1565.7684,4.452,351.7
1583.9388,4.482,353.4
1590.1669,4.463,356.3
1556.7032,4.472,348.1
1630.13,4.46,365.5
1565.7441,4.457,351.3
1570.0839,4.477,350.7
1602.939,4.485,357.4
1581.6073,4.459,354.7
1574.9748,4.482,351.4
1559.9319,4.471,348.9
1555.5567,4.479,347.3
1547.149,4.478,345.5
1590.964,4.469,356.0
1560.832,4.48,348.4
1588.191,4.47,355.3
1555.5567,4.479,347.3
1569.0659,4.469,351.1
1557.0513,4.473,348.1
1644.7494,4.467,368.2
1623.8079,4.433,366.3
1619.9198,4.454,363.7
1578.6846,4.437,355.8
1577.502,4.46,353.7
1617.223,4.465,362.2
1572.2208,4.464,352.2
1597.131,4.47,357.3
1587.6699,4.461,355.9
1589.4276,4.476,355.1
1580.5432,4.456,354.7
1593.6466,4.459,357.4
1555.5567,4.479,347.3
1589.9008,4.456,356.8
1583.5352,4.472,354.1
1626.6008,4.454,365.2
1557.0828,4.459,349.2
1613.5658,4.466,361.3
1576.9446,4.466,353.1
1557.6964,4.471,348.4
1572.032,4.48,350.9
1553.3028,4.452,348.9
1566.5576,4.481,349.6
1554.8621,4.477,347.3
1562.4596,4.468,349.7
1569.2248,4.472,350.9
1599.8095,4.465,358.3
1560.4836,4.479,348.4
1560.2256,4.468,349.2
1561.1299,4.477,348.7
1577.1798,4.473,352.6
1560.1842,4.482,348.1
1618.7824,4.457,363.2
1596.7461,4.449,358.9
1614.7404,4.452,362.7
1617.2865,4.437,364.5
1621.2156,4.449,364.4
1607.533,4.453,361.0
1577.5942,4.459,353.8
1617.642,4.46,362.7
1585.7948,4.462,355.4
1593.3789,4.467,356.7
1604.7762,4.454,360.3
1559.469,4.462,349.5
1592.388,4.473,356.0
1590.7818,4.471,355.8
1561.6632,4.467,349.6
1602.8051,4.451,360.1
1558.2632,4.456,349.7
1604.9931,4.467,359.3
1568.7919,4.453,352.3
1588.625,4.475,355.0
1565.7158,4.462,350.9
1593.6454,4.469,356.6
1564.9075,4.475,349.7
1538.0575,4.475,343.7
1564.8234,4.462,350.7
1561.5288,4.482,348.4
1561.8734,4.474,349.1
1578.016,4.483,352.0
1575.0642,4.467,352.6
1556.0493,4.483,347.1
1562.5168,4.472,349.4
1569.0912,4.478,350.4
1566.864,4.464,351.0
1590.594,4.443,358.0
1621.3373,4.453,364.1
1622.5328,4.438,365.6
1569.07,4.45,352.6
1640.331,4.455,368.2
1583.3991,4.449,355.9
1612.587,4.467,361.0
1626.2356,4.453,365.2
1592.9318,4.457,357.4
1592.3928,4.453,357.6
1570.1778,4.462,351.9
1565.5872,4.468,350.4
1558.39,4.45,350.2
1554.516,4.467,348.0
1601.4232,4.472,358.1
1587.5832,4.452,356.6
1569.799,4.466,351.5
1622.8752,4.456,364.2
1574.733,4.461,353.0
1563.7176,4.478,349.2
1581.7647,4.467,354.1
1563.1344,4.461,350.4
1561.3275,4.475,348.9
1549.9999,4.463,347.3
1577.8159,4.471,352.9
1558.0437,4.481,347.7
1584.858,4.477,354.0
1544.6288,4.472,345.4
1555.2621,4.473,347.7
1583.5721,4.457,355.3
1558.8405,4.473,348.5
1600.5952,4.456,359.2
1596.7728,4.464,357.7
1606.7844,4.446,361.4
1640.9664,4.464,367.6
1614.4986,4.433,364.2
1580.1084,4.446,355.4
1597.7216,4.448,359.2
1598.7992,4.451,359.2
1584.1098,4.446,356.3
1609.6989,4.443,362.3
1569.4568,4.436,353.8
1566.322,4.465,350.8
1556.7495,4.467,348.5
1564.1505,4.455,351.1
1588.4544,4.472,355.2
1582.9012,4.474,353.8
1570.311,4.47,351.3
1590.16,4.448,357.5
1566.8235,4.455,351.7
1569.096,4.464,351.5
1559.0586,4.457,349.8
1568.393,4.462,351.5
1568.4566,4.489,349.4
1563.9558,4.471,349.8
1579.2648,4.484,352.2
1590.507,4.474,355.5
1546.1125,4.475,345.5
1557.878,4.46,349.3
1544.198,4.463,346.0
1564.567,4.483,349.0
1538.537,4.466,344.5
1600.6068,4.461,358.8
1574.9188,4.459,353.2
1593.2834,4.453,357.8
1610.9829,4.449,362.1
1591.0037,4.433,358.9
1598.7259,4.457,358.7
1607.533,4.453,361.0
1616.9292,4.447,363.6
1617.492,4.44,364.3
1591.1366,4.447,357.8
1622.8346,4.451,364.6
1558.835,4.45,350.3
1591.3815,4.439,358.5
1548.1152,4.464,346.8
1600.8844,4.468,358.3
1553.6226,4.467,347.8
1638.4464,4.462,367.2
1570.2357,4.447,353.1
1585.968,4.465,355.2
1561.371,4.47,349.3
1547.8628,4.453,347.6
1565.2572,4.476,349.7
1580.964,4.466,354.0
1554.7616,4.478,347.2
1565.9,4.474,350.0
1561.0308,4.478,348.6
1584.7405,4.483,353.5
1563.7608,4.473,349.6
1583.6436,4.466,354.6
1550.1446,4.457,347.8
1602.5834,4.469,358.6
1550.2242,4.447,348.6
1605.2712,4.474,358.8
1553.418,4.46,348.3
1604.6056,4.456,360.1
1616.4438,4.442,363.9
1580.9031,4.437,356.3
1570.85,4.45,353.0
1594.5927,4.443,358.9
1616.888,4.442,364.0
1604.16,4.456,360.0
1602.9946,4.454,359.9
1621.7014,4.454,364.1
1576.0168,4.447,354.4
1588.1016,4.441,357.6
1598.7346,4.462,358.3
1547.0748,4.461,346.8
1602.2052,4.458,359.4
1597.0974,4.429,360.6
1568.393,4.462,351.5
1583.6088,4.476,353.8
1555.2992,4.459,348.8
1566.864,4.464,351.0
1546.5189,4.471,345.9
1615.04,4.48,360.5
1554.2665,4.465,348.1
1572.611,4.474,351.5
1549.5536,4.463,347.2
1568.1721,4.469,350.9
1546.8271,4.459,346.9
1601.9542,4.466,358.7
1542.814,4.459,346.0
1608.5313,4.457,360.9
1549.7936,4.474,346.4
1590.9544,4.474,355.6
1544.2982,4.462,346.1
1638.1812,4.454,367.8
1599.704,4.456,359.0
1643.4606,4.449,369.4
1570.9992,4.458,352.4
1575.308,4.445,354.4
1595.5836,4.447,358.8
1591.9521,4.463,356.7
1580.8979,4.457,354.7
1576.716,4.454,354.0
1639.2846,4.457,367.8
1623.4401,4.449,364.9
1615.905,4.47,361.5
1580.0862,4.461,354.2
1592.205,4.475,355.8
1581.2603,4.453,355.1
1566.1201,4.453,351.7
1566.6,4.476,350.0
1588.8096,4.473,355.2
1574.0487,4.473,351.9
1571.3302,4.478,350.9
1568.3637,4.467,351.1
1555.3108,4.468,348.1
1577.557,4.469,353.0
1590.5076,4.444,357.9
1558.0333,4.463,349.1
1606.6055,4.469,359.5
1599.186,4.467,358.0
1552.5783,4.473,347.1
1574.4287,4.469,352.3
1545.1353,4.467,345.9
1585.7534,4.477,354.2
1577.557,4.469,353.0
1591.328,4.46,356.8
1589.9865,4.465,356.1
1592.9318,4.457,357.4
1588.9898,4.441,357.8
1599.0846,4.458,358.7
1643.244,4.44,370.1
1605.1992,4.449,360.8
1581.0865,4.445,355.7
1626.8405,4.451,365.5
1590.7788,4.446,357.8
1648.0553,4.453,370.1
1593.108,4.47,356.4
1577.79,4.476,352.5
1571.3516,4.459,352.4
1567.436,4.472,350.5
1576.5915,4.465,353.1
1583.8136,4.469,354.4
1562.4963,4.463,350.1
1557.1006,4.477,347.8
1592.842,4.468,356.5
1577.7888,4.452,354.4
1578.2376,4.476,352.6
1584.3732,4.458,355.4
1553.2725,4.475,347.1
1580.8194,4.443,355.8
1581.087,4.479,353.0
1570.8535,4.469,351.5
1546.4176,4.472,345.8
1576.029,4.485,351.4
1551.9735,4.479,346.5
1586.7698,4.466,355.3
1568.6762,4.459,351.8
1583.3808,4.464,354.7
1570.9992,4.458,352.4
1575.756,4.44,354.9
1631.7872,4.456,366.2
1593.291,4.463,357.0
1615.1504,4.447,363.2
1590.1663,4.453,357.1
1585.8766,4.466,355.1
1602.9946,4.454,359.9
1593.891,4.446,358.5
1571.0336,4.448,353.2
1570.2456,4.466,351.6
1595.2464,4.476,356.4
1596.4974,4.457,358.2
1607.2266,4.467,359.8
1574.265,4.466,352.5
1602.6759,4.473,358.3
1597.2192,4.464,357.8
1574.0764,4.468,352.3
1569.321,4.471,351.0
1560.5175,4.465,349.5
1577.317,4.462,353.5
1571.9925,4.485,350.5
1562.624,4.48,348.8
1584.6456,4.484,353.4
1574.1132,4.477,351.6
1552.8693,4.479,346.7
1584.182,4.465,354.8
1560.1352,4.478,348.4
1559.95,4.457,350.0
1603.6596,4.482,357.8
1567.0812,4.457,351.6
1644.247,4.462,368.5
1592.655,4.45,357.9
1578.4065,4.455,354.3
1634.4753,4.467,365.9
1590.703,4.462,356.5
1592.217,4.455,357.4
1589.964,4.44,358.1
1609.993,4.466,360.5
1591.7715,4.455,357.3
1580.61,4.465,354.0
1657.803,4.435,373.8
1550.5346,4.453,348.2
1600.4372,4.478,357.4
1594.4445,4.455,357.9
1570.3374,4.479,350.6
1630.9416,4.461,365.6
1582.945,4.459,355.0
1572.736,4.468,352.0
1578.0472,4.478,352.4
1589.1648,4.474,355.2
1565.5248,4.464,350.7
1598.6504,4.468,357.8
1579.3609,4.483,352.3
1566.9593,4.463,351.1
1570.3949,4.483,350.3
1558.0448,4.472,348.4
1608.4976,4.478,359.2
1569.3798,4.461,351.8
1584.0066,4.486,353.1
1575.6048,4.466,352.8
1614.6795,4.479,360.5
1576.008,4.452,354.0
1634.6352,4.476,365.2
1601.0046,4.446,360.1
1592.21,4.45,357.8
1605.8952,4.472,359.1
1593.7299,4.473,356.3
1609.122,4.476,359.5
1609.7184,4.464,360.6
1648.416,4.46,369.6
1617.0102,4.446,363.7
1603.6722,4.446,360.7
1617.4453,4.457,362.9
1595.325,4.45,358.5
1585.1382,4.474,354.3
1623.804,4.461,364.0
1582.8075,4.475,353.7
1600.694,4.46,358.9
1584.8768,4.472,354.4
1587.8055,4.479,354.5
1581.9125,4.475,353.5
1615.7988,4.466,361.8
1596.3268,4.469,357.2
1611.7955,4.471,360.5
1564.6132,4.478,349.4
1576.7676,4.482,351.8
1591.9133,4.483,355.1
1556.6994,4.481,347.4
1616.2836,4.476,361.1
1558.5906,4.471,348.6
1618.9096,4.487,360.8
1568.4875,4.475,350.5
1626.7952,4.484,362.8
1578.3018,4.461,353.8
1608.4089,4.479,359.1
1633.124,4.456,366.5
1625.8326,4.458,364.7
1581.962,4.46,354.7
1592.1309,4.461,356.9
1610.3358,4.462,360.9
1606.965,4.47,359.5
1603.653,4.467,359.0
1602.217,4.463,359.0
1596.684,4.465,357.6
1629.6033,4.461,365.3
1629.0762,4.462,365.1
1601.0652,4.476,357.7
1624.425,4.475,363.0
1592.305,4.454,357.5
1608.4108,4.484,358.7
1606.518,4.47,359.4
1590.0984,4.488,354.3
1592.154,4.49,354.6
1593.291,4.463,357.0
1586.2011,4.477,354.3
1624.896,4.48,362.7
1581.3927,4.471,353.7
1607.42,4.475,359.2
1556.952,4.474,348.0
1592.3192,4.493,354.4
1577.317,4.462,353.5
1585.868,4.49,353.2
1604.5008,4.452,360.4
1585.0659,4.489,353.1
1599.0846,4.458,358.7
1585.419,4.49,353.1
1628.3025,4.455,365.5
1597.8422,4.462,358.1
1600.0732,4.462,358.6
1578.4272,4.474,352.8
1608.4652,4.463,360.4
1630.7381,4.469,364.9
1633.5396,4.473,365.2
1602.048,4.47,358.4
1636.1358,4.463,366.6
1657.9302,4.458,371.9
1689.448,4.46,378.8
1620.2835,4.455,363.7
1602.1332,4.484,357.3
1610.9124,4.476,359.9
1606.8798,4.491,357.8
1592.7168,4.484,355.2
1615.1274,4.479,360.6
1595.8799,4.469,357.1
1588.9412,4.486,354.2
1599.5232,4.488,356.4
1582.9947,4.473,353.9
1597.8207,4.487,356.1
1600.9752,4.477,357.6
1564.5168,4.488,348.6
1627.8911,4.471,364.1
1589.7441,4.487,354.3
1602.6716,4.468,358.7
1577.1516,4.478,352.2
1625.8125,4.485,362.5
1590.381,4.485,354.6
1594.66,4.492,355.0
1603.0341,4.479,357.9
1577.0832,4.488,351.4
1613.8584,4.473,360.8
1616.9996,4.457,362.8
1617.5224,4.472,361.7
1613.309,4.469,361.0
1626.5995,4.465,364.3
1646.9048,4.468,368.6
1623.5877,4.469,363.3
1658.6696,4.454,372.4
1668.3418,4.462,373.9
1613.4976,4.472,360.8
1600.707,4.47,358.1
1592.9028,4.482,355.4
1600.8793,4.483,357.1
1604.1025,4.487,357.5
1598.9818,4.489,356.2
1588.3466,4.478,354.7
1634.3522,4.474,365.3
1622.2176,4.464,363.4
1662.5384,4.474,371.6
1619.1187,4.469,362.3
1641.1056,4.479,366.4
1589.5549,4.489,354.1
1596.224,4.48,356.3
1603.5517,4.493,356.9
1604.277,4.49,357.3
1590.522,4.493,354.0
1604.1078,4.482,357.9
1602.573,4.489,357.0
1601.859,4.487,357.0
1583.0775,4.491,352.5
1590.0596,4.474,355.4
1613.3466,4.489,359.4
1611.0963,4.479,359.7
1641.8211,4.453,368.7
1617.416,4.468,362.0
1630.69,4.475,364.4
1671.1136,4.448,375.7
1644.513,4.47,367.9
1620.1809,4.467,362.7
1646.3796,4.469,368.4
1628.1404,4.484,363.1
1620.3296,4.481,361.6
1615.6732,4.483,360.4
1578.4888,4.492,351.4
1603.9299,4.479,358.1
1599.8988,4.479,357.2
1602.216,4.488,357.0
1646.0325,4.479,367.5
1605.7186,4.474,358.9
1615.2335,4.493,359.5
1608.4652,4.463,360.4
1604.277,4.49,357.3
1642.9376,4.484,366.4
1583.0424,4.482,353.2
1608.1272,4.497,357.6
1586.6032,4.487,353.6
1636.544,4.48,365.3
1589.011,4.49,353.9
1624.2195,4.493,361.5
1610.115,4.485,359.0
1596.8122,4.493,355.4
1591.4883,4.497,353.9
1613.9682,4.482,360.1
1607.5038,4.494,357.7
1619.706,4.462,363.0
1623.7228,4.478,362.6
1633.032,4.44,367.8
1683.3315,4.471,376.5
1647.3832,4.456,369.7
1653.7456,4.472,369.8
1659.7866,4.469,371.4
1661.6925,4.485,370.5
1602.8373,4.461,359.3
1628.3855,4.465,364.7
1641.7933,4.487,365.9
1601.9604,4.476,357.9
1629.849,4.485,363.4
1604.012,4.468,359.0
1596.7373,4.489,355.7
1615.7493,4.477,360.9
1598.016,4.48,356.7
1626.688,4.48,363.1
1635.8134,4.478,365.3
1608.9454,4.478,359.3
1653.489,4.481,369.0
1593.4436,4.481,355.6
1626.727,4.49,362.3
1614.392,4.472,361.0
1577.9196,4.484,351.9
1624.656,4.488,362.0
1593.052,4.49,354.8
1593.7616,4.492,354.8
1588.9412,4.486,354.2
1625.344,4.48,362.8
1584.8739,4.491,352.9
1610.382,4.492,358.5
1637.0745,4.479,365.5
1625.7065,4.465,364.1
1707.8625,4.465,382.5
1652.5083,4.453,371.1
1647.3704,4.462,369.2
1636.2621,4.467,366.3
1634.0688,4.472,365.4
1646.9829,4.467,368.7
1625.9528,4.462,364.4
1620.3975,4.475,362.1
1622.9125,4.477,362.5
1640.3728,4.477,366.4
1620.9779,4.489,361.1
1593.6671,4.493,354.7
1649.8699,4.487,367.7
1619.807,4.487,361.0
1662.1569,4.479,371.1
1610.28,4.473,360.0
1628.8666,4.486,363.1
1612.3968,4.464,361.2
1624.656,4.488,362.0
1629.207,4.482,363.5
1616.76,4.491,360.0
1597.1676,4.494,355.4
1640.8436,4.493,365.2
1597.9725,4.495,355.5
1582.6895,4.495,352.1
1579.617,4.485,352.2
1594.2542,4.501,354.2
1592.0064,4.482,355.2
1586.1888,4.496,352.8
1648.2744,4.456,369.9
1609.4815,4.477,359.5
1664.9204,4.478,371.8
1673.121,4.47,374.3
1670.5852,4.468,373.9
1646.301,4.47,368.3
1624.0346,4.469,363.4
1624.6776,4.472,363.3
1616.9895,4.473,361.5
1642.2444,4.476,366.9
1616.0523,4.463,362.1
1606.5578,4.454,360.7
1648.4796,4.482,367.8
1608.3931,4.469,359.9
1609.122,4.476,359.5
1600.707,4.47,358.1
1642.368,4.48,366.6
1630.768,4.49,363.2
1577.5038,4.479,352.2
1644.852,4.488,366.5
1653.2508,4.484,368.7
1608.5898,4.482,358.9
1609.21,4.495,358.0
1593.5458,4.499,354.2
1615.114,4.474,361.0
1605.9816,4.491,357.6
1631.217,4.49,363.3
1585.0952,4.498,352.4
1629.3974,4.469,364.6
1575.4563,4.477,351.9
1641.3446,4.487,365.8
1590.1612,4.468,355.9
1620.5364,4.494,360.6
1640.1168,4.452,368.4
1622.3571,4.473,362.7
1679.4054,4.482,374.7
1645.1176,4.468,368.2
1642.0014,4.479,366.6
1635.1169,4.481,364.9
1638.988,4.472,366.5
1645.371,4.459,369.0
1672.674,4.47,374.2
1642.9468,4.444,369.7
1646.1432,4.472,368.1
1612.717,4.486,359.5
1658.2176,4.472,370.8
1596.8446,4.483,356.2
1626.7728,4.479,363.2
1585.094,4.484,353.5
1628.5035,4.485,363.1
1599.351,4.485,356.6
1576.888,4.49,351.2
1628.2464,4.488,362.8
1608.6744,4.476,359.4
1626.175,4.486,362.5
1591.0167,4.483,354.9
1619.7298,4.498,360.1
1607.869,4.49,358.1
1620.9897,4.499,360.3
1590.6415,4.487,354.5
1601.4229,4.477,357.7
1631.9436,4.492,363.3
1601.0652,4.476,357.7
1589.6562,4.502,353.1
1617.6264,4.476,361.4
1601.0613,4.481,357.3
1665.8828,4.483,371.6
1612.5012,4.468,360.9
1622.4144,4.467,363.2
1641.384,4.47,367.2
1623.0825,4.475,362.7
1645.8252,4.476,367.7
1649.6014,4.462,369.7
1646.0895,4.467,368.5
1664.6172,4.458,373.4
1638.0256,4.456,367.6
1586.3445,4.485,353.7
1637.5285,4.495,364.3
1589.056,4.48,354.7
1606.483,4.505,356.6
1597.3936,4.477,356.8
1624.8544,4.496,361.4
1628.2632,4.493,362.4
1607.7824,4.486,358.4
1607.1461,4.493,357.7
1601.145,4.485,357.0
1618.9692,4.476,361.7
1610.6532,4.489,358.8
1576.2502,4.501,350.2
1636.6707,4.473,365.9
1618.2894,4.494,360.1
1576.4472,4.476,352.2
1611.6391,4.493,358.7
1584.2931,4.497,352.3
1613.0718,4.482,359.9
1580.3829,4.491,351.9
1604.5424,4.492,357.2
1614.9636,4.491,359.6
1587.9493,4.487,353.9
1626.8452,4.462,364.6
1624.725,4.482,362.5
1628.7853,4.471,364.3
1654.9326,4.474,369.9
1646.186,4.46,369.1
1638.8582,4.451,368.2
1621.1846,4.471,362.6
1614.9252,4.471,361.2
1638.745,4.475,366.2
1633.6548,4.493,363.6
1581.9552,4.484,352.8
1610.0235,4.491,358.5
1616.1215,4.483,360.5
1601.2364,4.484,357.1
1615.503,4.495,359.4
1599.5448,4.473,357.6
1639.633,4.486,365.5
1612.6236,4.482,359.8
1585.5148,4.489,353.2
1640.412,4.482,366.0
1582.4307,4.479,353.3
1635.1169,4.481,364.9
1570.0013,4.487,349.9
1623.4965,4.491,361.5
1576.512,4.48,351.9
1616.0424,4.494,359.6
1593.1461,4.489,354.9
1609.6575,4.475,359.7
1584.4875,4.495,352.5
1594.5657,4.493,354.9
1596.2115,4.485,355.9
1624.2556,4.477,362.8
1611.0745,4.469,360.5
1617.4536,4.478,361.2
1614.6666,4.474,360.9
1617.2474,4.454,363.1
1658.5118,4.474,370.7
1646.4158,4.457,369.4
1618.6932,4.474,361.8
1620.864,4.48,361.8
1632.3142,4.477,364.6
1613.696,4.48,360.2
1593.7824,4.487,355.2
1608.494,4.493,358.0
1592.2483,4.489,354.7
1600.236,4.49,356.4
1594.5657,4.493,354.9
1599.4888,4.498,355.6
1611.9683,4.469,360.7
1576.96,4.48,352.0
1637.8677,4.491,364.7
1588.9626,4.481,354.6
1622.25,4.5,360.5
1583.8136,4.469,354.4
1602.2038,4.493,356.6
1587.088,4.496,353.0
1602.4675,4.495,356.5
1596.5505,4.491,355.5
1557.4788,4.491,346.8
1592.9577,4.491,354.7
1577.4712,4.484,351.8
1638.3424,4.496,364.4
1592.0064,4.482,355.2
1645.6674,4.489,366.6
1651.0088,4.484,368.2
1626.8452,4.462,364.6
1622.3005,4.463,363.5
1644.0789,4.481,366.9
1623.7664,4.456,364.4
1626.3828,4.473,363.6
1596.0591,4.467,357.3
1617.778,4.469,362.0
1613.9585,4.477,360.5
1583.7825,4.493,352.5
1618.9974,4.486,360.9
1571.076,4.476,351.0
1623.4834,4.486,361.9
1565.1592,4.477,349.6
1612.987,4.493,359.0
1596.7635,4.479,356.5
1578.4296,4.488,351.7
1661.7858,4.478,371.1
1577.5038,4.479,352.2
1606.3284,4.497,357.2
1571.0386,4.481,350.6
1618.7334,4.489,360.6
1559.5203,4.493,347.1
1608.6688,4.496,357.8
1578.938,4.492,351.5
1562.2161,4.493,347.7
1614.7842,4.493,359.4
1601.2263,4.489,356.7
1603.9197,4.489,357.3
1568.853,4.485,349.8
1585.801,4.486,353.5
1613.685,4.475,360.6
1621.9944,4.472,362.7
1616.1606,4.467,361.8
1641.0168,4.469,367.2
1634.0643,4.461,366.3
1642.384,4.463,368.0
1641.3041,4.471,367.1
1643.4093,4.467,367.9
1613.8584,4.473,360.8
1594.6158,4.478,356.1
1604.8257,4.479,358.3
1602.917,4.495,356.6
1598.889,4.49,356.1
1568.5844,4.474,350.6
1599.1332,4.497,355.6
1611.9504,4.464,361.1
1581.9125,4.475,353.5
1609.3047,4.479,359.3
1619.7079,4.483,361.3
1585.3057,4.477,354.1
1595.297,4.49,355.3
1595.236,4.481,356.0
1573.7502,4.499,349.8
1585.5148,4.489,353.2
1601.398,4.492,356.5
1570.758,4.47,351.4
1585.5424,4.484,353.6
1559.6364,4.474,348.6
1593.832,4.496,354.5
1594.3765,4.495,354.7
1582.1015,4.501,351.5
1609.3578,4.463,360.6
1644.0912,4.464,368.3
1629.36,4.464,365.0
1584.8113,4.463,355.1
1644.0348,4.476,367.3
1617.5224,4.472,361.7
1593.9153,4.461,357.3
1619.226,4.473,362.0
1601.9593,4.471,358.3
1597.1275,4.475,356.9
1608.9454,4.478,359.3
1605.8106,4.483,358.2
1615.5852,4.484,360.3
1579.4847,4.491,351.7
1608.4089,4.479,359.1
1574.2391,4.471,352.1
1623.3096,4.488,361.7
