1897.344,4.392,432.0
1885.2336,4.413,427.2
1910.974,4.355,438.8
2012.4552,4.326,465.2
1912.7446,4.366,438.1
1858.715,4.415,421.0
1812.2,4.42,410.0
1581.5534,4.546,347.9
1605.8496,4.544,353.4
1637.6864,4.529,361.6
1644.8445,4.535,362.7
1629.1744,4.528,359.8
1576.3368,4.548,346.6
1576.722,4.557,346.0
1582.8848,4.559,347.2
1588.0559,4.549,349.1
1582.5056,4.537,348.8
1635.228,4.536,360.5
1612.284,4.52,356.7
1631.1704,4.526,360.4
1615.332,4.54,355.8
1592.2451,4.561,349.1
1560.3131,4.553,342.7
1598.5583,4.553,351.1
1586.031,4.538,349.5
1580.964,4.543,348.0
1616.757,4.53,356.9
1625.6284,4.532,358.7
1633.971,4.53,360.7
1568.6052,4.548,344.9
1579.0656,4.548,347.2
1570.6966,4.562,344.3
1576.1564,4.558,345.8
1575.9902,4.547,346.6
1611.0887,4.537,355.1
1602.5688,4.536,353.3
1613.8296,4.518,357.2
1618.7343,4.533,357.1
1594.0053,4.553,350.1
1569.2212,4.567,343.6
1563.7236,4.551,343.6
1576.7916,4.548,346.7
1564.512,4.548,344.0
1618.088,4.535,356.8
1644.566,4.543,362.0
1599.9975,4.539,352.5
1614.5944,4.552,354.7
1568.8636,4.558,344.2
1577.6145,4.553,346.5
1586.13,4.55,348.6
1600.3008,4.536,352.8
1606.1058,4.509,356.2
1644.4502,4.514,364.3
1647.54,4.52,364.5
1615.2337,4.541,355.7
1617.6244,4.549,355.6
1598.6884,4.534,352.6
1591.2288,4.536,350.8
1612.5829,4.531,355.9
1681.779,4.51,372.9
1632.4252,4.502,362.6
1624.5684,4.524,359.1
1582.644,4.54,348.6
1589.1414,4.543,349.8
1584.1796,4.534,349.4
1601.4602,4.538,352.9
1600.0188,4.516,354.3
1674.5328,4.516,370.8
1664.1801,4.521,368.1
1629.3476,4.531,359.6
1588.7541,4.551,349.1
1617.4668,4.546,355.8
1574.3,4.55,346.0
1585.9613,4.543,349.1
1620.0444,4.524,358.1
1643.02,4.52,363.5
1618.9502,4.526,357.7
1596.4908,4.551,350.8
1568.3976,4.554,344.4
1592.15,4.549,350.0
1620.512,4.552,356.0
1608.425,4.55,353.5
1599.3891,4.527,353.3
1630.364,4.52,360.7
1611.968,4.528,356.0
1619.1584,4.538,356.8
1572.8661,4.563,344.7
1544.9488,4.552,339.4
1594.8108,4.554,350.2
1592.136,4.536,351.0
1601.76,4.544,352.5
1657.4398,4.531,365.8
1613.0664,4.526,356.4
1631.693,4.535,359.8
1571.475,4.555,345.0
1577.5056,4.554,346.4
1588.4026,4.567,347.8
1563.056,4.565,342.4
1578.8718,4.554,346.7
1618.638,4.534,357.0
1614.1632,4.524,356.8
1647.828,4.527,364.0
1591.8273,4.539,350.7
1581.0954,4.567,346.2
1556.8971,4.551,342.1
1553.937,4.557,341.0
1559.7106,4.538,343.7
1576.12,4.55,346.4
1608.603,4.53,355.1
1636.3206,4.534,360.9
1608.3456,4.528,355.2
1578.2103,4.539,347.7
1566.576,4.554,344.0
1574.3568,4.566,344.8
1566.3432,4.552,344.1
1596.6674,4.558,350.3
1619.5448,4.534,357.2
1617.567,4.531,357.0
1623.594,4.515,359.6
1648.926,4.535,363.6
1610.5932,4.542,354.6
1589.0368,4.544,349.7
1577.4088,4.538,347.6
1602.34,4.52,354.5
1666.2384,4.518,368.8
1664.146,4.516,368.5
1645.0151,4.523,363.7
1601.952,4.551,352.0
1630.5978,4.537,359.4
1571.1101,4.529,346.9
1608.9282,4.554,353.3
1672.9691,4.513,370.7
1681.068,4.519,372.0
1670.0168,4.516,369.8
1605.744,4.536,354.0
1609.1748,4.538,354.6
1611.5016,4.542,354.8
1595.1627,4.533,351.9
1618.5415,4.535,356.9
1673.8436,4.502,371.8
1612.806,4.524,356.5
1651.26,4.524,365.0
1573.407,4.554,345.5
1550.185,4.55,340.7
1617.7623,4.543,356.1
1606.2519,4.549,353.1
1546.551,4.542,340.5
1598.9899,4.531,352.9
1604.526,4.53,354.2
1648.005,4.525,364.2
1605.3421,4.549,352.9
1598.3736,4.546,351.6
1554.5064,4.548,341.8
1575.7933,4.553,346.1
1603.982,4.54,353.3
1571.08,4.525,347.2
1630.8,4.53,360.0
1641.3072,4.524,362.8
1586.5206,4.542,349.3
1566.9283,4.559,343.7
1578.2868,4.551,346.8
1613.2193,4.543,355.1
1599.84,4.545,352.0
1599.3855,4.545,351.9
1601.355,4.53,353.5
1660.675,4.525,367.0
1612.9701,4.527,356.3
1573.845,4.55,345.9
1560.2034,4.558,342.3
1550.4112,4.552,340.6
1573.0764,4.557,345.2
1587.4632,4.546,349.2
1601.561,4.537,353.0
1628.952,4.54,358.8
1633.4255,4.531,360.5
1599.796,4.532,353.0
1571.8056,4.552,345.3
1564.4255,4.565,342.7
1573.7525,4.555,345.5
1583.4258,4.554,347.7
1566.097,4.546,344.5
1611.0021,4.547,354.3
1612.71,4.525,356.4
1630.6136,4.532,359.8
1595.2092,4.537,351.6
1583.5792,4.561,347.2
1610.4935,4.543,354.5
1635.762,4.54,360.3
1617.4254,4.551,355.4
1608.282,4.524,355.5
1669.0315,4.517,369.5
1642.004,4.511,364.0
1610.415,4.53,355.5
1596.8645,4.543,351.5
1579.04,4.544,347.5
1585.2278,4.537,349.4
1577.832,4.534,348.0
1637.775,4.518,362.5
1670.2608,4.524,369.2
1633.98,4.52,361.5
1588.218,4.53,350.6
1589.8755,4.549,349.5
1625.91,4.548,357.5
1587.495,4.55,348.9
1601.561,4.537,353.0
1664.3118,4.514,368.7
1627.4784,4.512,360.7
1618.8016,4.537,356.8
1576.5282,4.542,347.1
1577.7428,4.556,346.3
1587.429,4.542,349.5
1575.9902,4.547,346.6
1585.8876,4.548,348.7
1643.2846,4.517,363.8
1638.3213,4.527,361.9
1607.204,4.535,354.4
1565.4328,4.552,343.9
1582.1422,4.549,347.8
1618.7468,4.556,355.3
1567.8195,4.551,344.5
1577.1777,4.557,346.1
1611.2236,4.531,355.6
1656.621,4.53,365.7
1625.2866,4.526,359.1
1576.575,4.55,346.5
1558.721,4.555,342.2
1604.8296,4.554,352.4
1583.6656,4.556,347.6
1556.555,4.55,342.1
1633.886,4.526,361.0
1631.715,4.525,360.6
1651.914,4.532,364.5
1571.5854,4.554,345.1
1559.8521,4.549,342.9
1572.7312,4.556,345.2
1583.4,4.55,348.0
1577.852,4.555,346.4
1581.66,4.545,348.0
1628.952,4.54,358.8
1604.7604,4.523,354.8
1603.6287,4.539,353.3
1559.632,4.555,342.4
1565.9084,4.564,343.1
1565.408,4.544,344.5
1588.2671,4.547,349.3
1554.6215,4.555,341.3
1593.701,4.534,351.5
1622.3824,4.528,358.3
1646.7488,4.534,363.2
1577.2464,4.548,346.8
1572.48,4.55,345.6
1579.891,4.553,347.0
1567.4962,4.558,343.9
1593.4369,4.541,350.9
1607.0219,4.523,355.3
1658.1318,4.523,366.6
1661.9196,4.521,367.6
1617.0122,4.546,355.7
1625.8126,4.549,357.4
1592.955,4.55,350.1
1589.35,4.541,350.0
1610.2539,4.527,355.7
1661.976,4.504,369.0
1657.1173,4.519,366.7
1648.556,4.529,364.0
1593.6192,4.548,350.4
1611.739,4.535,355.4
1608.6768,4.552,353.4
1613.553,4.535,355.8
1613.3975,4.513,357.5
1675.86,4.505,372.0
1675.6236,4.508,371.7
1632.0354,4.541,359.4
1615.9,4.52,357.5
1572.7805,4.513,348.5
1584.9438,4.531,349.8
1578.156,4.548,347.0
1607.4083,4.519,355.7
1591.389,4.53,351.3
1599.8238,4.518,354.1
1566.3667,4.531,345.7
1576.1811,4.541,347.1
1579.3664,4.528,348.8
1588.5108,4.549,349.2
1548.1128,4.524,342.2
1603.4634,4.527,354.2
1574.2048,4.534,347.2
1579.9597,4.531,348.7
1577.462,4.546,347.0
1560.65,4.55,343.0
1615.6484,4.546,355.4
1583.413,4.537,349.0
1567.0991,4.541,345.1
1572.0159,4.529,347.1
1603.4382,4.518,354.9
1594.5507,4.539,351.3
1563.2804,4.526,345.4
1586.1144,4.524,350.6
1586.9224,4.516,351.4
1613.2947,4.533,355.9
1575.735,4.515,349.0
1648.517,4.498,366.5
1591.8105,4.503,353.5
1629.1744,4.528,359.8
1601.0064,4.538,352.8
1574.2804,4.529,347.6
1568.4708,4.524,346.7
1619.4485,4.535,357.1
1573.5158,4.519,348.2
1576.9824,4.542,347.2
1560.852,4.54,343.8
1576.26,4.536,347.5
1586.2392,4.536,349.7
1565.2449,4.533,345.3
1596.991,4.51,354.1
1604.328,4.532,354.0
1567.4688,4.512,347.4
1585.5772,4.538,349.4
1555.6264,4.538,342.8
1564.7024,4.538,344.8
1544.7342,4.542,340.1
1555.299,4.545,342.2
1597.5387,4.509,354.3
1611.0235,4.519,356.5
1564.5834,4.518,346.3
1564.209,4.53,345.3
1542.6896,4.528,340.7
1596.2441,4.549,350.9
1581.5268,4.529,349.2
1599.6645,4.515,354.3
1645.6765,4.505,365.3
1629.914,4.51,361.4
1590.0836,4.516,352.1
1655.9881,4.511,367.1
1640.7594,4.494,365.1
1615.1092,4.514,357.8
1582.5072,4.506,351.2
1640.308,4.52,362.9
1590.4527,4.489,354.3
1592.7942,4.534,351.3
1558.4595,4.537,343.5
1597.2741,4.539,351.9
1582.5538,4.519,350.2
1550.7296,4.529,342.4
1583.9546,4.523,350.2
1630.1727,4.527,360.1
1570.382,4.51,348.2
1593.7551,4.529,351.9
1570.3104,4.528,346.8
1606.203,4.545,353.4
1574.686,4.538,347.0
1586.6254,4.541,349.4
1611.2139,4.517,356.7
1617.8277,4.533,356.9
1578.528,4.536,348.0
1552.338,4.539,342.0
1571.1101,4.529,346.9
1590.362,4.54,350.3
1558.664,4.531,344.0
1567.662,4.54,345.3
1590.336,4.518,352.0
1650.294,4.509,366.0
1608.3382,4.514,356.3
1604.6247,4.529,354.3
1600.3492,4.531,353.2
1623.3047,4.523,358.9
1605.2904,4.536,353.9
1613.1336,4.511,357.6
1625.404,4.51,360.4
1633.527,4.515,361.8
1614.232,4.528,356.5
1572.8446,4.534,346.9
1594.3018,4.537,351.4
1580.1316,4.538,348.2
1557.7407,4.527,344.1
1598.4282,4.523,353.4
1622.5988,4.516,359.3
1590.0836,4.516,352.1
1591.2918,4.522,351.9
1579.8888,4.536,348.3
1603.8812,4.541,353.2
1582.2252,4.531,349.2
1568.0952,4.536,345.7
1619.592,4.524,358.0
1591.6914,4.518,352.3
1598.8368,4.528,353.1
1581.808,4.535,348.8
1569.6708,4.534,346.2
1592.0333,4.537,350.9
1587.7785,4.543,349.5
1561.7448,4.536,344.3
1601.6526,4.527,353.8
1601.6924,4.508,355.3
1636.692,4.52,362.1
1628.6512,4.514,360.8
1648.014,4.53,363.8
1622.4768,4.527,358.4
1611.4754,4.519,356.6
1608.976,4.54,354.4
1611.5923,4.513,357.1
1618.1095,4.501,359.5
1648.4904,4.509,365.6
1618.4637,4.507,359.1
1571.1852,4.524,347.3
1579.572,4.539,348.0
1569.11,4.535,346.0
1570.7632,4.528,346.9
1613.8296,4.518,357.2
1579.3905,4.519,349.5
1596.504,4.515,353.6
1581.808,4.535,348.8
1566.1515,4.533,345.5
1577.346,4.53,348.2
1587.7422,4.539,349.8
1581.6304,4.528,349.3
1571.004,4.53,346.8
1576.366,4.535,347.6
1608.5645,4.535,354.7
1579.9752,4.548,347.4
1589.7231,4.533,350.7
1580.9337,4.539,348.3
1570.0401,4.539,345.9
1575.4287,4.531,347.7
1619.992,4.51,359.2
1604.436,4.54,353.4
1640.0416,4.528,362.2
1571.563,4.529,347.0
1585.968,4.512,351.5
1609.7871,4.513,356.7
1599.8418,4.527,353.4
1631.1792,4.516,361.2
1660.7064,4.503,368.8
1634.1234,4.498,363.3
1594.8108,4.532,351.9
1612.646,4.535,355.6
1609.1537,4.529,355.3
1569.8237,4.541,345.7
1614.2814,4.518,357.3
1625.0052,4.529,358.8
1621.6449,4.531,357.9
1567.1408,4.528,346.1
1605.5886,4.533,354.2
1589.8256,4.532,350.8
1615.4943,4.529,356.7
1594.6609,4.529,352.1
1597.0256,4.528,352.7
1605.0776,4.529,354.4
1594.448,4.54,351.2
1568.5085,4.553,344.5
1612.6656,4.544,354.9
1568.6784,4.539,345.6
1561.854,4.535,344.4
1593.0996,4.531,351.6
1614.4491,4.521,357.1
1622.335,4.538,357.5
1581.7721,4.531,349.1
1586.9,4.534,350.0
1584.5526,4.526,350.1
1606.9564,4.519,355.6
1612.9974,4.522,356.7
1599.1156,4.516,354.1
1636.8548,4.508,363.1
1597.6226,4.522,353.3
1626.27,4.53,359.0
1624.1286,4.519,359.4
1610.5005,4.515,356.7
1639.7667,4.521,362.7
1628.556,4.52,360.3
1622.5272,4.536,357.7
1606.4952,4.533,354.4
1565.6274,4.542,344.7
1588.1155,4.531,350.5
1584.6295,4.547,348.5
1607.1457,4.531,354.7
1608.2672,4.538,354.4
1606.73,4.526,355.0
1646.636,4.52,364.3
1575.2729,4.541,346.9
1592.9184,4.546,350.4
1561.6354,4.537,344.2
1562.0056,4.546,343.6
1585.822,4.54,349.3
1606.5696,4.523,355.2
1615.4642,4.534,356.3
1574.2048,4.534,347.2
1605.0776,4.529,354.4
1591.7403,4.531,351.3
1570.7094,4.537,346.2
1578.104,4.54,347.6
1603.9867,4.517,355.1
1614.2064,4.514,357.6
1676.178,4.518,371.0
1660.6647,4.509,368.3
1582.6392,4.527,349.6
1620.0746,4.514,358.9
1613.5449,4.521,356.9
1615.7106,4.522,357.3
1620.3576,4.506,359.6
1624.4052,4.516,359.7
1629.0662,4.534,359.3
1594.4896,4.544,350.9
1638.2841,4.547,360.3
1591.785,4.535,351.0
1577.5149,4.537,347.7
1589.0368,4.544,349.7
1617.9498,4.527,357.4
1606.6969,4.517,355.7
1608.7984,4.528,355.3
1575.2464,4.537,347.2
1586.276,4.54,349.4
1569.2174,4.534,346.1
1586.2363,4.549,348.7
1606.6512,4.536,354.2
1620.8448,4.544,356.7
1605.176,4.528,354.5
1617.21,4.53,357.0
1588.0559,4.549,349.1
1574.6038,4.543,346.6
1592.15,4.549,350.0
1554.8299,4.537,342.7
1570.9885,4.547,345.5
1609.3116,4.518,356.2
1648.4336,4.499,366.4
1602.8893,4.519,354.7
1608.1677,4.539,354.3
1613.4496,4.522,356.8
1614.6848,4.528,356.6
1601.1008,4.528,353.6
1645.28,4.52,364.0
1654.5771,4.517,366.3
1642.4875,4.531,362.5
1608.7008,4.529,355.2
1585.4016,4.544,348.9
1568.3927,4.529,346.3
1610.5749,4.533,355.3
1606.3671,4.511,356.1
1647.294,4.538,363.0
1570.9479,4.539,346.1
1601.5092,4.542,352.6
1567.0075,4.525,346.3
1578.6925,4.543,347.5
1594.1994,4.538,351.3
1636.0422,4.537,360.6
1586.8704,4.512,351.7
1601.3592,4.539,352.8
1618.056,4.54,356.4
1589.695,4.555,349.0
1586.3424,4.548,348.8
1581.0988,4.546,347.8
1630.5542,4.547,358.6
1619.418,4.54,356.7
1625.774,4.54,358.1
1607.697,4.53,354.9
1685.8548,4.527,372.4
1651.1725,4.525,364.9
1592.1459,4.527,351.7
1617.308,4.543,356.0
1629.0471,4.539,358.9
1640.675,4.526,362.5
1687.825,4.525,373.0
1624.502,4.51,360.2
1625.32,4.54,358.0
1647.9288,4.536,363.3
1612.2528,4.539,355.2
1599.8472,4.536,352.7
1653.2736,4.532,364.8
1595.3984,4.544,351.1
1625.32,4.54,358.0
1588.3556,4.559,348.4
1589.1039,4.539,350.1
1581.496,4.555,347.2
1635.5885,4.537,360.5
1618.7817,4.523,357.9
1648.109,4.534,363.5
1619.8325,4.531,357.5
1604.416,4.558,352.0
1587.9798,4.554,348.7
1607.5665,4.545,353.7
1600.9784,4.556,351.4
1568.2245,4.539,345.5
1593.7456,4.538,351.2
1632.0354,4.541,359.4
1598.3851,4.537,352.3
1606.9485,4.533,354.5
1592.568,4.545,350.4
1624.3157,4.541,357.7
1657.465,4.541,365.0
1615.4908,4.543,355.6
1671.3716,4.516,370.1
1652.5754,4.514,366.1
1610.188,4.523,356.0
1611.0887,4.537,355.1
1634.3208,4.536,360.3
1626.8937,4.533,358.9
1681.2497,4.511,372.7
1626.0608,4.537,358.4
1642.572,4.54,361.8
1613.8365,4.555,354.3
1611.155,4.55,354.1
1607.4591,4.537,354.3
1620.5508,4.547,356.4
1632.6783,4.539,359.7
1638.6832,4.528,361.9
1660.732,4.54,365.8
1598.1672,4.548,351.4
1620.8786,4.562,355.3
1607.209,4.553,353.0
1613.0268,4.554,354.2
1589.315,4.55,349.3
1646.3832,4.543,362.4
1641.0375,4.527,362.5
1650.74,4.55,362.8
1575.2464,4.537,347.2
1592.7776,4.556,349.6
1620.71,4.55,356.2
1603.3758,4.537,353.4
1596.9064,4.547,351.2
1626.988,4.532,359.0
1683.0342,4.517,372.6
1641.486,4.522,363.0
1638.833,4.546,360.5
1650.6526,4.546,363.1
1631.5308,4.527,360.4
1645.201,4.526,363.5
1644.4502,4.514,364.3
1695.9306,4.537,373.8
1639.9407,4.539,361.3
1614.34,4.55,354.8
1597.6477,4.553,350.9
1598.1248,4.544,351.7
1631.0322,4.542,359.1
1617.308,4.543,356.0
1637.596,4.52,362.3
1600.8512,4.544,352.3
1604.1248,4.552,352.4
1602.0104,4.546,352.4
1599.6116,4.556,351.1
1619.223,4.542,356.5
1614.795,4.55,354.9
1637.5034,4.531,361.4
1616.8244,4.534,356.6
1635.8929,4.553,359.3
1611.9128,4.556,353.8
1617.6244,4.549,355.6
1613.532,4.558,354.0
1592.5896,4.536,351.1
1599.2605,4.555,351.1
1638.7388,4.547,360.4
1674.9758,4.538,369.1
1631.8456,4.543,359.2
1610.338,4.54,354.7
1623.5712,4.544,357.3
1609.638,4.547,354.0
1642.1235,4.535,362.1
1672.1904,4.528,369.3
1663.6972,4.532,367.1
1662.8238,4.521,367.8
1643.7564,4.532,362.7
1650.4653,4.533,364.1
1611.9961,4.537,355.3
1605.4311,4.557,352.3
1598.527,4.522,353.5
1633.473,4.545,359.4
1645.9323,4.533,363.1
1632.8704,4.556,358.4
1618.929,4.545,356.2
1627.5996,4.554,357.4
1636.2,4.545,360.0
1652.8345,4.547,363.5
1631.5813,4.541,359.3
1647.3834,4.542,362.7
1607.9202,4.546,353.7
1612.5091,4.541,355.1
1634.2372,4.556,358.7
1604.7265,4.555,352.3
1624.2795,4.569,355.5
1607.514,4.541,354.0
1651.9254,4.542,363.7
1622.9465,4.555,356.3
1600.627,4.555,351.4
1600.4832,4.552,351.6
1616.7146,4.549,355.4
1651.2882,4.539,363.8
1661.3526,4.517,367.8
1659.6842,4.526,366.7
1677.0009,4.519,371.1
1671.7376,4.544,367.9
1639.662,4.542,361.0
1649.472,4.544,363.0
1627.7806,4.538,358.7
1665.4526,4.522,368.3
1631.6308,4.516,361.3
1650.561,4.547,363.0
1599.78,4.55,351.6
1602.84,4.56,351.5
1610.0927,4.547,354.1
1617.432,4.56,354.7
1632.4362,4.527,360.6
1638.5292,4.554,359.8
1639.3158,4.531,361.8
1616.114,4.555,354.8
1602.9444,4.559,351.6
1620.9072,4.548,356.4
1587.873,4.555,348.6
1633.7943,4.527,360.9
1631.9183,4.547,358.9
1605.5444,4.538,353.8
1577.5056,4.554,346.4
1592.4638,4.546,350.3
1589.4816,4.557,348.8
1585.3546,4.553,348.2
1659.385,4.55,364.7
1640.6712,4.536,361.7
1653.6384,4.533,364.8
1683.8822,4.529,371.8
1620.0233,4.529,357.7
1644.0258,4.539,362.2
1612.4662,4.546,354.7
1626.0816,4.532,358.8
1636.602,4.521,362.0
1665.3686,4.523,368.2
1659.3948,4.508,368.1
1683.1029,4.533,371.3
1661.9178,4.542,365.9
1609.327,4.559,353.0
1606.9596,4.542,353.8
1628.3144,4.556,357.4
1626.4902,4.542,358.1
1606.9872,4.528,354.9
1618.4732,4.531,357.2
1624.0154,4.558,356.3
1602.055,4.55,352.1
1623.8312,4.546,357.2
1626.2334,4.554,357.1
1607.9681,4.541,354.1
1633.3032,4.542,359.6
1610.0904,4.556,353.4
1639.0329,4.539,361.1
1650.6477,4.551,362.7
1624.0154,4.558,356.3
1603.6696,4.552,352.3
1598.9094,4.554,351.1
1628.7056,4.552,357.8
1612.3662,4.547,354.6
1624.0256,4.544,357.4
1651.7419,4.549,363.1
1645.6592,4.531,363.2
1670.5234,4.537,368.2
1611.5424,4.537,355.2
1641.664,4.54,361.6
1607.8551,4.533,354.7
1647.2922,4.533,363.4
1694.4561,4.527,374.3
1668.1995,4.527,368.5
1623.2426,4.538,357.7
1628.1594,4.534,359.1
1644.336,4.56,360.6
1628.783,4.537,359.0
1644.37,4.55,361.4
1638.1393,4.529,361.7
1609.2815,4.555,353.3
1616.0436,4.542,355.8
1616.371,4.534,356.5
1636.2522,4.554,359.3
1618.1535,4.539,356.5
1649.109,4.543,363.0
1640.302,4.54,361.3
1660.4542,4.538,365.9
1593.6552,4.552,350.1
1618.344,4.56,354.9
1607.4138,4.542,353.9
1626.9087,4.561,356.7
1610.546,4.556,353.5
1625.3577,4.549,357.3
1651.2896,4.544,363.4
1682.6432,4.544,370.3
1587.1758,4.553,348.6
1625.9965,4.561,356.5
1639.554,4.548,360.5
1645.5593,4.547,361.9
1677.1621,4.517,371.3
1674.5784,4.521,370.4
1645.9323,4.533,363.1
1640.0332,4.538,361.4
1617.8356,4.556,355.1
1659.7355,4.541,365.5
1661.4364,4.516,367.9
1647.7146,4.518,364.7
1651.832,4.538,364.0
1580.4032,4.544,347.8
1612.4662,4.546,354.7
1604.9892,4.548,352.9
1616.202,4.545,355.6
1642.1085,4.545,361.3
1627.9485,4.541,358.5
1637.5034,4.531,361.4
1638.1694,4.553,359.8
1600.4989,4.543,352.3
1629.5484,4.548,358.3
1614.5451,4.557,354.3
1609.6348,4.556,353.3
1652.1968,4.549,363.2
1616.7918,4.539,356.2
1632.2999,4.543,359.3
1630.5542,4.547,358.6
1613.9331,4.563,353.7
1599.1176,4.552,351.3
1593.9,4.554,350.0
1588.8366,4.563,348.2
1617.8604,4.542,356.2
1670.211,4.53,368.7
1668.8258,4.514,369.7
1693.314,4.53,373.8
1634.287,4.546,359.5
1637.6712,4.539,360.8
1625.32,4.54,358.0
1642.2148,4.534,362.2
1649.196,4.506,366.0
1666.6984,4.534,367.6
1613.8452,4.532,356.1
1589.9456,4.544,349.9
1639.7044,4.556,359.9
1631.9183,4.547,358.9
1638.6718,4.538,361.1
1609.8264,4.536,354.9
1656.3424,4.528,365.8
1633.68,4.538,360.0
1589.1032,4.552,349.1
1625.1276,4.542,357.8
1593.865,4.55,350.3
1604.4772,4.553,352.4
1624.5081,4.539,357.9
1627.59,4.54,358.5
1642.394,4.537,362.0
1615.8048,4.549,355.2
1606.3425,4.557,352.5
1601.145,4.55,351.9
1600.4549,4.561,350.9
1568.2746,4.551,344.6
1582.5971,4.549,347.9
1594.208,4.529,352.0
1664.9216,4.544,366.4
1663.5872,4.528,367.4
1636.4959,4.537,360.7
1620.0942,4.533,357.4
1657.7314,4.538,365.3
1631.706,4.53,360.2
1653.0696,4.524,365.4
1673.4655,4.529,369.5
1638.7728,4.522,362.4
1648.8273,4.551,362.3
1653.5577,4.539,364.3
1616.5576,4.546,355.6
1615.705,4.55,355.1
1608.5645,4.535,354.7
1612.1298,4.531,355.8
1645.3857,4.529,363.3
1626.9166,4.547,357.8
1603.0676,4.549,352.4
1592.4252,4.542,350.6
1599.8202,4.554,351.3
1647.108,4.545,362.4
1625.7228,4.531,358.8
1653.9255,4.545,363.9
1598.8282,4.546,351.7
1604.6363,4.547,352.9
1590.0117,4.539,350.3
1617.38,4.556,355.0
1586.585,4.55,348.7
1589.35,4.541,350.0
1588.7136,4.534,350.4
1643.0988,4.549,361.2
1606.375,4.525,355.0
1621.234,4.54,357.1
1657.9262,4.546,364.7
1613.9716,4.526,356.6
1654.101,4.538,364.5
1593.9504,4.536,351.4
1614.7332,4.518,357.4
1660.176,4.536,366.0
1657.8738,4.526,366.3
1642.0008,4.551,360.8
1626.873,4.538,358.5
1620.905,4.534,357.5
1583.7201,4.547,348.3
1644.1168,4.528,363.1
1624.9344,4.544,357.6
1614.6204,4.538,355.8
1592.5,4.55,350.0
1593.9,4.554,350.0
1597.401,4.551,351.0
1606.0004,4.547,353.2
1615.0414,4.529,356.6
1621.5238,4.537,357.4
1588.2602,4.534,350.3
1608.1728,4.548,353.6
1590.924,4.552,349.5
1586.8548,4.556,348.3
1631.2102,4.559,357.8
1573.5872,4.544,346.3
1614.696,4.56,354.1
1631.8648,4.538,359.6
1634.432,4.52,361.6
1626.1321,4.541,358.1
1575.21,4.55,346.2
1590.2582,4.541,350.2
1612.1925,4.535,355.5
1632.13,4.54,359.5
1616.1628,4.522,357.4
1677.006,4.53,370.2
1636.6875,4.515,362.5
1620.649,4.546,356.5
1629.2766,4.522,360.3
1656.6066,4.509,367.4
1673.3934,4.502,371.7
1668.6189,4.511,369.9
1626.7992,4.534,358.8
1613.784,4.56,353.9
1596.9064,4.547,351.2
1593.021,4.558,349.5
1621.9482,4.542,357.1
1605.2742,4.527,354.6
1661.6652,4.524,367.3
1583.052,4.549,348.0
1610.6478,4.546,354.3
1624.35,4.55,357.0
1576.5528,4.546,346.8
1578.1984,4.556,346.4
1580.7248,4.528,349.1
1619.5152,4.539,356.8
1634.0224,4.544,359.6
1595.088,4.56,349.8
1585.856,4.544,349.0
1606.2984,4.553,352.8
1576.6272,4.562,345.6
1615.7592,4.554,354.8
1579.7834,4.537,348.2
1605.597,4.542,353.5
1646.88,4.512,365.0
1607.5584,4.536,354.4
1629.7848,4.536,359.3
1627.4219,4.537,358.7
1642.938,4.526,363.0
1615.9,4.52,357.5
1669.647,4.515,369.8
1618.638,4.534,357.0
1602.0104,4.546,352.4
1638.7644,4.537,361.2
1587.2682,4.526,350.7
1608.268,4.556,353.0
1597.0768,4.532,352.4
1615.851,4.53,356.7
1647.0207,4.541,362.7
1582.7493,4.539,348.7
1603.0215,4.545,352.7
1585.7282,4.558,347.9
1599.325,4.55,351.5
1586.554,4.546,349.0
1625.3888,4.544,357.7
1606.297,4.535,354.2
1643.7405,4.547,361.5
1602.449,4.555,351.8
1599.6924,4.542,352.2
1596.2818,4.553,350.6
1556.6707,4.553,341.9
1557.674,4.54,343.1
1603.2144,4.552,352.2
1591.2045,4.545,350.1
1587.7035,4.535,350.1
1597.6088,4.549,351.2
1582.1568,4.536,348.8
1628.8318,4.546,358.3
1638.1342,4.534,361.3
1626.8168,4.529,359.2
1648.3566,4.521,364.6
1601.7282,4.517,354.6
1632.584,4.54,359.6
1609.4112,4.531,355.2
1604.6886,4.542,353.3
1640.3946,4.539,361.4
1624.604,4.538,358.0
1583.8944,4.528,349.8
1634.414,4.535,360.4
1619.3025,4.555,355.5
1573.262,4.547,346.0
1578.8258,4.546,347.3
1595.7558,4.558,350.1
1584.3608,4.558,347.6
1603.3221,4.533,353.7
1608.7984,4.528,355.3
1619.9691,4.539,356.9
1588.5108,4.549,349.2
1580.8016,4.553,347.2
1608.6768,4.552,353.4
1563.8106,4.542,344.3
1560.3181,4.561,342.1
1603.42,4.55,352.4
1586.6928,4.536,349.8
1607.011,4.546,353.5
1581.7664,4.544,348.1
1581.6042,4.554,347.3
1567.3842,4.559,343.8
1647.0207,4.541,362.7
1607.6575,4.535,354.5
1614.7332,4.518,357.4
1637.4033,4.537,360.9
1648.3796,4.546,362.6
1614.816,4.536,356.0
1640.3694,4.549,360.6
1626.9444,4.542,358.2
1611.0926,4.523,356.2
1623.3822,4.527,358.6
1622.228,4.52,358.9
1600.731,4.554,351.5
1572.1776,4.536,346.6
1580.238,4.554,347.0
1575.5124,4.543,346.8
1574.646,4.551,346.0
1571.3775,4.535,346.5
1614.0684,4.539,355.6
1614.5574,4.534,356.1
1562.1343,4.553,343.1
1582.2988,4.556,347.3
1589.7362,4.546,349.7
1574.755,4.55,346.1
1609.327,4.559,353.0
1576.1538,4.537,347.4
1608.976,4.54,354.4
1609.1166,4.534,354.9
1598.28,4.56,350.5
1566.36,4.56,343.5
1596.2818,4.553,350.6
1558.721,4.555,342.2
1627.3713,4.547,357.9
1578.836,4.52,349.3
1631.706,4.53,360.2
1623.398,4.522,359.0
1633.2824,4.547,359.2
1629.7649,4.541,358.9
1616.7918,4.539,356.2
1587.4566,4.533,350.2
1610.3785,4.535,355.1
1634.6086,4.513,362.2
1641.3024,4.539,361.6
1592.1459,4.527,351.7
1594.176,4.56,349.6
1592.428,4.555,349.6
1588.463,4.558,348.5
1555.7601,4.553,341.7
1598.5832,4.526,353.2
1625.195,4.546,357.5
1590.816,4.54,350.4
1584.5984,4.543,348.8
1567.1305,4.549,344.5
1570.0791,4.547,345.3
1563.3882,4.554,343.3
1565.7852,4.557,343.6
1590.2185,4.537,350.5
1615.884,4.539,356.0
1587.3534,4.534,350.1
1605.2239,4.559,352.1
1591.9398,4.551,349.8
1565.0285,4.535,345.1
1570.5755,4.559,344.5
1574.5368,4.552,345.9
1556.208,4.545,342.4
1623.2673,4.533,358.1
1618.9502,4.526,357.7
1646.6585,4.535,363.1
1618.6709,4.543,356.3
1595.8665,4.535,351.9
1598.7816,4.524,353.4
1639.86,4.525,362.4
1624.413,4.506,360.5
1635.8672,4.534,360.8
1604.3353,4.541,353.3
1595.5608,4.538,351.6
1614.795,4.55,354.9
1597.6088,4.549,351.2
1596.0357,4.551,350.7
1617.9583,4.541,356.3
1616.0794,4.537,356.2
1597.8298,4.538,352.1
1588.299,4.551,349.0
1568.984,4.561,344.0
1582.0596,4.554,347.4
1566.2808,4.536,345.3
1623.888,4.536,358.0
1577.7012,4.548,346.9
1589.0,4.54,350.0
1581.2055,4.545,347.9
1596.5937,4.563,349.9
1565.9868,4.547,344.4
1585.4616,4.552,348.3
1558.3792,4.562,341.6
1583.2355,4.543,348.5
1584.3872,4.532,349.6
1630.937,4.543,359.0
1570.205,4.55,345.1
1599.6765,4.551,351.5
1599.8961,4.531,353.1
1617.9912,4.536,356.7
1634.2382,4.507,362.6
1626.0816,4.532,358.8
1609.215,4.533,355.0
1602.0104,4.546,352.4
1612.7067,4.539,355.3
1622.9534,4.541,357.4
1627.6115,4.535,358.9
1602.9221,4.537,353.3
1589.5312,4.526,351.2
1595.65,4.559,350.0
1592.8794,4.542,350.7
1586.3992,4.556,348.2
1586.3992,4.556,348.2
1583.905,4.558,347.5
1583.9712,4.536,349.2
1601.1008,4.528,353.6
1616.2597,4.549,355.3
1607.8192,4.547,353.6
1576.2816,4.561,345.6
1569.06,4.548,345.0
1575.882,4.548,346.5
1564.4108,4.553,343.6
1580.4032,4.544,347.8
1573.9335,4.545,346.3
1589.6614,4.538,350.3
1606.856,4.552,353.0
1566.576,4.554,344.0
1583.8812,4.554,347.8
1572.224,4.544,346.0
1597.024,4.537,352.0
1636.964,4.522,362.0
1634.884,4.52,361.7
1641.1174,4.541,361.4
1614.2984,4.532,356.2
1612.154,4.54,355.1
1615.1352,4.542,355.6
1583.2608,4.512,350.9
1635.6051,4.527,361.3
1623.05,4.54,357.5
1626.7992,4.534,358.8
1564.389,4.545,344.2
1574.7344,4.546,346.4
1588.6772,4.556,348.7
1571.0314,4.559,344.6
1558.7892,4.534,343.8
1616.8894,4.538,356.3
1577.1672,4.536,347.7
1607.9593,4.559,352.7
1570.1196,4.559,344.4
1573.1712,4.552,345.6
1612.1656,4.549,354.4
1592.3594,4.547,350.2
1608.425,4.55,353.5
1573.5384,4.536,346.9
1600.5526,4.538,352.7
1592.322,4.556,349.5
1543.0275,4.545,339.5
1575.8592,4.544,346.8
1555.3048,4.553,341.6
1593.0225,4.545,350.5
1615.7475,4.545,355.5
1630.3575,4.525,360.3
1624.458,4.53,358.6
1603.528,4.54,353.2
1588.4037,4.537,350.1
1603.4216,4.532,353.8
1614.816,4.536,356.0
1682.0232,4.524,371.8
1657.5075,4.525,366.3
1592.7351,4.539,350.9
1594.6962,4.542,351.1
1595.7892,4.549,350.8
1559.49,4.54,343.5
1581.1488,4.554,347.2
1594.386,4.545,350.8
1587.95,4.537,350.0
1621.6449,4.531,357.9
1559.964,4.548,343.0
1588.7218,4.547,349.4
1573.5168,4.553,345.6
1619.3568,4.559,355.2
1607.6166,4.549,353.4
1577.2464,4.548,346.8
1606.6926,4.531,354.6
1621.4224,4.552,356.2
1583.1856,4.552,347.8
1565.4416,4.556,343.6
1574.1714,4.547,346.2
1588.4352,4.554,348.8
1571.832,4.56,344.7
1611.5424,4.537,355.2
1592.2812,4.539,350.8
1593.086,4.54,350.9
1612.2528,4.539,355.2
1599.0897,4.539,352.3
1593.1264,4.544,350.6
1605.036,4.534,354.0
1583.2032,4.539,348.8
1654.545,4.533,365.0
1634.3404,4.516,361.9
1620.3555,4.535,357.3
1606.5517,4.537,354.1
1590.1152,4.538,350.4
1581.736,4.54,348.4
1598.2841,4.529,352.9
1610.9302,4.534,355.3
1578.4956,4.532,348.3
1596.1006,4.546,351.1
1581.9515,4.555,347.3
1585.296,4.545,348.8
1598.3112,4.551,351.2
1595.415,4.526,352.5
1590.8904,4.548,349.8
1597.1256,4.527,352.8
1589.4816,4.557,348.8
1560.7725,4.557,342.5
1580.4544,4.552,347.2
1552.5679,4.541,341.9
1598.415,4.55,351.3
1583.3718,4.546,348.3
1601.055,4.542,352.5
1621.8168,4.548,356.6
1592.8141,4.547,350.3
1559.844,4.545,343.2
1573.0848,4.536,346.8
1605.6288,4.528,354.6
1591.27,4.54,350.5
1632.4264,4.532,360.2
1623.502,4.516,359.5
1628.6128,4.534,359.2
1605.7864,4.531,354.4
1623.7968,4.551,356.8
1604.9408,4.544,353.2
1588.977,4.527,351.0
1666.3887,4.527,368.1
1616.4678,4.533,356.6
1622.2386,4.539,357.4
1589.5957,4.543,349.9
1566.4542,4.551,344.2
1572.935,4.55,345.7
1577.8908,4.542,347.4
1583.934,4.532,349.5
1629.5741,4.543,358.7
1592.7758,4.543,350.6
1620.9424,4.543,356.8
1593.2301,4.543,350.7
1599.4022,4.558,350.9
1560.543,4.555,342.6
1563.056,4.565,342.4
1595.9559,4.543,351.3
1620.0961,4.547,356.3
1572.0068,4.546,345.8
1623.993,4.549,357.0
1578.0481,4.549,346.9
1570.4532,4.556,344.7
1555.872,4.56,341.2
1575.4648,4.556,345.8
1606.338,4.53,354.6
1636.4192,4.528,361.4
1646.568,4.536,363.0
1594.1544,4.534,351.6
1612.9632,4.541,355.2
1602.062,4.532,353.5
1613.0754,4.549,354.6
1601.9622,4.533,353.4
1644.0284,4.534,362.6
1635.5136,4.528,361.2
1596.348,4.548,351.0
1552.9036,4.538,342.2
1551.9924,4.562,340.2
1600.35,4.54,352.5
1590.1542,4.542,350.1
1584.655,4.525,350.2
1617.084,4.536,356.5
1571.4603,4.551,345.3
1573.7525,4.555,345.5
1581.0988,4.546,347.8
1567.2536,4.552,344.3
1562.448,4.542,344.0
1619.838,4.545,356.4
1572.202,4.54,346.3
1599.136,4.543,352.0
1548.9156,4.561,339.6
1558.7033,4.543,343.1
1558.6076,4.556,342.1
1554.0516,4.548,341.7
1567.5854,4.549,344.6
1607.7138,4.539,354.2
1584.8784,4.536,349.4
1644.2096,4.532,362.8
1588.218,4.53,350.6
1608.9192,4.536,354.7
1614.0852,4.548,354.9
1588.4776,4.523,351.2
1618.76,4.528,357.5
1665.62,4.52,368.5
1617.1139,4.531,356.9
1612.8209,4.547,354.7
1618.1535,4.539,356.5
1599.0768,4.548,351.6
1598.103,4.553,351.0
1593.6429,4.539,351.1
1591.4766,4.538,350.7
1601.914,4.538,353.0
1593.1573,4.561,349.3
1586.2363,4.549,348.7
1592.672,4.544,350.5
1601.8896,4.556,351.6
1557.5715,4.545,342.7
1633.2262,4.538,359.9
1588.7916,4.542,349.8
1609.43,4.54,354.5
1563.2463,4.543,344.1
1588.1145,4.557,348.5
1568.164,4.552,344.5
1582.7544,4.556,347.4
1575.665,4.55,346.3
1588.7538,4.538,350.1
1599.3402,4.541,352.2
1575.5562,4.551,346.2
1590.4688,4.552,349.4
1603.6248,4.548,352.6
1615.9044,4.548,355.3
1600.0446,4.543,352.2
1662.7671,4.527,367.3
1651.392,4.512,366.0
1595.968,4.534,352.0
1609.3728,4.536,354.8
1592.3842,4.538,350.9
1628.6284,4.529,359.6
1649.5015,4.513,365.5
1632.8034,4.513,361.8
1588.8906,4.554,348.9
1589.9456,4.544,349.9
1582.9172,4.546,348.2
1566.2207,4.549,344.3
1587.5514,4.558,348.3
1575.4048,4.544,346.7
1588.3203,4.529,350.7
1615.1938,4.546,355.3
1569.1697,4.547,345.1
1583.9325,4.545,348.5
1570.6868,4.558,344.6
1549.0456,4.552,340.3
1565.2098,4.554,343.7
1575.0581,4.543,346.7
1574.5791,4.539,346.9
1605.6443,4.537,353.9
1607.915,4.555,353.0
1561.336,4.552,343.0
1565.655,4.55,344.1
1617.38,4.556,355.0
1583.5334,4.553,347.8
1589.7231,4.533,350.7
1646.0236,4.537,362.8
1651.7312,4.508,366.4
1609.5849,4.543,354.3
1614.3255,4.541,355.5
1599.442,4.54,352.3
1584.4907,4.531,349.7
1623.4344,4.536,357.9
1668.4148,4.519,369.2
1618.4544,4.512,358.7
1618.1846,4.534,356.9
1579.4128,4.549,347.2
1575.297,4.545,346.6
1564.6338,4.551,343.8
1581.1762,4.541,348.2
1608.8311,4.523,355.7
1611.9115,4.547,354.5
1586.13,4.55,348.6
1601.145,4.55,351.9
1548.7082,4.547,340.6
1585.22,4.55,348.4
1543.8258,4.542,339.9
1601.6616,4.536,353.1
1607.9202,4.546,353.7
1571.9154,4.551,345.4
1591.3792,4.552,349.6
1587.04,4.55,348.8
1556.9976,4.542,342.8
1601.6418,4.554,351.7
1561.6864,4.561,342.4
1601.4075,4.543,352.5
1603.7802,4.542,353.1
1608.4068,4.532,354.9
1624.2876,4.527,358.8
1609.4848,4.544,354.2
1601.4602,4.538,352.9
1603.3648,4.528,354.1
1580.8576,4.544,347.9
1622.646,4.53,358.2
1613.9733,4.497,358.9
1625.817,4.53,358.9
1587.0426,4.537,349.8
1608.6632,4.534,354.8
1570.5338,4.547,345.4
1591.517,4.555,349.4
1575.605,4.525,348.2
1619.709,4.537,357.0
1608.576,4.544,354.0
1573.4991,4.549,345.9
1564.8435,4.545,344.3
1563.136,4.544,344.0
1567.188,4.536,345.5
1571.115,4.55,345.3
1583.6136,4.548,348.2
1594.4896,4.544,350.9
1613.259,4.538,355.5
1601.2254,4.558,351.3
1590.9953,4.547,349.9
1548.7087,4.543,340.9
1582.1675,4.553,347.5
1597.368,4.56,350.3
1558.6048,4.552,342.4
1592.2176,4.544,350.4
1605.1353,4.533,354.1
1631.52,4.532,360.0
1625.9397,4.543,357.9
1638.7388,4.547,360.4
1607.4591,4.537,354.3
1613.259,4.538,355.5
1605.9982,4.538,353.9
1650.1796,4.526,364.6
1630.1441,4.537,359.3
1603.7189,4.529,354.1
1612.765,4.543,355.0
1590.6722,4.537,350.6
1572.48,4.55,345.6
1585.3969,4.531,349.9
1608.8202,4.537,354.6
1568.3927,4.529,346.3
1580.3463,4.553,347.1
1563.7236,4.551,343.6
1582.8107,4.547,348.1
1587.04,4.55,348.8
1598.6624,4.552,351.2
1589.7362,4.546,349.7
1615.172,4.537,356.0
1594.3884,4.558,349.8
1580.8576,4.544,347.9
1557.465,4.55,342.3
1571.57,4.55,345.4
1561.2282,4.557,342.6
1593.1644,4.548,350.3
1579.0535,4.531,348.5
1573.4316,4.537,346.8
1587.069,4.554,348.5
1568.715,4.547,345.0
1593.0225,4.545,350.5
1584.594,4.53,349.8
1617.5376,4.536,356.6
1618.518,4.521,358.0
1628.095,4.525,359.8
1633.946,4.54,359.9
1596.3663,4.539,351.7
1604.385,4.545,353.0
1604.6247,4.529,354.3
1650.6171,4.521,365.1
1631.9732,4.532,360.1
1626.1321,4.541,358.1
1573.7358,4.551,345.8
1588.0864,4.553,348.8
1573.407,4.554,345.5
1594.8794,4.549,350.6
1590.1908,4.546,349.8
1610.2196,4.532,355.3
1611.557,4.546,354.5
1587.9877,4.541,349.7
1592.1841,4.553,349.7
1592.5,4.55,350.0
1575.9902,4.547,346.6
1563.1568,4.552,343.4
1611.4021,4.543,354.7
1582.704,4.548,348.0
1605.9456,4.552,352.8
1571.376,4.56,344.6
1572.165,4.557,345.0
1586.2074,4.562,347.7
1561.2303,4.561,342.3
1567.0798,4.537,345.4
1623.3766,4.546,357.1
1618.4976,4.526,357.6
1619.8325,4.531,357.5
1612.608,4.54,355.2
1601.914,4.538,353.0
1641.9217,4.547,361.1
1576.6352,4.541,347.2
1640.184,4.506,364.0
1650.0032,4.528,364.4
1615.068,4.524,357.0
1614.9135,4.535,356.1
1603.4634,4.554,352.1
1584.3366,4.554,347.9
1585.3546,4.553,348.2
1574.0816,4.552,345.8
1606.7505,4.535,354.3
1607.3112,4.552,353.1
1591.5168,4.542,350.4
1579.128,4.56,346.3
1620.5508,4.547,356.4
1576.8996,4.547,346.8
1591.623,4.554,349.5
1572.4404,4.542,346.2
1590.2185,4.537,350.5
1598.2836,4.538,352.2
1613.6304,4.548,354.8
1578.7817,4.559,346.3
1586.9337,4.551,348.7
1576.7377,4.561,345.7
1567.8195,4.551,344.5
1573.4565,4.541,346.5
1609.9408,4.553,353.6
1600.855,4.535,353.0
1622.9808,4.536,357.8
1592.0092,4.546,350.2
1597.8825,4.533,352.5
1603.4271,4.541,353.1
1612.5174,4.527,356.2
1633.1574,4.529,360.6
1609.241,4.514,356.5
1663.9272,4.524,367.8
1576.6828,4.532,347.9
1626.682,4.54,358.3
1599.896,4.54,352.4
1587.873,4.555,348.6
1563.6011,4.523,345.7
1610.5989,4.551,353.9
1617.8942,4.537,356.6
1586.6595,4.545,349.1
1587.3577,4.547,349.1
1567.296,4.535,345.6
1580.5372,4.547,347.6
1585.0864,4.534,349.6
1636.6545,4.545,360.1
1588.3374,4.542,349.7
1596.718,4.54,351.7
1594.448,4.54,351.2
1564.3056,4.558,343.2
1558.0383,4.557,341.9
1550.7466,4.537,341.8
1557.01,4.55,342.2
1571.8472,4.522,347.6
1605.4894,4.534,354.1
1611.557,4.546,354.5
1593.5147,4.549,350.3
1626.5862,4.541,358.2
1609.0755,4.539,354.5
1575.5124,4.543,346.8
1621.62,4.536,357.5
1613.04,4.512,357.5
1619.9982,4.534,357.3
1636.0106,4.547,359.8
1591.785,4.535,351.0
1585.5,4.53,350.0
1587.7208,4.526,350.8
1646.931,4.537,363.0
1590.0859,4.547,349.7
1608.5645,4.535,354.7
1574.926,4.54,346.9
1568.4795,4.545,345.1
1591.5546,4.546,350.1
1604.9892,4.548,352.9
1622.6283,4.549,356.7
1608.522,4.54,354.3
1603.8748,4.532,353.9
1600.9784,4.556,351.4
1567.4442,4.542,345.1
1553.0283,4.553,341.1
1583.748,4.551,348.0
1571.4237,4.543,345.9
1565.0074,4.531,345.4
1603.326,4.542,353.0
1570.4446,4.531,346.6
1618.964,4.54,356.6
1581.58,4.55,347.6
1585.3803,4.557,347.9
1578.85,4.55,347.0
1612.765,4.543,355.0
1582.2896,4.526,349.6
1663.4748,4.524,367.7
1634.9736,4.524,361.4
1589.9279,4.531,350.9
1603.4271,4.541,353.1
1606.706,4.54,353.9
1617.3744,4.533,356.8
1626.156,4.536,358.5
1652.5983,4.519,365.7
1588.1155,4.531,350.5
1587.114,4.545,349.2
1598.415,4.55,351.3
1566.9093,4.551,344.3
1601.4969,4.551,351.9
1577.4366,4.542,347.3
1638.412,4.526,362.0
1583.5176,4.536,349.1
1603.7292,4.538,353.4
1558.4874,4.549,342.6
1597.6477,4.553,350.9
1534.715,4.55,337.3
1578.4164,4.554,346.6
1569.3246,4.533,346.2
1611.321,4.53,355.7
1578.7419,4.551,346.9
1603.974,4.531,354.0
1605.5344,4.556,352.4
1564.0672,4.552,343.6
1582.2492,4.548,347.9
1565.4416,4.556,343.6
1579.8677,4.549,347.3
1667.6301,4.523,368.7
1643.5474,4.514,364.1
1604.5365,4.539,353.5
1627.8003,4.533,359.1
1630.8,4.53,360.0
1587.924,4.524,351.0
1610.848,4.544,354.5
1653.3297,4.521,365.7
1648.7916,4.516,365.1
1598.4864,4.536,352.4
1606.297,4.535,354.2
1578.024,4.545,347.2
1561.9032,4.551,343.2
1580.268,4.541,348.0
1581.1445,4.537,348.5
1571.8557,4.539,346.3
1605.3952,4.544,353.3
1538.914,4.553,338.0
1600.4989,4.543,352.3
1593.9,4.554,350.0
1599.0897,4.539,352.3
1617.9583,4.541,356.3
1575.9667,4.543,346.9
1608.8763,4.541,354.3
1552.6848,4.556,340.8
1558.8342,4.554,342.3
1571.0195,4.555,344.9
1573.845,4.55,345.9
1587.495,4.55,348.9
1596.9672,4.542,351.6
1588.9657,4.549,349.3
1597.4292,4.533,352.4
1631.3676,4.548,358.7
1605.4962,4.543,353.4
1599.896,4.54,352.4
1618.5415,4.535,356.9
1636.872,4.528,361.5
1626.748,4.52,359.9
1599.4072,4.513,354.4
1621.656,4.545,356.8
1605.6472,4.546,353.2
1591.9896,4.533,351.2
1586.3031,4.531,350.1
1591.3734,4.539,350.6
1587.9696,4.528,350.7
1590.7336,4.514,352.4
1596.8028,4.548,351.1
1565.61,4.538,345.0
1590.68,4.55,349.6
1567.0314,4.554,344.1
1590.1542,4.542,350.1
1603.0215,4.545,352.7
1585.9187,4.517,351.1
1608.9192,4.536,354.7
1592.2158,4.557,349.4
1560.9851,4.547,343.3
1574.5176,4.548,346.2
1557.81,4.555,342.0
1575.024,4.56,345.4
1618.9891,4.549,355.9
1621.7536,4.544,356.9
1608.6632,4.534,354.8
1603.0224,4.536,353.4
1579.6521,4.551,347.1
1594.5098,4.526,352.3
1626.4192,4.538,358.4
1601.496,4.524,354.0
1644.0122,4.519,363.8
1600.08,4.52,354.0
1617.6996,4.539,356.4
1607.4018,4.533,354.6
1636.1223,4.541,360.3
1593.1455,4.535,351.3
1606.0816,4.528,354.7
1591.1914,4.523,351.8
1606.3962,4.534,354.3
1560.5304,4.547,343.2
1562.5986,4.561,342.6
1593.1272,4.557,349.6
1596.1006,4.546,351.1
1588.0128,4.532,350.4
1641.8412,4.518,363.4
1588.0128,4.532,350.4
1567.3509,4.547,344.7
1563.48,4.545,344.0
1571.6401,4.541,346.1
1554.2774,4.546,341.9
1565.1368,4.534,345.2
1615.4642,4.534,356.3
1622.4674,4.546,356.9
1584.6696,4.538,349.2
1581.736,4.54,348.4
1567.0314,4.554,344.1
1595.65,4.559,350.0
1557.465,4.55,342.3
1567.93,4.55,344.6
1599.6864,4.524,353.6
1615.7546,4.531,356.6
1601.436,4.52,354.3
1589.5578,4.539,350.2
1634.1338,4.538,360.1
1613.97,4.54,355.5
1664.2102,4.526,367.7
1614.492,4.53,356.4
1656.8608,4.522,366.4
1603.8558,4.523,354.6
1550.9763,4.539,341.7
1585.5955,4.555,348.1
1576.5528,4.546,346.8
1570.84,4.54,346.0
1611.612,4.527,356.0
1582.8021,4.521,350.1
1589.1039,4.539,350.1
1563.3694,4.546,343.9
1566.232,4.553,344.0
1573.9106,4.541,346.6
1584.6295,4.547,348.5
1570.6845,4.533,346.5
1595.466,4.53,352.2
1616.952,4.542,356.0
1552.226,4.54,341.9
1578.7419,4.551,346.9
1555.858,4.54,342.7
1555.299,4.545,342.2
1557.6944,4.552,342.2
1583.6136,4.548,348.2
1577.2068,4.527,348.4
1592.3416,4.516,352.6
1597.4644,4.546,351.4
1620.2856,4.531,357.6
1603.1748,4.539,353.2
1602.5688,4.536,353.3
1610.1568,4.528,355.6
1654.069,4.507,367.0
1613.5449,4.521,356.9
1618.056,4.54,356.4
1582.1145,4.545,348.1
1600.0446,4.543,352.2
1585.9266,4.539,349.4
1609.4071,4.517,356.3
1598.8388,4.537,352.4
1576.4718,4.534,347.7
1576.3368,4.548,346.6
1577.5056,4.554,346.4
1584.1441,4.543,348.7
1582.1145,4.545,348.1
1588.2328,4.543,349.6
1585.7056,4.528,350.2
1581.1445,4.537,348.5
1573.11,4.54,346.5
1573.7358,4.551,345.8
1567.9422,4.554,344.3
1549.156,4.535,341.6
1594.7368,4.546,350.8
1580.0825,4.547,347.5
1603.528,4.54,353.2
1580.5524,4.534,348.6
1610.2935,4.545,354.3
1593.7602,4.551,350.2
1559.4612,4.532,344.1
1605.744,4.536,354.0
1603.074,4.54,353.1
1630.81,4.505,362.0
1608.528,4.512,356.5
1638.5,4.52,362.5
1592.2468,4.526,351.8
1605.0906,4.538,353.7
1596.8748,4.534,352.2
1578.342,4.516,349.5
1649.7371,4.531,364.1
1610.544,4.524,356.0
1588.4884,4.562,348.2
1613.7726,4.542,355.3
1577.3543,4.547,346.9
1577.0074,4.546,346.9
1606.452,4.538,354.0
1587.7068,4.548,349.1
1610.7705,4.531,355.5
1608.7008,4.529,355.2
1572.0408,4.554,345.2
1575.3528,4.536,347.3
1586.0235,4.551,348.5
1589.7,4.542,350.0
1597.9779,4.541,351.9
1576.8486,4.539,347.4
1575.1525,4.525,348.1
1593.7602,4.551,350.2
1556.9976,4.542,342.8
1573.0442,4.549,345.8
1548.8222,4.546,340.7
1586.276,4.54,349.4
1589.5578,4.539,350.2
1578.8955,4.515,349.7
1628.9163,4.521,360.3
1617.084,4.536,356.5
1599.0777,4.521,353.7
1585.5147,4.521,350.7
1604.682,4.533,354.0
1657.936,4.52,366.8
1646.4602,4.522,364.1
1596.372,4.53,352.4
1584.0755,4.535,349.3
1597.3611,4.547,351.3
1604.436,4.54,353.4
1608.9192,4.536,354.7
1574.1428,4.526,347.8
1627.8354,4.518,360.3
1595.5423,4.547,350.9
1586.8344,4.539,349.6
1594.7055,4.555,350.1
1576.5012,4.538,347.4
1580.5372,4.547,347.6
1602.0064,4.528,353.8
1646.0172,4.527,363.6
1619.2553,4.537,356.9
1556.534,4.538,343.0
1571.8557,4.539,346.3
1578.0481,4.549,346.9
1557.4518,4.542,342.9
1546.778,4.54,340.7
1585.822,4.54,349.3
1594.7094,4.533,351.8
1602.7583,4.511,355.3
1572.7866,4.543,346.2
1609.704,4.528,355.5
1610.1568,4.528,355.6
1609.5425,4.525,355.7
1591.4384,4.516,352.4
1620.872,4.52,358.6
1628.832,4.512,361.0
1639.7143,4.501,364.3
1630.5328,4.528,360.1
1595.6148,4.524,352.7
1603.4004,4.509,355.6
1619.968,4.52,358.4
1599.1912,4.538,352.4
1588.9192,4.532,350.6
1577.643,4.514,349.5
1590.183,4.515,352.2
1602.0104,4.546,352.4
1566.7124,4.532,345.7
1592.9504,4.528,351.8
1619.1867,4.547,356.1
1571.724,4.536,346.5
1583.622,4.535,349.2
1586.6209,4.519,351.1
1625.2239,4.541,357.9
1570.2312,4.533,346.4
1560.04,4.535,344.0
1571.724,4.536,346.5
1561.6848,4.524,345.2
1618.6709,4.543,356.3
1569.952,4.544,345.5
1627.629,4.53,359.3
1600.6536,4.537,352.8
1578.7725,4.525,348.9
1600.0486,4.534,352.9
1606.9872,4.528,354.9
1603.0107,4.527,354.1
1610.1197,4.519,356.3
1622.228,4.52,358.9
1667.798,4.51,369.8
1598.5368,4.508,354.6
1613.036,4.531,356.0
1588.7136,4.534,350.4
1586.2,4.532,350.0
1636.7818,4.519,362.2
1586.1584,4.528,350.3
1618.518,4.521,358.0
1637.7515,4.543,360.5
1567.3167,4.539,345.3
1580.7616,4.532,348.8
1596.6156,4.541,351.6
1588.1961,4.539,349.9
1590.2582,4.541,350.2
1603.2765,4.515,355.1
1606.9485,4.533,354.5
1585.0052,4.526,350.2
1571.563,4.529,347.0
1566.927,4.53,345.9
1564.1394,4.539,344.6
1569.8848,4.532,346.4
1547.5707,4.537,341.1
1579.5405,4.535,348.3
1598.527,4.522,353.5
1594.4094,4.527,352.2
1585.6029,4.529,350.1
1572.1155,4.545,345.9
1577.273,4.535,347.8
1601.5943,4.523,354.1
1614.544,4.52,357.2
1636.5024,4.512,362.7
1599.0777,4.521,353.7
1638.0,4.5,364.0
1606.462,4.51,356.2
1613.9018,4.522,356.9
1575.5685,4.521,348.5
1590.889,4.526,351.5
1605.786,4.498,357.0
1600.532,4.52,354.1
1644.9692,4.508,364.9
1602.912,4.528,354.0
1555.368,4.528,343.5
1583.8302,4.533,349.4
1583.688,4.53,349.6
1550.4689,4.519,343.1
1596.619,4.523,353.0
1592.932,4.51,353.2
1607.1048,4.536,354.3
1566.2854,4.519,346.6
1564.8516,4.524,345.9
1574.339,4.537,347.0
1554.7086,4.534,342.9
1554.5024,4.544,342.1
1603.576,4.535,353.6
1563.228,4.518,346.0
1596.2202,4.527,352.6
1583.0276,4.532,349.3
1573.564,4.54,346.6
1561.854,4.535,344.4
1612.7438,4.534,355.7
1595.2144,4.528,352.3
1635.333,4.515,362.2
1625.659,4.522,359.5
1623.602,4.505,360.4
1586.2,4.532,350.0
1607.571,4.522,355.5
1609.962,4.53,355.4
1619.2128,4.528,357.6
1630.1856,4.512,361.3
1619.1,4.5,359.8
1639.86,4.53,362.0
1562.2888,4.531,344.8
1571.186,4.541,346.0
1592.0746,4.541,350.6
1566.688,4.528,346.0
1566.9504,4.534,345.6
1599.9214,4.517,354.2
1591.989,4.515,352.6
1600.984,4.52,354.2
1571.7744,4.527,347.2
1586.7562,4.531,350.2
1553.5696,4.532,342.8
1556.8928,4.547,342.4
1578.252,4.53,348.4
1606.6323,4.527,354.9
1576.6075,4.537,347.5
1586.406,4.53,350.2
1584.8784,4.536,349.4
1590.5745,4.551,349.5
1585.0864,4.534,349.6
1540.6454,4.522,340.7
1572.0159,4.529,347.1
1613.9241,4.517,357.3
1632.5127,4.501,362.7
1585.7056,4.528,350.2
1597.1256,4.527,352.8
1609.7357,4.523,355.9
1579.5949,4.517,349.7
1588.275,4.525,351.0
1666.903,4.493,371.0
1626.306,4.51,360.6
1651.2804,4.508,366.3
1568.9968,4.519,347.2
1612.2904,4.534,355.6
1578.5649,4.527,348.7
1588.9608,4.536,350.3
1582.6392,4.527,349.6
1623.7408,4.528,358.6
1583.4808,4.532,349.4
1616.8982,4.519,357.8
1591.8273,4.539,350.7
1565.0635,4.543,344.5
1597.626,4.54,351.9
1575.5124,4.543,346.8
1601.4075,4.543,352.5
1579.288,4.52,349.4
1587.8068,4.534,350.2
1580.796,4.536,348.5
1555.2723,4.533,343.1
1560.3676,4.532,344.3
1583.052,4.549,348.0
1569.7152,4.542,345.6
1555.0689,4.543,342.3
1590.4224,4.508,352.8
1635.0599,4.513,362.3
1605.109,4.51,355.9
1623.6767,4.519,359.3
1605.9834,4.529,354.6
1606.5696,4.523,355.2
1619.064,4.52,358.2
1621.5102,4.518,358.9
1636.8405,4.503,363.5
1634.5194,4.514,362.1
1596.5728,4.528,352.6
1591.492,4.52,352.1
1559.278,4.546,343.0
1552.3305,4.535,342.3
1579.8839,4.523,349.3
1599.504,4.512,354.5
1625.5662,4.523,359.4
1565.6972,4.516,346.7
1592.748,4.53,351.6
1566.99,4.542,345.0
1565.996,4.526,346.0
1580.751,4.545,347.8
1595.8676,4.526,352.6
1590.8396,4.522,351.8
1591.086,4.515,352.4
1591.1,4.546,350.0
1558.0171,4.541,343.1
1587.3577,4.547,349.1
1567.4608,4.546,344.8
1598.103,4.553,351.0
1615.4301,4.539,355.9
1578.3565,4.529,348.5
1584.9144,4.518,350.8
1605.8441,4.507,356.3
1592.9004,4.524,352.1
1587.5168,4.528,350.6
1606.1173,4.523,355.1
1596.2828,4.508,354.1
1657.1408,4.508,367.6
1642.0272,4.521,363.2
1618.14,4.525,357.6
1636.5984,4.516,362.4
1618.4238,4.522,357.9
1623.1175,4.525,358.7
1548.354,4.53,341.8
1592.4252,4.542,350.6
1593.3,4.52,352.5
1614.8275,4.517,357.5
1613.3264,4.528,356.3
1568.418,4.533,346.0
1594.0352,4.544,350.8
1570.098,4.53,346.6
1588.5824,4.544,349.6
1611.4438,4.538,355.1
1619.95,4.525,358.0
1585.1901,4.533,349.7
1593.6046,4.526,352.1
1606.8496,4.534,354.4
1595.356,4.54,351.4
1563.4317,4.533,344.9
1584.8716,4.549,348.4
1570.8168,4.536,346.3
1566.6615,4.545,344.7
1585.9187,4.517,351.1
1611.612,4.527,356.0
1594.2465,4.515,353.1
1637.144,4.52,362.2
1610.5124,4.529,355.6
1602.6945,4.521,354.5
1628.2688,4.528,359.6
1604.5348,4.516,355.3
1617.0672,4.522,357.6
1635.516,4.518,362.0
1626.0816,4.532,358.8
1604.0832,4.516,355.2
1623.4573,4.531,358.3
1616.5917,4.527,357.1
1579.572,4.539,348.0
1613.5668,4.516,357.3
1614.9012,4.521,357.2
1581.6304,4.528,349.3
1584.3472,4.528,349.9
1584.5984,4.543,348.8
1567.7001,4.527,346.3
1590.7752,4.536,350.7
1564.1215,4.535,344.9
1601.76,4.512,355.0
1604.467,4.526,354.5
1588.5072,4.536,350.2
1564.1598,4.522,345.9
1586.276,4.54,349.4
1619.3835,4.545,356.3
1573.1915,4.535,346.9
1555.9692,4.539,342.8
1561.2075,4.545,343.5
1605.5676,4.524,354.9
1623.7923,4.537,357.9
1622.783,4.514,359.5
1619.2128,4.528,357.6
1600.1316,4.551,351.6
1623.0765,4.535,357.9
1624.3953,4.521,359.3
1635.2375,4.511,362.5
1630.9071,4.519,360.9
1628.095,4.525,359.8
1625.439,4.534,358.5
1602.7284,4.516,354.9
1599.2424,4.533,352.8
1589.8734,4.509,352.6
1643.48,4.525,363.2
1578.4236,4.524,348.9
1584.7741,4.537,349.3
1587.6736,4.544,349.4
1582.5744,4.532,349.2
1604.3353,4.541,353.3
1626.0816,4.532,358.8
1616.304,4.53,356.8
1630.81,4.525,360.4
1597.8298,4.538,352.1
1576.7136,4.536,347.6
1587.95,4.55,349.0
1588.9657,4.549,349.3
1603.7292,4.538,353.4
1621.7847,4.539,357.3
1577.5892,4.532,348.1
1580.4128,4.531,348.8
1625.911,4.529,359.0
1597.401,4.551,351.0
1573.4043,4.533,347.1
1616.274,4.535,356.4
1616.7424,4.511,358.4
1651.0692,4.521,365.2
1608.8112,4.509,356.8
1649.2432,4.516,365.2
1606.8275,4.525,355.1
1615.0414,4.529,356.6
1624.3814,4.526,358.9
1630.0668,4.533,359.6
1633.8464,4.496,363.4
1613.5449,4.521,356.9
1621.854,4.524,358.5
1599.5436,4.539,352.4
1624.6431,4.547,357.3
1587.7068,4.548,349.1
1627.5645,4.545,358.1
1621.8118,4.534,357.7
1630.6332,4.522,360.6
1632.732,4.548,359.0
1617.602,4.54,356.3
1605.6976,4.541,353.6
1590.5406,4.547,349.8
1611.1468,4.541,354.8
1585.3265,4.549,348.5
1579.6456,4.534,348.4
1605.5886,4.533,354.2
1624.036,4.52,359.3
1590.878,4.535,350.8
1567.6956,4.548,344.7
1594.7368,4.546,350.8
1585.8876,4.548,348.7
1592.9407,4.537,351.1
1611.5152,4.528,355.9
1620.2665,4.507,359.5
1655.7048,4.509,367.2
1632.6783,4.539,359.7
1628.535,4.53,359.5
1615.8775,4.525,357.1
1596.2184,4.536,351.9
1641.4904,4.532,362.2
1628.1957,4.519,360.3
1649.4156,4.514,365.4
1635.321,4.535,360.6
1585.296,4.545,348.8
1601.5558,4.546,352.3
1596.1006,4.546,351.1
1600.7931,4.549,351.9
1614.52,4.525,356.8
1632.0528,4.536,359.8
1640.023,4.543,361.0
1631.676,4.54,359.4
1594.593,4.543,351.0
1609.2306,4.542,354.3
1592.955,4.55,350.1
1576.421,4.543,347.0
1649.1092,4.538,363.4
1616.5644,4.532,356.7
1640.0332,4.538,361.4
1589.35,4.541,350.0
1577.5932,4.549,346.8
1600.0893,4.547,351.9
1619.5428,4.548,356.1
1596.348,4.548,351.0
1629.3108,4.541,358.8
1682.1888,4.544,370.2
1659.6842,4.526,366.7
1639.9509,4.529,362.1
1648.4725,4.535,363.5
1617.33,4.524,357.5
1609.3116,4.518,356.2
1629.0,4.525,360.0
1657.4212,4.526,366.2
1664.096,4.522,368.0
1694.6904,4.524,374.6
1631.5992,4.536,359.7
1619.1867,4.547,356.1
1603.875,4.55,352.5
1602.714,4.53,353.8
1628.783,4.537,359.0
1647.6556,4.534,363.4
1660.5552,4.542,365.6
1612.8744,4.551,354.4
1617.3679,4.547,355.7
1601.1864,4.554,351.6
1600.2484,4.541,352.4
1630.7874,4.554,358.1
1601.2554,4.531,353.4
1618.116,4.53,357.2
1629.3684,4.521,360.4
1616.103,4.546,355.5
1613.0268,4.554,354.2
1590.4,4.544,350.0
1591.1676,4.554,349.4
1580.3463,4.553,347.1
1637.4498,4.551,359.8
1685.124,4.536,371.5
1649.6544,4.542,363.2
1671.4518,4.526,369.3
1624.2858,4.546,357.3
1624.604,4.538,358.0
1632.0354,4.541,359.4
1636.0422,4.537,360.6
1668.7673,4.531,368.3
1651.758,4.513,366.0
1634.2392,4.532,360.6
1611.7989,4.539,355.1
1608.3084,4.533,354.8
1646.645,4.55,361.9
1644.385,4.525,363.4
1626.228,4.54,358.2
1649.7371,4.531,364.1
1595.0876,4.547,350.8
1632.2048,4.544,359.2
1617.8226,4.547,355.8
1588.2671,4.547,349.3
1618.6709,4.543,356.3
1630.8929,4.529,360.1
1600.3008,4.536,352.8
1597.7124,4.548,351.3
1594.7055,4.555,350.1
1582.3827,4.551,347.7
1590.924,4.552,349.5
1618.09,4.558,355.0
1628.082,4.53,359.4
1636.3277,4.529,361.3
1642.4797,4.541,361.7
1596.456,4.56,350.1
1625.715,4.55,357.3
1609.6848,4.542,354.4
1604.1718,4.529,354.2
1641.9382,4.522,363.1
1634.6124,4.518,361.8
1646.0236,4.537,362.8
1637.135,4.535,361.0
1643.3014,4.537,362.2
1658.2588,4.532,365.9
1623.4075,4.541,357.5
1662.7044,4.533,366.8
1669.1955,4.515,369.7
1645.8368,4.544,362.2
1598.988,4.54,352.2
1619.4816,4.544,356.4
1624.1536,4.552,356.8
1616.7552,4.544,355.8
1638.5292,4.554,359.8
1618.088,4.535,356.8
1647.3847,4.537,363.1
1623.765,4.542,357.5
1637.6712,4.539,360.8
1631.601,4.555,358.2
1586.6532,4.532,350.1
1632.54,4.55,358.8
1594.0053,4.553,350.1
1645.0116,4.548,361.7
1632.0528,4.536,359.8
1624.383,4.545,357.4
1638.91,4.55,360.2
1617.525,4.55,355.5
1626.625,4.55,357.5
1607.718,4.548,353.5
1611.657,4.545,354.6
1659.5313,4.533,366.1
1643.3724,4.516,363.9
1676.6358,4.529,370.2
1647.108,4.53,363.6
1650.6322,4.526,364.7
1599.3891,4.527,353.3
1665.4242,4.533,367.4
1657.5084,4.509,367.6
1659.444,4.534,366.0
1658.886,4.53,366.2
1614.4832,4.544,355.3
1620.4524,4.548,356.3
1592.9892,4.554,349.8
1620.255,4.55,356.1
1613.1972,4.534,355.8
1662.1818,4.539,366.2
1640.2188,4.521,362.8
1650.8294,4.534,364.1
1625.292,4.545,357.6
1599.3855,4.545,351.9
1623.1812,4.548,356.9
1589.9808,4.548,349.6
1622.0128,4.546,356.8
1609.4715,4.535,354.9
1665.9324,4.548,366.3
1609.3132,4.532,355.1
1631.655,4.545,359.0
1609.9881,4.557,353.3
1617.3306,4.561,354.6
1611.9642,4.551,354.2
1614.9491,4.553,354.7
1620.9736,4.538,357.2
1670.832,4.528,369.0
1642.0344,4.531,362.4
1681.7344,4.544,370.1
1653.9908,4.529,365.2
1640.0394,4.533,361.8
1650.5628,4.542,363.4
1673.7408,4.509,371.2
1643.1168,4.524,363.2
1650.6433,4.531,364.3
1641.8526,4.533,362.2
1627.59,4.54,358.5
1625.715,4.55,357.3
1610.3961,4.553,353.7
1646.6585,4.535,363.1
1635.7745,4.535,360.7
1650.3808,4.544,363.2
1604.58,4.552,352.5
1593.5147,4.549,350.3
1613.4173,4.541,355.3
1602.5526,4.554,351.9
1631.3166,4.539,359.4
1601.4969,4.551,351.9
1631.2005,4.545,358.9
1625.0978,4.547,357.4
1625.4819,4.557,356.7
1593.0432,4.536,351.2
1615.5576,4.556,354.6
1595.6165,4.555,350.3
1611.1035,4.555,353.7
1621.1036,4.546,356.6
1639.5888,4.528,362.1
1644.9048,4.554,361.2
1673.8685,4.535,369.1
1639.3815,4.545,360.7
1648.2884,4.532,363.7
1654.4437,4.529,365.3
1655.4368,4.528,365.6
1677.6138,4.517,371.4
1674.0369,4.533,369.3
1629.3825,4.545,358.5
1623.9285,4.545,357.3
1630.1604,4.532,359.7
1675.3967,4.549,368.3
1631.3913,4.543,359.1
1663.611,4.533,367.0
1662.0775,4.535,366.5
1637.067,4.555,359.4
1604.8296,4.554,352.4
1636.6115,4.555,359.3
1614.895,4.549,355.0
1608.0174,4.554,353.1
1628.8146,4.527,359.8
1661.563,4.546,365.5
1633.7574,4.542,359.7
1641.2792,4.549,360.8
1631.3712,4.562,357.6
1599.5316,4.548,351.7
1608.105,4.562,352.5
1599.0866,4.561,350.6
1651.5617,4.541,363.7
1636.635,4.55,359.7
1612.2528,4.539,355.2
1621.0662,4.551,356.2
1621.0248,4.556,355.8
1637.496,4.536,361.0
1660.698,4.53,366.6
1641.2175,4.525,362.7
1684.3428,4.506,373.8
1637.142,4.53,361.4
1641.9436,4.532,362.3
1616.0794,4.537,356.2
1636.2753,4.549,359.7
1645.0203,4.543,362.1
1654.1902,4.537,364.6
1704.408,4.533,376.0
1641.5802,4.526,362.7
1649.352,4.56,361.7
1588.6871,4.543,349.7
1617.664,4.544,356.0
1597.0697,4.541,351.7
1617.2793,4.557,354.9
1612.055,4.541,355.0
1661.4312,4.532,366.6
1637.8294,4.547,360.2
1631.8224,4.548,358.8
1623.1038,4.558,356.1
1616.7146,4.549,355.4
1608.1196,4.553,353.2
1600.7931,4.549,351.9
1613.553,4.535,355.8
1651.9251,4.547,363.3
1593.8276,4.546,350.6
1595.7558,4.558,350.1
1585.7814,4.549,348.6
1590.072,4.56,348.7
1592.045,4.55,349.9
1630.1956,4.546,358.6
1657.908,4.515,367.2
1661.4675,4.521,367.5
1665.568,4.526,368.0
1634.7848,4.531,360.8
1666.914,4.542,367.0
1598.8388,4.537,352.4
1680.8274,4.522,371.7
1657.2024,4.518,366.8
1639.136,4.528,362.0
1640.6751,4.531,362.1
1609.4855,4.553,353.5
1605.24,4.55,352.8
1628.868,4.555,357.6
1606.6058,4.541,353.8
