1872.6099,4.179,448.1
1839.505,4.175,440.6
1843.5576,4.188,440.2
1817.232,4.192,433.5
1829.5056,4.176,438.1
1809.6078,4.186,432.3
1812.6468,4.194,432.2
1823.4792,4.167,437.6
1596.2451,4.353,366.7
1604.6085,4.345,369.3
1611.7394,4.349,370.6
1593.59,4.366,365.0
1609.3428,4.359,369.2
1594.6824,4.344,367.1
1557.948,4.364,357.0
1568.6736,4.372,358.8
1600.0866,4.379,365.4
1575.2528,4.366,360.8
1561.875,4.375,357.0
1592.864,4.376,364.0
1558.9633,4.351,358.3
1560.2874,4.362,357.7
1551.724,4.36,355.9
1558.0273,4.363,357.1
1575.4793,4.363,361.1
1601.565,4.358,367.5
1617.6249,4.359,371.1
1621.3072,4.349,372.8
1594.0449,4.347,366.7
1584.132,4.364,363.0
1587.3312,4.368,363.4
1650.1899,4.321,381.9
1607.7259,4.337,370.7
1622.2317,4.341,373.7
1605.9902,4.357,368.6
1623.9681,4.341,374.1
1599.4276,4.351,367.6
1623.228,4.36,372.3
1610.3208,4.344,370.7
1630.2783,4.337,375.9
1655.04,4.31,384.0
1636.0245,4.311,379.5
1616.4861,4.321,374.1
1624.9188,4.317,376.4
1615.836,4.332,373.0
1621.577,4.315,375.8
1598.6583,4.343,368.1
1620.06,4.355,372.0
1587.5244,4.347,365.2
1579.5491,4.343,363.7
1588.185,4.35,365.1
1590.2905,4.351,365.5
1637.3985,4.349,376.5
1580.3472,4.344,363.8
1601.0664,4.346,368.4
1625.3894,4.339,374.6
1577.0144,4.342,363.2
1577.8172,4.349,362.8
1601.1008,4.352,367.9
1602.3915,4.365,367.1
1600.3944,4.356,367.4
1602.6336,4.374,366.4
1602.6322,4.342,369.1
1599.4608,4.344,368.2
1582.1708,4.361,362.8
1588.7848,4.372,363.4
1578.1584,4.368,361.3
1567.2129,4.357,359.7
1593.7024,4.352,366.2
1611.423,4.367,369.0
1597.0119,4.367,365.7
1573.6738,4.358,361.1
1598.7888,4.354,367.2
1663.956,4.34,383.4
1585.6596,4.361,363.6
1608.2018,4.363,368.6
1644.9149,4.339,379.1
1615.2048,4.356,370.8
1594.6415,4.351,366.5
1593.2295,4.371,364.5
1599.495,4.35,367.7
1569.6261,4.371,359.1
1556.479,4.366,356.5
1596.4364,4.381,364.4
1555.283,4.37,355.9
1564.6752,4.356,359.2
1558.9346,4.357,357.8
1626.03,4.35,373.8
1597.0828,4.366,365.8
1600.2788,4.364,366.7
1604.6736,4.344,369.4
1581.7347,4.361,362.7
1581.3336,4.378,361.2
1589.2,4.384,362.5
1590.303,4.381,363.0
1580.9481,4.383,360.7
1555.2024,4.349,357.6
1559.9718,4.366,357.3
1575.486,4.38,359.7
1575.6136,4.367,360.8
1592.4425,4.345,366.5
1600.4625,4.355,367.5
1592.6724,4.348,366.3
1622.484,4.344,373.5
1599.615,4.335,369.0
1651.5135,4.329,381.5
1615.5828,4.329,373.2
1603.8864,4.336,369.9
1632.6501,4.341,376.1
1590.656,4.352,365.5
1620.4955,4.355,372.1
1633.6306,4.361,374.6
1617.9072,4.368,370.4
1599.5915,4.355,367.3
1606.9284,4.356,368.9
1586.2359,4.371,362.9
1577.586,4.364,361.5
1612.093,4.37,368.9
1608.4068,4.326,371.8
1637.311,4.343,377.0
1611.435,4.326,372.5
1619.9118,4.329,374.2
1609.5158,4.343,370.6
1588.0552,4.358,364.4
1582.2384,4.366,362.4
1587.4732,4.372,363.1
1581.503,4.37,361.9
1567.8,4.355,360.0
1566.9073,4.361,359.3
1579.7886,4.381,360.6
1576.2352,4.376,360.2
1585.7244,4.372,362.7
1595.4638,4.358,366.1
1597.6035,4.383,364.5
1564.2221,4.373,357.7
1614.046,4.34,371.9
1589.6288,4.348,365.6
1611.8075,4.327,372.5
1591.6267,4.369,364.3
1583.3338,4.357,363.4
1579.3364,4.346,363.4
1606.4259,4.357,368.7
1565.8496,4.369,358.4
1565.6132,4.372,358.1
1570.0136,4.366,359.6
1578.881,4.37,361.3
1573.4054,4.373,359.8
1586.8872,4.374,362.8
1608.8446,4.379,367.4
1573.2171,4.381,359.1
1577.598,4.346,363.0
1593.0124,4.343,366.8
1587.6232,4.364,363.8
1577.3411,4.373,360.7
1610.3833,4.363,369.1
1572.652,4.36,360.7
1567.5726,4.358,359.7
1601.4636,4.372,366.3
1562.8302,4.374,357.3
1555.72,4.37,356.0
1551.35,4.37,355.0
1556.652,4.38,355.4
1592.857,4.382,363.5
1594.3939,4.379,364.1
1571.2466,4.367,359.8
1576.7244,4.358,361.8
1569.654,4.365,359.6
1579.8481,4.351,363.1
1637.2736,4.336,377.6
1614.344,4.328,373.0
1622.2752,4.333,374.4
1603.6482,4.326,370.7
1645.566,4.335,379.6
1637.9842,4.331,378.2
1621.12,4.352,372.5
1567.6486,4.357,359.8
1592.6038,4.349,366.2
1592.1792,4.336,367.2
1612.9344,4.364,369.6
1637.7963,4.357,375.9
1598.4588,4.346,367.8
1619.4422,4.351,372.2
1594.6824,4.344,367.1
1652.8307,4.337,381.1
1620.9344,4.348,372.8
1654.3908,4.332,381.9
1631.2605,4.335,376.3
1637.048,4.34,377.2
1652.6748,4.348,380.1
1621.2105,4.329,374.5
1579.755,4.37,361.5
1589.2965,4.365,364.1
1573.5064,4.366,360.4
1597.5322,4.378,364.9
1566.4484,4.378,357.8
1552.4358,4.362,355.9
1611.0453,4.353,370.1
1583.6247,4.359,363.3
1625.8455,4.353,373.5
1626.768,4.345,374.4
1578.1752,4.344,363.3
1606.3892,4.351,369.2
1622.356,4.36,372.1
1622.55,4.35,373.0
1599.0926,4.343,368.2
1579.8304,4.369,361.6
1590.2384,4.376,363.4
1587.9142,4.366,363.7
1579.4125,4.357,362.5
1595.324,4.36,365.9
1576.2944,4.352,362.2
1578.4704,4.352,362.7
1581.8811,4.359,362.9
1561.0,4.375,356.8
1566.3725,4.345,360.5
1575.786,4.353,362.0
1563.6504,4.358,358.8
1596.9982,4.361,366.2
1595.741,4.354,366.5
1602.2523,4.367,366.9
1587.6232,4.364,363.8
1587.912,4.36,364.2
1558.016,4.352,358.0
1531.3167,4.359,351.3
1571.8554,4.359,360.6
1579.6794,4.371,361.4
1604.1375,4.365,367.5
1580.192,4.37,361.6
1582.6069,4.361,362.9
1562.0322,4.362,358.1
1555.3125,4.375,355.5
1593.6666,4.371,364.6
1587.2976,4.344,365.4
1607.968,4.36,368.8
1566.317,4.363,359.0
1572.7446,4.347,361.8
1622.911,4.322,375.5
1654.4616,4.322,382.8
1609.0815,4.343,370.5
1617.828,4.349,372.0
1645.718,4.348,378.5
1604.8677,4.341,369.7
1601.769,4.355,367.8
1601.0334,4.353,367.8
1609.8796,4.364,368.9
1597.8495,4.355,366.9
1607.102,4.34,370.3
1611.9385,4.339,371.5
1612.106,4.322,373.0
1633.541,4.333,377.0
1616.3112,4.324,373.8
1624.5581,4.331,375.1
1587.1592,4.346,365.2
1579.1854,4.342,363.7
1596.6118,4.354,366.7
1596.7488,4.352,366.9
1657.1298,4.346,381.3
1622.292,4.361,372.0
1606.1328,4.374,367.2
1563.2146,4.358,358.7
1565.599,4.361,359.0
1584.5632,4.352,364.1
1580.9907,4.371,361.7
1635.5574,4.358,375.3
1594.8464,4.348,366.8
1614.6135,4.365,369.9
1606.7946,4.358,368.7
1592.5005,4.369,364.5
1594.3917,4.367,365.1
1582.377,4.37,362.1
1572.858,4.38,359.1
1584.2728,4.391,360.8
1540.9463,4.369,352.7
1582.53,4.35,363.8
1616.9934,4.362,370.7
1577.7354,4.362,361.7
1568.1004,4.351,360.4
1591.6416,4.344,366.4
1633.6208,4.354,375.2
1627.2128,4.352,373.9
1584.6409,4.357,363.7
1594.098,4.365,365.2
1618.542,4.365,370.8
1569.654,4.365,359.6
1571.4195,4.359,360.5
1556.865,4.35,357.9
1549.2474,4.369,354.6
1587.036,4.372,363.0
1602.1123,4.369,366.7
1562.346,4.38,356.7
1564.1788,4.379,357.2
1551.4319,4.369,355.1
1592.7072,4.384,363.3
1589.875,4.375,363.4
1608.7056,4.362,368.8
1601.3949,4.341,368.9
1602.2798,4.334,369.7
1617.0336,4.368,370.2
1584.1994,4.369,362.6
1572.877,4.357,361.0
1565.8294,4.358,359.3
1563.6504,4.358,358.8
1590.8981,4.367,364.3
1560.7237,4.373,356.9
1560.3658,4.361,357.8
1612.8958,4.358,370.1
1591.2072,4.344,366.3
1628.2716,4.363,373.2
1624.536,4.36,372.6
1641.1065,4.345,377.7
1629.6413,4.333,376.1
1659.922,4.334,383.0
1606.2816,4.346,369.6
1631.8044,4.348,375.3
1644.0471,4.339,378.9
1644.0471,4.339,378.9
1629.1956,4.348,374.7
1608.6951,4.349,369.9
1618.3256,4.348,372.2
1605.6716,4.342,369.8
1617.7541,4.357,371.3
1584.3407,4.349,364.3
1616.7531,4.359,370.9
1612.479,4.323,373.0
1638.6708,4.342,377.4
1635.1395,4.343,376.5
1620.0612,4.341,373.2
1605.8148,4.366,367.8
1607.286,4.37,367.8
1596.5823,4.373,365.1
1556.6776,4.358,357.2
1565.9058,4.357,359.4
1583.116,4.36,363.1
1592.7786,4.359,365.4
1572.5567,4.367,360.1
1569.3125,4.375,358.7
1580.742,4.38,360.9
1575.3285,4.365,360.9
1591.407,4.366,364.5
1586.7504,4.364,363.6
1615.155,4.35,371.3
1589.4432,4.338,366.4
1628.0865,4.359,373.5
1610.316,4.364,369.0
1576.6566,4.353,362.2
1570.0628,4.348,361.1
1617.1466,4.346,372.1
1589.0766,4.362,364.3
1555.2495,4.365,356.3
1567.8324,4.388,357.3
1553.067,4.365,355.8
1553.0645,4.381,354.5
1578.7068,4.378,360.6
1569.9906,4.383,358.2
1564.897,4.37,358.1
1549.7376,4.363,355.2
1595.9957,4.369,365.3
1599.5616,4.368,366.2
1582.1641,4.367,362.3
1580.2839,4.357,362.7
1602.4064,4.352,368.2
1606.3232,4.352,369.1
1602.5988,4.362,367.4
1620.0625,4.375,370.3
1591.9888,4.376,363.8
1582.3125,4.365,362.5
1566.9073,4.361,359.3
1542.132,4.36,353.7
1539.72,4.368,352.5
1542.674,4.364,353.5
1557.0348,4.359,357.2
1559.7725,4.363,357.5
1587.4464,4.384,362.1
1585.6752,4.336,365.7
1612.416,4.352,370.5
1654.2121,4.327,382.3
1639.5003,4.327,378.9
1595.7516,4.341,367.6
1627.5589,4.339,375.1
1614.6405,4.323,373.5
1611.4329,4.347,370.7
1611.7855,4.355,370.1
1610.1288,4.347,370.4
1586.314,4.364,363.5
1574.0349,4.359,361.1
1607.0076,4.374,367.4
1609.8393,4.371,368.3
1637.1194,4.361,375.4
1622.1344,4.328,374.8
1621.1106,4.338,373.7
1611.0622,4.346,370.7
1635.1972,4.342,376.6
1639.8252,4.329,378.8
1613.796,4.344,371.5
1592.346,4.34,366.9
1568.756,4.382,358.0
1579.6935,4.365,361.9
1564.6434,4.339,360.6
1581.8018,4.366,362.3
1549.9566,4.371,354.6
1556.3204,4.357,357.2
1582.5348,4.356,363.3
1610.0812,4.361,369.2
1570.9324,4.348,361.3
1631.172,4.344,375.5
1626.7161,4.353,373.7
1647.513,4.347,379.0
1630.5156,4.362,373.8
1593.3549,4.357,365.7
1588.495,4.37,363.5
1576.9455,4.355,362.1
1590.67,4.358,365.0
1556.324,4.34,358.6
1562.8266,4.363,358.2
1560.3668,4.372,356.9
1572.12,4.367,360.0
1562.624,4.36,358.4
1551.9504,4.368,355.3
1603.2951,4.377,366.3
1578.384,4.365,361.6
1562.955,4.35,359.3
1564.3922,4.354,359.3
1587.1744,4.352,364.7
1590.3888,4.368,364.1
1613.304,4.365,369.6
1603.845,4.35,368.7
1562.3361,4.329,360.9
1564.522,4.358,359.0
1573.026,4.355,361.2
1602.736,4.36,367.6
1578.0224,4.364,361.6
1560.447,4.371,357.0
1579.5542,4.361,362.2
1566.4712,4.361,359.2
1584.7104,4.368,362.8
1566.7533,4.363,359.1
1551.9232,4.352,356.6
1580.6464,4.352,363.2
1587.4045,4.367,363.5
1607.2155,4.345,369.9
1646.3616,4.352,378.3
1626.8878,4.343,374.6
1659.616,4.34,382.4
1604.4336,4.341,369.6
1600.0616,4.328,369.7
1624.4739,4.347,373.7
1587.6908,4.357,364.4
1600.7618,4.357,367.4
1632.75,4.354,375.0
1574.7729,4.349,362.1
1585.1508,4.362,363.4
1630.2592,4.352,374.6
1619.6922,4.347,372.6
1595.9856,4.344,367.4
1606.0544,4.336,370.4
1659.616,4.34,382.4
1656.0425,4.325,382.9
1617.1175,4.325,373.9
1592.6932,4.354,365.8
1597.3776,4.368,365.7
1599.1248,4.368,366.1
1611.6104,4.351,370.4
1599.684,4.36,366.9
1604.664,4.37,367.2
1579.3316,4.364,361.9
1584.187,4.345,364.6
1573.3245,4.345,362.1
1608.2352,4.356,369.2
1596.9096,4.356,366.6
1579.6284,4.348,363.3
1583.8724,4.337,365.2
1576.2171,4.341,363.1
1583.9135,4.355,363.7
1591.2576,4.362,364.8
1619.1744,4.362,371.2
1597.1634,4.371,365.4
1578.653,4.373,361.0
1561.9893,4.379,356.7
1575.043,4.363,361.0
1703.1618,4.302,395.9
1637.5944,4.314,379.6
1593.3549,4.357,365.7
1581.6528,4.368,362.1
1573.6738,4.358,361.1
1568.6517,4.361,359.7
1616.2146,4.347,371.8
1613.7674,4.358,370.3
1616.252,4.36,370.7
1639.6884,4.347,377.2
1605.4775,4.345,369.5
1596.126,4.361,366.0
1597.5288,4.372,365.4
1588.3384,4.378,362.8
1588.7848,4.372,363.4
1564.6494,4.362,358.7
1561.9968,4.368,357.6
1545.8352,4.368,353.9
1560.3658,4.361,357.8
1589.925,4.386,362.5
1560.8841,4.371,357.1
1579.1072,4.367,361.6
1576.7882,4.363,361.4
1571.3672,4.348,361.4
1590.8815,4.355,365.3
1588.3508,4.366,363.8
1607.1633,4.359,368.7
1570.4502,4.366,359.7
1568.6916,4.343,361.2
1605.9541,4.351,369.1
1638.784,4.34,377.6
1596.9681,4.329,368.9
1617.0756,4.333,373.2
1607.102,4.34,370.3
1578.32,4.36,362.0
1592.1,4.35,366.0
1591.5264,4.352,365.7
1611.126,4.345,370.8
1621.9839,4.359,372.1
1597.918,4.354,367.0
1608.3474,4.334,371.1
1648.6386,4.326,381.1
1659.9836,4.324,383.9
1656.0425,4.325,382.9
1645.6198,4.334,379.7
1613.092,4.355,370.4
1624.8476,4.348,373.7
1625.472,4.352,373.5
1614.8472,4.348,371.4
1584.0567,4.353,363.9
1614.9736,4.346,371.6
1605.888,4.352,369.0
1620.9294,4.341,373.4
1578.4613,4.321,365.3
1588.896,4.32,367.8
1605.8639,4.339,370.1
1612.6188,4.342,371.4
1613.7216,4.352,370.8
1623.0468,4.349,373.2
1594.801,4.355,366.2
1594.7316,4.356,366.1
1594.6875,4.375,364.5
1587.312,4.38,362.4
1571.889,4.37,359.7
1578.4588,4.364,361.7
1554.2604,4.361,356.4
1587.75,4.38,362.5
1546.1373,4.359,354.7
1575.2776,4.342,362.8
1571.433,4.353,361.0
1571.3586,4.354,360.9
1578.325,4.354,362.5
1573.83,4.35,361.8
1650.5559,4.347,379.7
1591.4448,4.334,367.2
1587.9038,4.354,364.7
1608.8028,4.367,368.4
1604.1705,4.377,366.5
1598.2596,4.374,365.4
1564.7702,4.349,359.8
1589.2887,4.377,363.1
1564.544,4.352,359.5
1573.4615,4.355,361.3
1577.5272,4.353,362.4
1573.599,4.359,361.0
1556.7066,4.374,355.9
1544.9616,4.368,353.7
1569.0631,4.367,359.3
1564.8568,4.342,360.4
1581.201,4.374,361.5
1590.8981,4.367,364.3
1613.2,4.36,370.0
1618.0158,4.346,372.3
1620.286,4.33,374.2
