1840.1891,4.243,433.7
1917.4208,4.192,457.4
1959.63,4.15,472.2
1894.78,4.22,449.0
1874.187,4.19,447.3
1855.1352,4.182,443.6
1827.7248,4.224,432.7
1647.6691,4.367,377.3
1643.8376,4.358,377.2
1651.4532,4.362,378.6
1616.5526,4.394,367.9
1607.179,4.39,366.1
1592.046,4.404,361.5
1624.1358,4.386,370.3
1586.493,4.385,361.8
1577.1265,4.387,359.5
1606.4412,4.382,366.6
1618.8469,4.367,370.7
1634.9424,4.368,374.3
1655.0032,4.376,378.2
1587.6,4.41,360.0
1581.867,4.41,358.7
1618.6072,4.396,368.2
1574.9784,4.408,357.3
1593.3735,4.415,360.9
1587.664,4.42,359.2
1573.7397,4.407,357.1
1586.646,4.383,362.0
1606.0807,4.387,366.1
1585.9005,4.387,361.5
1619.724,4.38,369.8
1635.0349,4.387,372.7
1604.2528,4.388,365.6
1567.2142,4.406,355.7
1549.3226,4.409,351.4
1573.1088,4.404,357.2
1567.6548,4.406,355.8
1549.5012,4.407,351.6
1549.0532,4.412,351.1
1598.399,4.39,364.1
1603.4485,4.387,365.5
1623.1212,4.388,369.9
1630.9804,4.382,372.2
1599.378,4.406,363.0
1584.4785,4.405,359.7
1591.0034,4.417,360.2
1576.3424,4.418,356.8
1596.6834,4.434,360.1
1546.2242,4.414,350.3
1599.741,4.407,363.0
1568.5632,4.416,355.2
1594.2944,4.409,361.6
1588.041,4.41,360.1
1594.5992,4.388,363.4
1607.541,4.385,366.6
1577.706,4.407,358.0
1556.5472,4.402,353.6
1546.6772,4.409,350.8
1564.4085,4.413,354.5
1543.7588,4.412,349.9
1539.1728,4.428,347.6
1540.5566,4.418,348.7
1588.9188,4.399,361.2
1625.1136,4.378,371.2
1590.5152,4.384,362.8
1599.7635,4.401,363.5
1614.4128,4.368,369.6
1585.2402,4.401,360.2
1554.3423,4.417,351.9
1595.8204,4.412,361.7
1582.831,4.409,359.0
1605.4848,4.401,364.8
1626.4801,4.409,368.9
1572.937,4.39,358.3
1641.3004,4.364,376.1
1633.8005,4.351,375.5
1672.827,4.362,383.5
1674.1356,4.362,383.8
1655.7348,4.371,378.8
1604.984,4.39,365.6
1591.4514,4.389,362.6
1611.1908,4.383,367.6
1567.044,4.408,355.5
1583.5379,4.427,357.7
1618.0405,4.379,369.5
1667.3175,4.359,382.5
1666.0,4.375,380.8
1651.5625,4.375,377.5
1632.5048,4.372,373.4
1632.942,4.372,373.5
1593.0548,4.391,362.8
1572.285,4.398,357.5
1574.7044,4.406,357.4
1588.2828,4.407,360.4
1595.8503,4.383,364.1
1615.8024,4.386,368.4
1585.539,4.386,361.5
1624.5695,4.373,371.5
1628.375,4.375,372.2
1585.2402,4.401,360.2
1562.1146,4.414,353.9
1551.7932,4.406,352.2
1561.144,4.415,353.6
1561.4592,4.396,355.2
1550.548,4.415,351.2
1591.714,4.397,362.0
1614.006,4.374,369.0
1615.6192,4.376,369.2
1617.4869,4.387,368.7
1612.9665,4.401,366.5
1566.2724,4.422,354.2
1571.4307,4.403,356.9
1577.706,4.407,358.0
1577.4128,4.421,356.8
1566.2726,4.427,353.8
1565.4762,4.426,353.7
1562.7222,4.407,354.6
1581.717,4.39,360.3
1600.155,4.39,364.5
1608.7129,4.387,366.7
1614.1424,4.372,369.2
1585.6803,4.401,360.3
1533.8349,4.419,347.1
1547.2578,4.422,349.9
1572.2494,4.409,356.6
1564.7243,4.399,355.7
1569.6184,4.414,355.6
1556.377,4.409,353.0
1545.3243,4.419,349.7
1580.76,4.391,360.0
1601.25,4.375,366.0
1614.1316,4.391,367.6
1588.7616,4.384,362.4
1591.1183,4.399,361.7
1577.1824,4.408,357.8
1566.3603,4.421,354.3
1558.5834,4.414,353.1
1584.2115,4.419,358.5
1600.0804,4.391,364.4
1577.5981,4.381,360.1
1651.8194,4.378,377.3
1632.621,4.377,373.0
1621.1826,4.351,372.6
1644.5646,4.382,375.3
1597.143,4.395,363.4
1591.5276,4.388,362.7
1589.2,4.384,362.5
1598.5484,4.388,364.3
1573.2144,4.392,358.2
1551.3525,4.401,352.5
1646.736,4.368,377.0
1632.0735,4.365,373.9
1614.9489,4.373,369.3
1617.603,4.366,370.5
1579.687,4.415,357.8
1610.6918,4.402,365.9
1618.7332,4.388,368.9
1588.1621,4.403,360.7
1579.083,4.39,359.7
1595.038,4.388,363.5
1577.6064,4.392,359.2
1612.886,4.39,367.4
1593.592,4.378,364.0
1608.2651,4.381,367.1
1597.64,4.4,363.1
1592.5712,4.414,360.8
1575.2819,4.399,358.1
1566.5676,4.398,356.2
1566.0624,4.404,355.6
1606.8682,4.406,364.7
1564.3859,4.403,355.3
1609.2282,4.398,365.9
1609.4457,4.401,365.7
1601.8405,4.385,365.3
1598.9904,4.376,365.4
1580.7582,4.402,359.1
1577.2653,4.407,357.9
1566.3159,4.401,355.9
1599.0924,4.404,363.1
1592.3284,4.406,361.4
1592.5651,4.403,361.7
1549.5744,4.416,350.9
1612.0674,4.383,367.8
1617.2332,4.378,369.4
1597.2948,4.393,363.6
1604.9692,4.402,364.6
1583.908,4.412,359.0
1563.9672,4.413,354.4
1575.5025,4.407,357.5
1584.038,4.405,359.6
1561.494,4.411,354.0
1563.42,4.404,355.0
1581.231,4.385,360.6
1602.2517,4.403,363.9
1619.4151,4.397,368.3
1612.231,4.393,367.0
1609.5903,4.387,366.9
1575.8496,4.392,358.8
1565.122,4.42,354.1
1579.1104,4.406,358.4
1575.4451,4.397,358.3
1565.622,4.404,355.5
1574.6605,4.417,356.5
1590.3263,4.409,360.7
1565.499,4.395,356.2
1571.3852,4.382,358.6
1617.9735,4.367,370.5
1657.4515,4.379,378.5
1653.3894,4.381,377.4
1615.3776,4.392,367.8
1605.642,4.387,366.0
1604.8374,4.386,365.9
1602.4974,4.382,365.7
1590.266,4.393,362.0
1607.5451,4.391,366.1
1623.2916,4.359,372.4
1643.188,4.376,375.5
1660.3431,4.359,380.9
1672.2315,4.365,383.1
1616.978,4.388,368.5
1584.1944,4.392,360.7
1571.7627,4.399,357.3
1606.365,4.401,365.0
1614.2376,4.377,368.8
1639.5515,4.385,373.9
1624.1711,4.379,370.9
1645.0614,4.374,376.1
1675.458,4.37,383.4
1597.082,4.39,363.8
1573.3826,4.406,357.1
1564.485,4.407,355.0
1563.2656,4.421,353.6
1569.974,4.415,355.6
1592.0899,4.409,361.1
1554.5838,4.389,354.2
1570.1934,4.402,356.7
1576.6016,4.399,358.4
1616.4261,4.377,369.3
1603.956,4.38,366.2
1622.3126,4.387,369.8
1643.438,4.406,373.0
1597.4266,4.414,361.9
1567.1568,4.422,354.4
1583.7432,4.414,358.8
1553.4675,4.407,352.5
1587.2382,4.398,360.9
1615.1655,4.407,366.5
1589.6412,4.401,361.2
1613.04,4.4,366.6
1602.5664,4.393,364.8
1588.0755,4.415,359.7
1601.7348,4.404,363.7
1576.274,4.403,358.0
1578.8442,4.393,359.4
1595.581,4.415,361.4
1590.5505,4.395,361.9
1615.0912,4.408,366.4
1587.5522,4.394,361.3
1617.8716,4.418,366.2
1598.08,4.4,363.2
1596.0225,4.415,361.5
1598.9184,4.383,364.8
1622.0652,4.403,368.4
1626.495,4.39,370.5
1612.6734,4.399,366.6
1601.6937,4.387,365.1
1613.325,4.39,367.5
1621.017,4.393,369.0
1595.1546,4.398,362.7
1640.76,4.4,372.9
1614.9468,4.404,366.7
1615.7454,4.393,367.8
1596.0875,4.403,362.5
1584.128,4.42,358.4
1586.3095,4.415,359.3
1566.6032,4.408,355.4
1617.9137,4.429,365.3
1595.0176,4.411,361.6
1595.4204,4.417,361.2
1586.16,4.406,360.0
1583.4112,4.418,358.4
1579.8104,4.424,357.1
1600.9856,4.408,363.2
1575.272,4.415,356.8
1556.9874,4.402,353.7
1625.0124,4.411,368.4
1567.0646,4.418,354.7
1583.7944,4.408,359.3
1565.472,4.416,354.5
1627.6645,4.417,368.5
1564.5919,4.421,353.9
1613.0999,4.387,367.7
1582.8604,4.414,358.6
1607.1035,4.397,365.5
1593.6943,4.411,361.3
1607.0292,4.398,365.4
1580.3784,4.412,358.2
1616.837,4.39,368.3
1616.7816,4.403,367.2
1602.5625,4.375,366.3
1758.77,4.316,407.5
1645.6902,4.378,375.9
1635.819,4.395,372.2
1606.5,4.375,367.2
1593.41,4.42,360.5
1594.9455,4.395,362.9
1586.1447,4.417,359.1
1602.594,4.41,363.4
1558.6716,4.413,353.2
1606.1388,4.404,364.7
1575.7766,4.409,357.4
1582.5018,4.413,358.6
1571.452,4.408,356.5
1583.0528,4.417,358.4
1593.2644,4.394,362.6
1585.1192,4.424,358.3
1567.1961,4.401,356.1
1589.652,4.428,359.0
1559.37,4.425,352.4
1583.316,4.392,360.5
1588.934,4.426,359.0
1577.706,4.407,358.0
1585.035,4.425,358.2
1576.728,4.392,359.0
1565.8299,4.427,353.7
1611.0577,4.403,365.9
1596.0342,4.398,362.9
1591.6362,4.398,361.9
1576.1916,4.404,357.9
1630.941,4.402,370.5
1593.4728,4.397,362.4
1613.68,4.385,368.0
1606.74,4.39,366.0
1652.574,4.38,377.3
1616.265,4.398,367.5
1626.2886,4.393,370.2
1565.559,4.415,354.6
1586.52,4.407,360.0
1557.3477,4.413,352.9
1611.7794,4.411,365.4
1580.7088,4.408,358.6
1565.0304,4.416,354.4
1586.421,4.419,359.0
1568.0248,4.412,355.4
1565.0965,4.405,355.3
1633.4436,4.404,370.9
1588.3532,4.417,359.6
1588.2387,4.413,359.9
1570.3392,4.421,355.2
1564.5555,4.401,355.5
1601.0074,4.402,363.7
1557.954,4.401,354.0
1576.6992,4.419,356.8
1570.855,4.394,357.5
1604.2221,4.423,362.7
1551.88,4.4,352.7
1612.1554,4.406,365.9
1549.3272,4.404,351.8
1612.0132,4.396,366.7
1616.1926,4.399,367.4
1605.1266,4.382,366.3
1588.741,4.39,361.9
1617.002,4.406,367.0
1607.6907,4.389,366.3
1606.9547,4.399,365.3
1594.7148,4.398,362.6
1603.1952,4.366,367.2
1594.8318,4.379,364.2
1585.32,4.4,360.3
1607.9842,4.391,366.2
1545.804,4.404,351.0
1626.486,4.415,368.4
1556.6095,4.391,354.5
1597.868,4.414,362.0
1546.8472,4.412,350.6
1582.5844,4.412,358.7
1571.24,4.4,357.1
1595.0592,4.416,361.2
1573.0824,4.399,357.6
1597.107,4.418,361.5
1580.1856,4.409,358.4
1545.5236,4.412,350.3
1606.1544,4.392,365.7
1544.6661,4.397,351.3
1578.9714,4.413,357.8
1547.2164,4.398,351.8
1612.296,4.41,365.6
1562.2892,4.412,354.1
1604.7415,4.405,364.3
1591.0034,4.417,360.2
1589.6715,4.395,361.7
1585.3996,4.399,360.4
1617.4869,4.387,368.7
1590.4395,4.385,362.7
1612.3645,4.385,367.7
1564.7034,4.394,356.1
1606.3695,4.383,366.5
1606.0,4.4,365.0
1609.4928,4.376,367.8
1616.7662,4.391,368.2
1727.253,4.302,401.5
1720.6875,4.275,402.5
1787.6306,4.291,416.6
1774.06,4.28,414.5
1578.8813,4.387,359.9
1614.6508,4.396,367.3
1552.847,4.399,353.0
1599.7125,4.413,362.5
1556.7942,4.394,354.3
1581.7846,4.411,358.6
1569.1233,4.399,356.7
1585.3134,4.411,359.4
1564.0443,4.407,354.9
1551.7898,4.411,351.8
1557.2799,4.383,355.3
1595.6472,4.403,362.4
1566.6032,4.408,355.4
1599.4,4.4,363.5
1574.811,4.41,357.1
1560.183,4.385,355.8
1618.6785,4.395,368.3
1541.76,4.38,352.0
1611.2798,4.394,366.7
1595.4075,4.365,365.5
1627.0704,4.388,370.8
1593.7206,4.358,365.7
1613.68,4.385,368.0
1612.2225,4.387,367.5
1589.4648,4.392,361.9
1620.8577,4.389,369.3
1591.1875,4.375,363.7
1593.6588,4.383,363.6
1622.544,4.39,369.6
1607.3176,4.382,366.8
1545.0932,4.382,352.6
1592.6708,4.396,362.3
1582.4688,4.386,360.8
1579.6,4.4,359.0
1563.76,4.4,355.4
1591.1652,4.404,361.3
1563.3852,4.394,355.8
1601.1404,4.406,363.4
1571.2944,4.394,357.6
1584.2948,4.418,358.6
1550.548,4.415,351.2
1586.681,4.405,360.2
1576.9074,4.406,357.9
1574.013,4.409,357.0
1568.9184,4.417,355.2
1576.0899,4.389,359.1
1580.4322,4.406,358.7
1580.5956,4.404,358.9
1544.0502,4.389,351.8
1600.127,4.402,363.5
1631.4584,4.388,371.8
1588.5327,4.387,362.1
1570.8231,4.389,357.9
1593.7216,4.388,363.2
1605.6075,4.369,367.5
1586.646,4.383,362.0
1622.862,4.398,369.0
1596.7035,4.395,363.3
1601.5344,4.371,366.4
1614.9252,4.386,368.2
1603.1541,4.391,365.1
1567.299,4.405,355.8
1622.7042,4.394,369.3
1580.6265,4.409,358.5
1573.715,4.402,357.5
1568.8496,4.397,356.8
1556.377,4.409,353.0
1576.8783,4.401,358.3
1559.36,4.4,354.4
1605.12,4.4,364.8
1563.5176,4.408,354.7
1539.12,4.4,349.8
1589.0427,4.403,360.9
1584.3976,4.406,359.6
1572.4632,4.422,355.6
1575.5439,4.417,356.7
1576.6084,4.388,359.3
1611.7148,4.406,365.8
1537.7208,4.396,349.8
1592.4625,4.393,362.5
1545.8086,4.399,351.4
1600.5195,4.391,364.5
1593.584,4.384,363.5
1581.4352,4.388,360.4
1559.767,4.39,355.3
1600.508,4.397,364.0
1599.138,4.38,365.1
1602.9312,4.394,364.8
1593.0705,4.385,363.3
1613.844,4.395,367.2
1588.9714,4.387,362.2
1593.375,4.375,364.2
1587.9135,4.395,361.3
1582.985,4.385,361.0
1606.365,4.401,365.0
1576.728,4.392,359.0
1568.7048,4.404,356.2
1566.3159,4.401,355.9
1579.3864,4.408,358.3
1584.3184,4.396,360.4
1564.4042,4.387,356.6
1601.3118,4.398,364.1
1585.0728,4.392,360.9
1574.6778,4.401,357.8
1570.742,4.39,357.8
1591.0477,4.411,360.7
1548.5358,4.398,352.1
1606.5894,4.398,365.3
1542.8184,4.398,350.8
1592.2818,4.401,361.8
1579.6032,4.416,357.7
1579.032,4.368,361.5
1578.3625,4.415,357.5
1575.0517,4.391,358.7
1624.9906,4.399,369.4
1585.1004,4.386,361.4
1578.8813,4.387,359.9
1583.4798,4.401,359.8
1559.4564,4.404,354.1
1580.8815,4.395,359.7
1579.563,4.395,359.4
1588.0368,4.382,362.4
1615.6562,4.369,369.8
1579.643,4.394,359.5
1627.1933,4.373,372.1
1552.743,4.39,353.7
1612.3799,4.397,366.7
1586.436,4.38,362.2
1607.1702,4.402,365.1
1574.3343,4.389,358.7
1569.96,4.41,356.0
1585.3595,4.405,359.9
1559.016,4.404,354.0
1596.9312,4.392,363.6
1561.8408,4.407,354.4
1574.5584,4.413,356.8
1556.538,4.397,354.0
1613.328,4.408,366.0
1549.152,4.401,352.0
1548.6236,4.402,351.8
1548.1585,4.417,350.5
1602.7065,4.397,364.5
1548.0062,4.394,352.3
1610.9138,4.399,366.2
1570.1687,4.397,357.1
1589.3336,4.388,362.2
1605.9249,4.401,364.9
1604.9035,4.379,366.5
1630.6816,4.393,371.2
1577.6863,4.391,359.3
1585.584,4.368,363.0
1622.2164,4.382,370.2
1567.3637,4.399,356.3
1610.1129,4.367,368.7
1620.0496,4.388,369.2
1591.7916,4.396,362.1
1577.8016,4.384,359.9
1561.848,4.412,354.0
1559.9912,4.408,353.9
1576.4075,4.385,359.5
1585.151,4.391,361.0
1603.6614,4.378,366.3
1567.824,4.404,356.0
1568.04,4.38,358.0
1584.676,4.408,359.5
1542.3786,4.398,350.7
1623.8824,4.396,369.4
1555.7142,4.386,354.7
1619.4257,4.409,367.3
1567.8528,4.414,355.2
1586.5696,4.384,361.9
1608.2655,4.405,365.1
1553.8187,4.403,352.9
1586.3916,4.414,359.4
1550.9955,4.395,352.9
1579.2825,4.425,356.9
1577.457,4.41,357.7
1578.5301,4.413,357.7
1572.606,4.41,356.6
1592.4052,4.388,362.9
1612.9936,4.376,368.6
1601.8114,4.403,363.8
1602.5711,4.387,365.3
1593.0705,4.385,363.3
1629.5972,4.396,370.7
1597.235,4.37,365.5
1614.03,4.38,368.5
1575.7218,4.399,358.2
1594.9455,4.395,362.9
1582.113,4.407,359.0
1579.4828,4.396,359.3
1561.6746,4.419,353.4
1585.9979,4.397,360.7
1584.4785,4.405,359.7
1562.1087,4.409,354.3
1560.0688,4.402,354.4
1551.9672,4.399,352.8
1590.205,4.405,361.0
1568.6374,4.378,358.3
1594.8144,4.408,361.8
1551.8815,4.405,352.3
1591.166,4.415,360.4
1545.7125,4.385,352.5
1621.755,4.395,369.0
1575.2023,4.421,356.3
1577.6436,4.397,358.8
1576.3236,4.413,357.2
1586.5605,4.401,360.5
1600.4136,4.404,363.4
1551.3487,4.411,351.7
1597.8096,4.392,363.8
1611.13,4.39,367.0
1588.302,4.39,361.8
1587.5784,4.388,361.8
1618.76,4.4,367.9
1590.1641,4.377,363.3
1613.0374,4.394,367.1
1606.4566,4.363,368.2
1616.978,4.388,368.5
1603.3664,4.376,366.4
1595.9572,4.399,362.8
1591.9806,4.382,363.3
1567.5699,4.407,355.7
1597.8849,4.391,363.9
1564.3008,4.404,355.2
1568.7222,4.409,355.8
1565.9775,4.405,355.5
1586.2,4.4,360.5
1569.5015,4.405,356.3
1577.5636,4.414,357.4
1576.4865,4.395,358.7
1595.3084,4.396,362.9
1574.811,4.41,357.1
1590.65,4.388,362.5
1548.792,4.39,352.8
1614.2868,4.401,366.8
1545.0174,4.398,351.3
1607.825,4.405,365.0
1542.2808,4.404,350.2
1603.5533,4.409,363.7
1564.1498,4.421,353.8
1569.9762,4.394,357.3
1575.3108,4.404,357.7
1573.768,4.396,358.0
1586.234,4.394,361.0
1587.6302,4.393,361.4
1580.839,4.39,360.1
1587.708,4.392,361.5
1628.8776,4.374,372.4
1597.3812,4.386,364.2
1617.1182,4.386,368.7
1623.9726,4.362,372.3
1619.8926,4.371,370.6
1607.5015,4.415,364.1
1573.4565,4.389,358.5
1582.472,4.408,359.0
1561.6276,4.394,355.4
1569.942,4.405,356.4
1598.96,4.4,363.4
1561.4864,4.406,354.4
1587.2688,4.392,361.4
1577.3184,4.401,358.4
1590.7248,4.404,361.2
1548.6966,4.386,353.1
1604.54,4.396,365.0
1580.8016,4.396,359.6
1599.4286,4.411,362.6
1552.743,4.39,353.7
1569.455,4.421,355.0
1599.795,4.383,365.0
1570.1454,4.413,355.8
1585.9606,4.403,360.2
1551.431,4.415,351.4
1569.4545,4.395,357.1
1589.28,4.4,361.2
1574.7328,4.384,359.2
1589.542,4.391,362.0
1588.9132,4.382,362.6
1572.8069,4.397,357.7
1597.521,4.39,363.9
1601.9008,4.372,366.4
1565.2259,4.393,356.3
1619.7498,4.386,369.3
1615.3638,4.386,368.3
1604.7552,4.399,364.8
1600.9856,4.408,363.2
1567.4472,4.398,356.4
1568.9927,4.411,355.7
1561.1424,4.384,356.1
1572.3944,4.402,357.2
1593.7577,4.399,362.3
1579.2036,4.394,359.4
1579.7616,4.398,359.2
1562.8173,4.411,354.3
1611.7124,4.388,367.3
1570.8,4.4,357.0
1572.1821,4.383,358.7
1589.6436,4.412,360.3
1558.805,4.391,355.0
1556.8137,4.419,352.3
1612.5057,4.383,367.9
1544.0172,4.414,349.8
1595.5376,4.393,363.2
1580.985,4.41,358.5
1562.401,4.39,355.9
1574.37,4.41,357.0
1583.316,4.392,360.5
1577.4066,4.389,359.4
1609.0074,4.389,366.6
1591.8903,4.389,362.7
1578.0039,4.387,359.7
1623.3435,4.365,371.9
1606.008,4.388,366.0
1642.6881,4.377,375.3
1583.1609,4.377,361.7
1583.5226,4.378,361.7
1590.99,4.395,362.0
1561.6276,4.394,355.4
1594.4292,4.396,362.7
1581.0674,4.409,358.6
1567.8404,4.409,355.6
1571.181,4.39,357.9
1571.1796,4.406,356.6
1595.88,4.4,362.7
1563.775,4.405,355.0
1597.7712,4.404,362.8
1565.802,4.386,357.0
1617.44,4.4,367.6
1555.846,4.405,353.2
1612.7466,4.398,366.7
1561.8296,4.402,354.8
1599.052,4.393,364.0
1567.68,4.416,355.0
1550.556,4.395,352.8
1592.4905,4.415,360.7
1552.7625,4.405,352.5
1595.2316,4.397,362.8
1560.8794,4.418,353.3
1571.2635,4.405,356.7
1579.1622,4.389,359.8
1615.2934,4.387,368.2
1607.3889,4.381,366.9
1646.5658,4.378,376.1
1607.1744,4.384,366.6
1583.9604,4.378,361.8
1627.6956,4.372,372.3
1585.0231,4.387,361.3
1630.885,4.39,371.5
1616.076,4.356,371.0
1565.7694,4.381,357.4
1608.4159,4.403,365.3
1613.9882,4.393,367.4
1585.0355,4.409,359.5
1594.887,4.39,363.3
1551.6172,4.403,352.4
1583.2719,4.409,359.1
1573.6968,4.386,358.8
1588.2828,4.407,360.4
1573.5726,4.393,358.2
1565.8924,4.406,355.4
1568.9043,4.391,357.3
1582.9944,4.407,359.2
1549.7638,4.394,352.7
1610.2424,4.408,365.3
1566.26,4.412,355.0
1550.0975,4.385,353.5
1590.6432,4.416,360.2
1556.0856,4.392,354.3
1608.4792,4.408,364.9
1544.4891,4.389,351.9
1614.795,4.394,367.5
1618.7332,4.388,368.9
1606.738,4.396,365.5
1599.9924,4.398,363.8
1589.577,4.379,363.0
1646.9928,4.371,376.8
1595.6136,4.392,363.3
1626.5984,4.382,371.2
1586.6235,4.389,361.5
1584.8928,4.383,361.6
1601.766,4.38,365.7
1612.9245,4.377,368.5
1587.8421,4.407,360.3
1600.5245,4.379,365.5
1556.8416,4.383,355.2
1620.9674,4.406,367.9
1571.106,4.38,358.7
1586.4392,4.408,359.9
1581.5135,4.387,360.5
1556.814,4.404,353.5
1581.84,4.394,360.0
1597.6156,4.406,362.6
1556.7942,4.394,354.3
1578.5301,4.413,357.7
1561.4001,4.407,354.3
1572.3519,4.413,356.3
1562.9796,4.404,354.9
1585.2788,4.406,359.8
1554.525,4.41,352.5
1579.8421,4.397,359.3
1573.0645,4.415,356.3
1550.6337,4.389,353.3
1581.867,4.41,358.7
1599.4758,4.363,366.6
1621.0872,4.392,369.1
1608.528,4.371,368.0
1623.6287,4.387,370.1
1576.8,4.38,360.0
1579.1168,4.384,360.2
1603.518,4.38,366.1
1630.4764,4.396,370.9
1614.5468,4.366,369.8
1595.0774,4.399,362.6
1579.1235,4.395,359.3
1570.9267,4.409,356.3
1598.6228,4.387,364.4
1565.8552,4.396,356.2
1606.301,4.39,365.9
1562.9458,4.394,355.7
1623.4576,4.402,368.8
1608.57,4.395,366.0
1566.461,4.394,356.5
1583.6784,4.404,359.6
1560.6915,4.405,354.3
1607.1702,4.402,365.1
1541.533,4.417,349.0
1587.5784,4.388,361.8
1590.205,4.405,361.0
1555.122,4.393,354.0
1581.2608,4.412,358.4
1551.879,4.41,351.9
1596.7796,4.394,363.4
1547.1252,4.404,351.3
1614.2742,4.389,367.8
1563.2488,4.406,354.8
1580.936,4.36,362.6
1609.8048,4.384,367.2
1583.9006,4.373,362.2
1621.71,4.383,370.0
1616.3958,4.371,369.8
1602.714,4.379,366.0
1626.2609,4.387,370.7
1599.065,4.381,365.0
1585.9776,4.386,361.6
1594.9779,4.371,364.9
1572.326,4.37,359.8
1592.769,4.406,361.5
1595.4862,4.382,364.1
1587.7974,4.413,359.8
1582.5706,4.379,361.4
1579.3038,4.409,358.2
1587.863,4.39,361.7
1565.035,4.39,356.5
1612.8924,4.396,366.9
1554.96,4.4,353.4
1562.0,4.4,355.0
1582.4004,4.398,359.8
1560.786,4.409,354.0
1582.4382,4.403,359.4
1550.7344,4.408,351.8
1583.7128,4.409,359.2
1546.146,4.41,350.6
1571.5389,4.391,357.9
1572.7516,4.403,357.2
1593.6943,4.411,361.3
1554.3489,4.407,352.7
1578.644,4.39,359.6
1564.7243,4.399,355.7
1637.25,4.366,375.0
1598.6127,4.393,363.9
1619.2393,4.361,371.3
1607.9978,4.366,368.3
1650.1896,4.376,377.1
1578.7839,4.377,360.7
1582.5132,4.374,361.8
1599.9389,4.387,364.7
1615.5909,4.389,368.1
1577.327,4.39,359.3
1560.6915,4.405,354.3
1594.0224,4.384,363.6
1556.0006,4.393,354.2
1616.398,4.39,368.2
1562.7951,4.401,355.1
1633.182,4.395,371.6
1570.2141,4.407,356.3
1612.16,4.4,366.4
1573.047,4.41,356.7
1575.0,4.375,360.0
1582.5276,4.418,358.2
1582.4803,4.397,359.9
1594.4968,4.412,361.4
1545.5448,4.392,351.9
1586.2,4.4,360.5
1582.308,4.41,358.8
1568.9324,4.396,356.9
1562.2815,4.407,354.5
1567.6548,4.406,355.8
1546.9248,4.416,350.3
1551.3525,4.401,352.5
1597.5064,4.396,363.4
1614.8808,4.374,369.2
1611.5736,4.396,366.6
1623.664,4.36,372.4
1636.9342,4.378,373.9
1616.398,4.39,368.2
1617.2332,4.378,369.4
1584.0504,4.371,362.4
1612.7624,4.373,368.8
1584.739,4.385,361.4
1590.878,4.385,362.8
1581.7605,4.395,359.9
1577.8854,4.394,359.1
1599.3405,4.395,363.9
1560.3728,4.388,355.6
1568.3802,4.413,355.4
1605.3414,4.379,366.6
1574.6428,4.412,356.9
1605.7656,4.373,367.2
1573.299,4.407,357.0
1613.4524,4.382,368.2
1564.3859,4.403,355.3
1593.7577,4.399,362.3
1562.9974,4.414,354.1
1579.16,4.4,358.9
1529.229,4.407,347.0
1565.8924,4.406,355.4
1556.5508,4.417,352.4
1569.864,4.39,357.6
1592.049,4.415,360.6
1556.5524,4.407,353.2
1594.506,4.395,362.8
1574.842,4.399,358.0
1576.4075,4.385,359.5
1606.2882,4.378,366.9
1581.6384,4.374,361.6
1594.8112,4.391,363.2
1641.2488,4.372,375.4
1606.2241,4.397,365.3
1615.1625,4.395,367.5
1594.5826,4.394,362.9
1631.8214,4.402,370.7
1586.4162,4.386,361.7
1607.9004,4.404,365.1
1546.3152,4.413,350.4
1586.1956,4.411,359.6
1567.8404,4.409,355.6
1580.865,4.422,357.5
1563.6036,4.407,354.8
1564.7679,4.419,354.1
1585.3134,4.411,359.4
1555.6668,4.402,353.4
1619.7888,4.416,366.8
1578.339,4.41,357.9
1578.4956,4.429,356.4
1544.303,4.406,350.5
1604.6176,4.418,363.2
1559.1075,4.423,352.5
1576.6016,4.399,358.4
1577.1669,4.429,356.1
1566.9432,4.404,355.8
1553.6175,4.425,351.1
1550.8233,4.407,351.9
1582.2759,4.421,357.9
1562.5496,4.409,354.4
1597.8849,4.391,363.9
1576.8246,4.407,357.8
1581.1984,4.402,359.2
1603.42,4.405,364.0
1599.8697,4.411,362.7
1631.682,4.404,370.5
1617.1344,4.392,368.2
1595.8998,4.411,361.8
1611.4236,4.404,365.9
1617.0271,4.381,369.1
1549.0419,4.417,350.7
1585.94,4.43,358.0
1572.7516,4.403,357.2
1569.6184,4.414,355.6
1551.9528,4.419,351.2
1600.2324,4.412,362.7
1552.3645,4.429,350.5
1558.5657,4.399,354.3
1596.703,4.423,361.0
1563.1502,4.402,355.1
1587.222,4.42,359.1
1550.997,4.41,351.7
1604.512,4.408,364.0
1555.1268,4.423,351.6
1559.9706,4.398,354.7
1607.7102,4.418,363.9
1547.48,4.4,351.7
1590.9531,4.423,359.7
1562.013,4.405,354.6
1636.6542,4.421,370.2
1551.2592,4.412,351.6
1590.7245,4.415,360.3
1590.9124,4.396,361.9
1592.2312,4.396,362.2
1596.7344,4.406,362.4
1595.326,4.39,363.4
1615.824,4.41,366.4
1657.6288,4.376,378.8
1596.7296,4.377,364.8
1591.2743,4.397,361.9
1616.8887,4.383,368.9
1641.573,4.401,373.0
1546.9079,4.421,349.9
1566.9238,4.399,356.2
1561.4928,4.426,352.8
1566.3159,4.401,355.9
1562.9974,4.414,354.1
1556.9862,4.422,352.1
1579.266,4.42,357.3
1559.2867,4.421,352.7
1574.154,4.428,355.5
1559.5504,4.408,353.8
1602.6546,4.426,362.1
1584.7083,4.413,359.1
1581.7905,4.437,356.5
1570.2569,4.427,354.7
1597.956,4.44,359.9
1550.7282,4.413,351.4
1630.3914,4.422,368.7
1552.1982,4.426,350.7
1587.3312,4.424,358.8
1569.6304,4.439,353.6
1575.312,4.435,355.2
1556.442,4.428,351.5
1580.9545,4.405,358.9
1588.443,4.405,360.6
1605.604,4.411,364.0
1603.056,4.404,364.0
1610.2424,4.408,365.3
1590.3642,4.414,360.3
1609.9468,4.382,367.4
1623.231,4.399,369.0
1596.0875,4.403,362.5
1617.0726,4.411,366.6
1594.1068,4.433,359.6
1589.46,4.425,359.2
1586.3625,4.425,358.5
1556.702,4.43,351.4
1587.3874,4.418,359.3
1583.792,4.424,358.0
1582.6672,4.432,357.1
1557.2592,4.414,352.8
1578.5514,4.418,357.3
1582.336,4.415,358.4
1563.79,4.43,353.0
1594.8446,4.402,362.3
1564.0425,4.437,352.5
1544.0318,4.409,350.2
1614.9696,4.427,364.8
1547.7921,4.421,350.1
1596.2607,4.423,360.9
1544.7436,4.406,350.6
1588.1325,4.425,358.9
1557.2208,4.434,351.2
1585.1979,4.407,359.7
1580.928,4.416,358.0
1569.3966,4.401,356.6
1593.4176,4.392,362.8
1617.3645,4.413,366.5
1575.6685,4.405,357.7
1566.9774,4.419,354.6
1597.6156,4.406,362.6
1576.1278,4.394,358.7
1628.252,4.415,368.8
1602.715,4.391,365.0
1603.7355,4.395,364.9
1589.9233,4.403,361.1
1559.6427,4.417,353.1
1628.6964,4.421,368.4
1561.2269,4.409,354.1
1587.8292,4.418,359.4
1554.1512,4.424,351.3
1580.3991,4.401,359.1
1578.3975,4.425,356.7
1571.68,4.4,357.2
1581.476,4.42,357.8
1560.258,4.41,353.8
1569.9022,4.426,354.7
1570.3392,4.421,355.2
1552.5296,4.432,350.3
1556.1018,4.422,351.9
1622.5864,4.414,367.6
1569.1947,4.429,354.3
1562.1844,4.403,354.8
1595.1015,4.437,359.5
1547.2751,4.417,350.3
1614.124,4.415,365.6
1570.086,4.398,357.0
1610.9874,4.398,366.3
1613.7732,4.402,366.6
1592.2491,4.407,361.3
1593.0838,4.402,361.9
1593.6502,4.406,361.7
1608.7488,4.416,364.3
1595.2316,4.397,362.8
1604.9304,4.414,363.6
1571.1982,4.411,356.2
1587.1215,4.405,360.3
1589.5432,4.424,359.3
1607.5353,4.403,365.1
1558.7482,4.402,354.1
1573.7976,4.401,357.6
1576.869,4.417,357.0
1608.2814,4.422,363.7
1560.0816,4.422,352.8
1588.9752,4.436,358.2
1589.2366,4.417,359.8
1558.3176,4.417,352.8
1584.6534,4.419,358.6
1546.8334,4.417,350.2
1588.041,4.41,360.1
1549.614,4.43,349.8
1558.474,4.43,351.8
1587.3536,4.429,358.4
1563.7056,4.416,354.1
1564.7475,4.439,352.5
1558.495,4.415,353.0
1600.116,4.43,361.2
1543.3314,4.407,350.2
1598.7034,4.409,362.6
1587.52,4.4,360.8
1599.948,4.41,362.8
1637.779,4.405,371.8
1581.036,4.404,359.0
1629.85,4.405,370.0
1607.9623,4.409,364.7
1590.205,4.405,361.0
1585.6386,4.407,359.8
1603.3434,4.406,363.9
1584.2352,4.408,359.4
1571.1132,4.412,356.1
1576.6425,4.435,355.5
1553.9006,4.417,351.8
1639.7489,4.421,370.9
1558.304,4.427,352.0
1609.0557,4.429,363.3
1579.0432,4.396,359.2
1561.4068,4.412,353.9
1619.3364,4.422,366.2
1574.0968,4.408,357.1
1593.4728,4.397,362.4
1559.1894,4.427,352.2
1554.6134,4.409,352.6
1581.644,4.418,358.0
1558.0425,4.425,352.1
1557.5183,4.421,352.3
1583.157,4.405,359.4
1560.261,4.415,353.4
1570.7571,4.411,356.1
1543.464,4.42,349.2
1537.2812,4.396,349.7
1614.6412,4.414,365.8
1619.5872,4.382,369.6
1638.7966,4.403,372.2
1609.034,4.37,368.2
1599.0924,4.404,363.1
1605.2033,4.387,365.9
1590.8022,4.386,362.7
1582.1946,4.406,359.1
1601.4264,4.408,363.3
1602.153,4.41,363.3
1584.919,4.405,359.8
1574.811,4.41,357.1
1588.6638,4.391,361.8
1547.9999,4.409,351.1
1610.4561,4.411,365.1
1584.6618,4.386,361.3
1560.786,4.409,354.0
1604.3448,4.427,362.4
1577.4795,4.415,357.3
1563.354,4.42,353.7
1555.2303,4.407,352.9
1584.6534,4.419,358.6
1572.7221,4.419,355.9
1552.8366,4.419,351.4
1566.891,4.43,353.7
1545.1911,4.401,351.1
1574.0725,4.403,357.5
1561.4029,4.427,352.7
1562.7222,4.407,354.6
1557.8613,4.427,351.9
1596.861,4.41,362.1
1562.731,4.427,353.0
1595.491,4.405,362.2
1613.332,4.396,367.0
1557.9268,4.391,354.8
1579.8818,4.391,359.8
1593.3411,4.393,362.7
1622.6487,4.401,368.7
1577.7585,4.401,358.5
1558.05,4.42,352.5
1567.6548,4.406,355.8
1603.6304,4.408,363.8
1568.9766,4.406,356.1
1608.2655,4.405,365.1
1579.375,4.375,361.0
1560.8728,4.408,354.1
1604.3904,4.398,364.8
1602.8796,4.412,363.3
1573.4339,4.421,355.9
1575.3357,4.409,357.3
1540.3008,4.416,348.8
1582.4382,4.403,359.4
1576.4076,4.412,357.3
1588.7664,4.428,358.8
1545.264,4.41,350.4
1569.6352,4.424,354.8
1563.7058,4.426,353.3
1548.6198,4.407,351.4
1578.6682,4.427,356.6
1554.3476,4.412,352.3
1613.6415,4.427,364.5
1547.7296,4.412,350.8
1623.0981,4.407,368.3
1572.645,4.425,355.4
1609.0056,4.401,365.6
1589.1029,4.391,361.9
1627.977,4.394,370.5
1580.268,4.408,358.5
1621.5528,4.404,368.2
1594.5826,4.394,362.9
1600.3699,4.393,364.3
1587.8352,4.396,361.2
1583.5185,4.395,360.3
1608.5655,4.401,365.5
1610.5476,4.398,366.2
1578.9087,4.419,357.3
1600.6224,4.407,363.2
1550.718,4.418,351.0
1604.301,4.405,364.2
1558.7593,4.417,352.9
1599.7912,4.412,362.6
1576.7416,4.408,357.7
1563.2632,4.426,353.2
1558.3827,4.431,351.7
1592.968,4.42,360.4
1573.36,4.432,355.0
1543.5706,4.433,348.2
1573.488,4.41,356.8
1550.612,4.424,350.5
1533.74,4.42,347.0
1561.3803,4.437,351.9
1591.2081,4.409,360.9
1563.79,4.43,353.0
1585.9984,4.408,359.8
1544.9005,4.433,348.5
1603.5533,4.409,363.7
1538.7894,4.418,348.3
1617.6439,4.421,365.9
1591.4451,4.417,360.3
1575.0054,4.397,358.2
1601.9668,4.418,362.6
1562.4685,4.415,353.9
1585.1496,4.413,359.2
1608.3845,4.415,364.3
1606.5408,4.416,363.8
1619.2598,4.393,368.6
1591.8084,4.407,361.2
1590.16,4.4,361.4
1542.9812,4.406,350.2
1592.6928,4.434,359.2
1573.2611,4.423,355.7
1582.839,4.43,357.3
1576.2,4.44,355.0
1573.876,4.421,356.0
1602.0862,4.433,361.4
1592.8863,4.421,360.3
1567.4232,4.424,354.3
1594.0144,4.418,360.8
1570.7813,4.421,355.3
1574.232,4.422,356.0
1548.0036,4.433,349.2
1559.1129,4.413,353.3
1603.9408,4.432,361.9
1540.6906,4.426,348.1
1619.2968,4.434,365.2
1555.0461,4.419,351.9
1609.8244,4.436,362.9
1539.4575,4.425,347.9
1602.1752,4.404,363.8
1580.1856,4.409,358.4
1625.967,4.41,368.7
1593.2928,4.416,360.8
1590.2618,4.426,359.3
1622.4336,4.404,368.4
1570.2435,4.417,355.5
1607.5015,4.415,364.1
1592.6684,4.429,359.6
1596.2607,4.423,360.9
1603.8594,4.422,362.7
1592.0899,4.409,361.1
1572.0291,4.437,354.3
1583.9604,4.422,358.2
1594.9327,4.439,359.3
1572.1815,4.415,356.1
1558.459,4.435,351.4
1592.4096,4.416,360.6
1569.1926,4.434,353.9
1574.5752,4.418,356.4
1563.5988,4.437,352.4
1584.5256,4.431,357.6
1566.614,4.438,353.0
1571.3205,4.435,354.3
1585.437,4.441,357.0
1599.2262,4.446,359.7
1593.1362,4.434,359.3
1548.862,4.438,349.0
1554.1614,4.443,349.8
1571.3205,4.435,354.3
1569.8106,4.437,353.8
1537.557,4.431,347.0
1598.9831,4.433,360.7
1577.2614,4.433,355.8
1818.9201,4.297,423.3
1716.9385,4.315,397.9
1580.76,4.391,360.0
1597.2672,4.416,361.7
1618.3216,4.412,366.8
1615.3566,4.422,365.3
1608.327,4.41,364.7
1596.6652,4.418,361.4
1619.6264,4.424,366.1
1629.9204,4.404,370.1
1566.0936,4.419,354.4
1620.5872,4.423,366.4
1558.6704,4.418,352.8
1583.5379,4.427,357.7
1578.6358,4.417,357.4
1578.864,4.44,355.6
1578.1264,4.423,356.8
1555.4648,4.429,351.2
1579.4865,4.443,355.5
1561.6654,4.429,352.6
1588.575,4.425,359.0
1563.0758,4.433,352.6
1562.8028,4.436,352.3
1567.2466,4.426,354.1
1587.5708,4.442,357.4
1552.1062,4.427,350.6
1585.1669,4.439,357.1
1555.632,4.432,351.0
1609.018,4.435,362.8
1574.6724,4.452,353.7
1579.435,4.418,357.5
1617.1056,4.428,365.2
1606.5894,4.398,365.3
1629.4313,4.417,368.9
1631.259,4.41,369.9
1600.1608,4.424,361.7
1620.3794,4.414,367.1
1599.591,4.431,361.0
1560.8794,4.418,353.3
1601.3488,4.409,363.2
1600.3952,4.432,361.1
1613.5104,4.423,364.8
1565.6031,4.449,351.9
1619.488,4.42,366.4
1570.698,4.437,354.0
1624.6176,4.434,366.4
1568.4861,4.427,354.3
1624.2512,4.433,366.4
1560.246,4.43,352.2
1590.5234,4.454,357.1
1582.5844,4.412,358.7
1584.2791,4.439,356.9
1573.7034,4.423,355.8
1577.3488,4.432,355.9
1556.9598,4.451,349.8
1552.8799,4.433,350.3
1571.4784,4.448,353.3
1554.446,4.454,349.0
1577.424,4.456,354.0
1573.2449,4.453,353.3
1558.6129,4.457,349.7
1591.088,4.432,359.0
1567.764,4.44,353.1
1607.9177,4.421,363.7
1605.1067,4.423,362.9
1586.3916,4.414,359.4
1625.4525,4.423,367.5
1596.0156,4.426,360.6
1625.7168,4.437,366.4
1575.9252,4.428,355.9
1602.0504,4.428,361.8
1605.9554,4.429,362.6
1592.1657,4.419,360.3
1574.9152,4.414,356.8
1586.9425,4.439,357.5
1573.3476,4.422,355.8
1595.1222,4.442,359.1
1563.0884,4.418,353.8
1602.9229,4.439,361.1
1574.7708,4.426,355.8
1597.9775,4.445,359.5
1568.8381,4.423,354.7
1569.8028,4.442,353.4
1597.1175,4.455,358.5
1589.652,4.428,359.0
1568.6762,4.459,351.8
1550.607,4.443,349.0
1572.7316,4.444,353.9
1573.4492,4.436,354.7
1588.2742,4.439,357.8
1555.4,4.444,350.0
1580.1905,4.435,356.3
1566.6781,4.447,352.3
1562.528,4.439,352.0
1594.3356,4.446,358.6
1555.8906,4.434,350.9
1623.2285,4.429,366.5
1638.351,4.422,370.5
1609.08,4.4,365.7
1621.039,4.417,367.0
1605.3513,4.431,362.3
1631.5891,4.399,370.9
1601.366,4.42,362.3
1582.36,4.42,358.0
1629.2074,4.414,369.1
1611.5066,4.426,364.1
1567.0692,4.428,353.9
1631.0511,4.431,368.1
1576.8974,4.427,356.2
1609.09,4.445,362.0
1600.7563,4.433,361.1
1598.6758,4.442,359.9
1638.1404,4.437,369.2
1565.0208,4.436,352.8
1596.4326,4.437,359.8
1569.105,4.425,354.6
1608.4482,4.442,362.1
1557.2942,4.438,350.9
1585.2648,4.458,355.6
1567.9454,4.438,353.3
1604.3936,4.448,360.7
1560.8032,4.448,350.9
1580.1975,4.445,355.5
1579.04,4.448,355.0
1575.4011,4.439,354.9
1563.0699,4.457,350.7
1577.3542,4.442,355.1
1603.3115,4.445,360.7
1603.2212,4.396,364.7
1589.076,4.44,357.9
1617.88,4.4,367.7
1637.3276,4.436,369.1
1588.6432,4.408,360.4
1623.5406,4.419,367.4
1614.2604,4.436,363.9
1597.9906,4.418,361.7
1596.6,4.435,360.0
1596.3486,4.438,359.7
1594.4215,4.445,358.7
1579.2064,4.456,354.4
1589.098,4.46,356.3
1615.178,4.43,364.6
1587.6666,4.446,357.1
1617.575,4.45,363.5
1569.636,4.434,354.0
1596.0283,4.447,358.9
1591.5519,4.437,358.7
1569.515,4.45,352.7
1596.9431,4.457,358.3
1602.9946,4.454,359.9
1558.7088,4.456,349.8
1605.948,4.44,361.7
1577.424,4.456,354.0
1595.6124,4.467,357.2
1577.038,4.465,353.2
1576.9062,4.447,354.6
1603.6104,4.452,360.2
1577.2608,4.448,354.6
1592.666,4.46,357.1
1564.8246,4.443,352.2
1663.572,4.415,376.8
1616.24,4.45,363.2
1594.852,4.424,360.5
1620.9925,4.435,365.5
1624.0504,4.424,367.1
1603.1704,4.436,361.4
1609.6989,4.443,362.3
1597.8186,4.431,360.6
1589.8428,4.431,358.8
1597.1522,4.439,359.8
1606.0302,4.439,361.8
1573.965,4.45,353.7
1594.7146,4.457,357.8
1603.8216,4.428,362.2
1619.7891,4.461,363.1
1606.0616,4.444,361.4
1570.9662,4.434,354.3
1592.9676,4.436,359.1
1612.9883,4.457,361.9
1586.1568,4.448,356.6
1598.3672,4.456,358.7
1542.5192,4.453,346.4
1595.5099,4.453,358.3
1603.0592,4.448,360.4
1602.6716,4.468,358.7
1559.1195,4.461,349.5
1564.5474,4.446,351.9
1569.5424,4.464,351.6
1581.8572,4.466,354.2
1581.3328,4.462,354.4
1562.5924,4.462,350.2
1633.3234,4.442,367.7
1617.9137,4.429,365.3
1610.0656,4.433,363.2
1622.0106,4.439,365.4
1654.2725,4.441,372.5
1612.5144,4.452,362.2
1602.4122,4.429,361.8
1596.4005,4.453,358.5
1624.2301,4.439,365.9
1641.1724,4.438,369.8
1638.7608,4.458,367.6
1591.74,4.44,358.5
1623.9284,4.454,364.6
1609.5345,4.445,362.1
1645.761,4.442,370.5
1592.0128,4.442,358.4
1657.7696,4.448,372.7
1579.902,4.463,354.0
1617.13,4.45,363.4
1574.0648,4.444,354.2
1633.2279,4.449,367.1
1622.1856,4.448,364.7
1570.9488,4.468,351.6
1637.968,4.451,368.0
1569.83,4.475,350.8
1580.2864,4.444,355.6
1613.0976,4.461,361.6
1577.2526,4.453,354.2
1563.4112,4.472,349.6
1578.0039,4.469,353.1
1587.936,4.448,357.0
1579.8636,4.473,353.2
1623.708,4.44,365.7
1671.241,4.433,377.0
1658.592,4.43,374.4
1639.1731,4.441,369.1
1615.1476,4.436,364.1
1623.21,4.435,366.0
1631.8665,4.455,366.3
1643.4648,4.437,370.4
1639.38,4.45,368.4
1627.8372,4.444,366.3
1651.84,4.45,371.2
1621.984,4.456,364.0
1570.3272,4.446,353.2
1651.689,4.458,370.5
1592.7296,4.444,358.4
1600.8535,4.453,359.5
1657.0386,4.458,371.7
1632.7256,4.444,367.4
1589.6277,4.449,357.3
1642.5585,4.455,368.7
1599.2685,4.461,358.5
1602.5492,4.454,359.8
1591.5921,4.467,356.3
1588.2964,4.454,356.6
1596.0591,4.467,357.3
1588.206,4.46,356.1
1599.902,4.469,358.0
1590.1669,4.463,356.3
1619.3135,4.445,364.3
1588.5562,4.466,355.7
1637.916,4.44,368.9
1608.12,4.467,360.0
1623.885,4.449,365.0
1629.4413,4.463,365.1
1625.9616,4.428,367.2
1620.0272,4.436,365.2
1619.6376,4.452,363.8
1630.948,4.444,367.0
1633.093,4.445,367.4
1625.4246,4.463,364.2
1676.0064,4.448,376.8
1629.2787,4.431,367.7
1684.7916,4.429,380.4
1672.104,4.44,376.6
1587.2266,4.451,356.6
1644.247,4.462,368.5
1623.6792,4.446,365.2
1607.4486,4.454,360.9
1608.5313,4.457,360.9
1632.2418,4.467,365.4
1597.191,4.449,359.0
1602.8373,4.461,359.3
1603.8854,4.454,360.1
1623.2244,4.468,363.3
1606.6632,4.458,360.4
1624.6475,4.445,365.5
1609.0134,4.467,360.2
1612.5973,4.451,362.3
1623.6712,4.468,363.4
1588.9188,4.452,356.9
1656.2212,4.457,371.6
1600.9728,4.467,358.4
1650.0572,4.444,371.3
1589.7206,4.463,356.2
1595.6112,4.462,357.6
1637.9825,4.445,368.5
1613.1326,4.439,363.4
1619.4735,4.443,364.5
1632.9936,4.452,366.8
1660.2075,4.445,373.5
1654.2895,4.453,371.5
1669.3719,4.441,375.9
1680.6054,4.439,378.6
1690.497,4.437,381.0
1641.2424,4.431,370.4
1626.911,4.433,367.0
1613.57,4.45,362.6
1621.4566,4.457,363.8
1602.032,4.46,359.2
1641.312,4.448,369.0
1608.8072,4.459,360.8
1612.6515,4.461,361.5
1608.3613,4.459,360.7
1611.0745,4.469,360.5
1616.9664,4.452,363.2
1613.2662,4.459,361.8
1677.2992,4.442,377.6
1600.8844,4.468,358.3
1625.1708,4.444,365.7
1594.6245,4.473,356.5
1650.5775,4.455,370.5
1593.7356,4.468,356.7
1629.3808,4.447,366.4
1592.744,4.474,356.0
1593.7373,4.463,357.1
1604.808,4.464,359.5
1615.6902,4.462,362.1
1631.0548,4.454,366.2
1647.243,4.446,370.5
1643.087,4.43,370.9
1624.5405,4.435,366.3
1640.3562,4.431,370.2
1622.6626,4.442,365.3
1615.464,4.432,364.5
1677.9552,4.432,378.6
1632.049,4.447,367.0
1631.9121,4.407,370.3
1661.5583,4.451,373.3
1628.379,4.437,367.0
1623.1104,4.464,363.6
1642.495,4.45,369.1
1623.9678,4.459,364.2
1622.79,4.446,365.0
1611.567,4.458,361.5
1593.1958,4.454,357.7
1622.712,4.458,364.0
1614.3738,4.467,361.4
1617.891,4.457,363.0
1609.8432,4.452,361.6
1620.3652,4.454,363.8
1595.9696,4.468,357.2
1606.8675,4.445,361.5
1604.735,4.475,358.6
1604.1404,4.451,360.4
1645.4478,4.458,369.1
1607.229,4.446,361.5
1656.582,4.47,370.6
1593.6184,4.444,358.6
1654.5096,4.462,370.8
1609.272,4.464,360.5
1642.2497,4.459,368.3
1651.9664,4.436,372.4
1641.9861,4.439,369.9
1619.6327,4.441,364.7
1610.1432,4.443,362.4
1636.9526,4.441,368.6
1641.5288,4.451,368.8
1678.3859,4.439,378.1
1649.289,4.43,372.3
1657.9665,4.439,373.5
1600.6445,4.445,360.1
1602.942,4.47,358.6
1597.476,4.456,358.5
1608.293,4.465,360.2
1599.4314,4.454,359.1
1584.3732,4.458,355.4
1628.4621,4.453,365.7
1601.555,4.45,359.9
1614.1824,4.464,361.6
1613.7672,4.453,362.4
1612.6726,4.466,361.1
1612.7625,4.449,362.5
1584.7996,4.468,354.7
1638.8715,4.445,368.7
1606.965,4.47,359.5
1608.5302,4.441,362.2
1640.52,4.464,367.5
1598.3814,4.466,357.9
1661.4265,4.465,372.1
1596.68,4.475,356.8
1609.6168,4.444,362.2
1667.86,4.45,374.8
1612.4058,4.437,363.4
1607.9296,4.432,362.8
1648.3545,4.449,370.5
1670.1546,4.449,375.4
1613.5326,4.434,363.9
1626.2376,4.436,366.6
1650.873,4.445,371.4
1660.3272,4.424,375.3
1661.5177,4.439,374.3
1643.3856,4.432,370.8
1617.1386,4.466,362.1
1621.2014,4.438,365.3
1596.684,4.465,357.6
1609.7312,4.448,361.9
1597.9348,4.466,357.8
1608.276,4.46,360.6
1599.2746,4.466,358.1
1607.0524,4.469,359.6
1604.1064,4.472,358.7
1582.7712,4.456,355.2
1579.0422,4.443,355.4
1622.9444,4.466,363.4
1578.394,4.46,353.9
1629.795,4.475,364.2
1618.4594,4.439,364.6
1612.948,4.468,361.0
1599.178,4.436,360.5
1617.1607,4.471,361.7
1617.8186,4.447,363.8
1623.951,4.47,363.3
1593.735,4.458,357.5
1651.689,4.458,370.5
1613.976,4.434,364.0
1640.1294,4.446,368.9
1671.3505,4.451,375.5
1595.5099,4.453,358.3
1638.351,4.446,368.5
1617.0824,4.456,362.9
1649.1276,4.426,372.6
1672.6822,4.438,376.9
1669.224,4.43,376.8
1660.3254,4.437,374.2
1615.4319,4.449,363.1
1612.9282,4.463,361.4
1621.9805,4.445,364.9
1605.3411,4.463,359.7
1596.3872,4.448,358.9
1617.475,4.462,362.5
1599.9762,4.458,358.9
1636.5892,4.474,365.8
1591.2387,4.461,356.7
1604.5855,4.451,360.5
1599.5176,4.453,359.2
1646.6438,4.454,369.7
1640.3097,4.461,367.7
1578.3018,4.461,353.8
1622.06,4.444,365.0
1594.7152,4.472,356.6
1622.089,4.438,365.5
1626.4347,4.467,364.1
1597.0032,4.446,359.2
1614.8392,4.472,361.1
1591.32,4.45,357.6
1634.7969,4.463,366.3
1611.9204,4.443,362.8
1621.536,4.445,364.8
1593.242,4.438,359.0
1625.4246,4.463,364.2
1652.5824,4.452,371.2
1647.7602,4.451,370.2
1648.2608,4.432,371.9
1644.612,4.421,372.0
1640.9445,4.429,370.5
1632.9384,4.447,367.2
1635.1153,4.459,366.7
1577.3323,4.457,353.9
1623.6394,4.463,363.8
1601.0408,4.456,359.3
1603.44,4.454,360.0
1604.16,4.456,360.0
1630.576,4.46,365.6
1600.0306,4.447,359.8
1602.4064,4.471,358.4
1600.694,4.46,358.9
1610.8862,4.466,360.7
1590.7892,4.466,356.2
1601.6896,4.469,358.4
1582.9947,4.473,353.9
1604.4776,4.447,360.8
1621.8001,4.469,362.9
1604.2005,4.445,360.9
1599.7146,4.461,358.6
1574.5011,4.449,353.9
1629.1149,4.467,364.7
1579.9152,4.458,354.4
1613.2896,4.464,361.4
1628.1421,4.457,365.3
1626.1008,4.432,366.9
1630.5212,4.438,367.4
1621.5667,4.439,365.3
1612.608,4.44,363.2
1648.2732,4.438,371.4
1621.6156,4.444,364.9
1613.6912,4.432,364.1
1650.0484,4.438,371.8
1633.093,4.445,367.4
1641.9739,4.451,368.9
1573.2449,4.453,353.3
1659.9936,4.448,373.2
1598.337,4.446,359.5
1614.7134,4.463,361.8
1637.624,4.432,369.5
1583.3,4.46,355.0
1628.9868,4.452,365.9
1594.608,4.448,358.5
1580.8866,4.462,354.3
1609.6756,4.454,361.4
1566.2571,4.461,351.1
1605.96,4.461,360.0
1588.3817,4.463,355.9
1579.8848,4.468,353.6
1578.8977,4.469,353.3
1615.4658,4.454,362.7
1580.7024,4.464,354.1
1604.4485,4.463,359.5
1586.861,4.465,355.4
1566.9756,4.434,353.4
1615.5792,4.458,362.4
1629.48,4.44,367.0
1617.1277,4.439,364.3
1607.3619,4.439,362.1
1635.2592,4.434,368.8
1637.9935,4.433,369.5
1639.5422,4.442,369.1
1591.5686,4.442,358.3
1620.528,4.452,364.0
1613.6568,4.438,363.6
1619.1527,4.447,364.1
1616.1912,4.456,362.7
1603.201,4.441,361.0
1607.1263,4.463,360.1
1619.6778,4.446,364.3
1599.7212,4.466,358.2
1600.7502,4.449,359.8
1593.0129,4.451,357.9
1608.551,4.462,360.5
1591.6368,4.436,358.8
1590.16,4.448,357.5
1629.639,4.455,365.8
1581.962,4.46,354.7
1624.4952,4.458,364.4
1572.596,4.46,352.6
1593.2007,4.459,357.3
1578.4704,4.464,353.6
1585.3383,4.467,354.9
1574.265,4.466,352.5
1592.0388,4.467,356.4
1563.676,4.46,350.6
1635.4918,4.471,365.8
1584.4668,4.452,355.9
1626.5205,4.455,365.1
1621.5138,4.434,365.7
1624.8836,4.442,365.8
1621.746,4.431,366.0
1597.0974,4.429,360.6
1607.5905,4.447,361.5
1612.3254,4.438,363.3
1620.1224,4.446,364.4
1611.679,4.435,363.4
1650.5016,4.444,371.4
1621.4993,4.451,364.3
1601.14,4.46,359.0
1572.0291,4.437,354.3
1590.6132,4.463,356.4
1600.9544,4.457,359.2
1578.1504,4.448,354.8
1605.3388,4.442,361.4
1594.005,4.465,357.0
1611.7352,4.456,361.7
1567.215,4.446,352.5
1604.4588,4.468,359.1
1604.0022,4.463,359.4
1556.7918,4.462,348.9
1590.7926,4.461,356.6
1570.8816,4.464,351.9
1599.5392,4.463,358.4
1586.692,4.457,356.0
1589.2676,4.468,355.7
1568.6496,4.464,351.4
1590.436,4.46,356.6
1581.318,4.467,354.0
1582.7628,4.461,354.8
1574.3187,4.451,353.7
1639.841,4.438,369.5
1650.6472,4.442,371.6
1614.384,4.44,363.6
1612.0375,4.447,362.5
1623.314,4.445,365.2
1622.06,4.444,365.0
1595.5836,4.447,358.8
1628.0706,4.441,366.6
1631.5466,4.442,367.3
1635.024,4.443,368.0
1590.3465,4.461,356.5
1580.7297,4.449,355.3
1573.3486,4.447,353.8
1632.8364,4.454,366.6
1589.8896,4.446,357.6
1617.3072,4.464,362.3
1581.9755,4.445,355.9
1607.6586,4.462,360.3
1589.4521,4.451,357.1
1578.6556,4.462,353.8
1576.0872,4.456,353.7
1553.5728,4.472,347.4
1592.934,4.462,357.0
1569.6825,4.453,352.5
1592.0212,4.477,355.6
1573.4136,4.456,353.1
1573.0584,4.474,351.6
1557.3,4.475,348.0
1578.7697,4.451,354.7
1562.0178,4.454,350.7
1596.3699,4.443,359.3
1592.2494,4.434,359.1
1626.2942,4.441,366.2
1624.8477,4.431,366.7
1629.872,4.429,368.0
1608.9246,4.447,361.8
1592.2255,4.429,359.5
1614.7476,4.441,363.6
1614.6578,4.453,362.6
1592.2255,4.429,359.5
1592.184,4.44,358.6
1579.6638,4.446,355.3
1582.8615,4.455,355.3
1608.276,4.46,360.6
1588.0291,4.457,356.3
1604.2745,4.465,359.3
1594.2984,4.436,359.4
1596.5036,4.462,357.8
1551.7128,4.436,349.8
1616.8077,4.443,363.9
1584.01,4.462,355.0
1627.759,4.445,366.2
1572.4507,4.471,351.7
1566.2136,4.452,351.8
1542.3536,4.468,345.2
1567.0107,4.453,351.9
1575.5109,4.467,352.7
1536.9303,4.451,345.3
1565.0438,4.469,350.2
1576.4409,4.457,353.7
1578.824,4.465,353.6
1572.0564,4.461,352.4
1557.432,4.46,349.2
1600.0306,4.447,359.8
1591.4232,4.428,359.4
1610.225,4.442,362.5
1595.1015,4.437,359.5
1611.8009,4.439,363.1
1649.5904,4.432,372.2
1611.4378,4.438,363.1
1611.792,4.428,364.0
1590.0324,4.434,358.6
1602.36,4.451,360.0
1618.2202,4.453,363.4
1610.06,4.46,361.0
1555.75,4.445,350.0
1580.0976,4.456,354.6
1572.204,4.44,354.1
1598.464,4.46,358.4
1586.5524,4.428,358.3
1580.1635,4.465,353.9
1591.1244,4.442,358.2
1565.51,4.45,351.8
1596.0574,4.462,357.7
1564.6902,4.454,351.3
1606.046,4.46,360.1
1548.6558,4.454,347.7
1592.8447,4.463,356.9
1550.8925,4.463,347.5
1591.774,4.46,356.9
1575.3456,4.464,352.9
1588.625,4.475,355.0
1553.3202,4.461,348.2
1594.45,4.46,357.5
1563.0616,4.471,349.6
1595.77,4.45,358.6
1635.9886,4.442,368.3
1609.4615,4.435,362.9
1625.2197,4.449,365.3
1587.857,4.423,359.0
1596.832,4.448,359.0
1580.996,4.441,356.0
1575.1332,4.442,354.6
1559.2798,4.426,352.3
1608.5628,4.446,361.8
1580.64,4.44,356.0
1568.136,4.46,351.6
1575.086,4.462,353.0
1564.407,4.457,351.0
1614.905,4.45,362.9
1547.6885,4.441,348.5
1615.412,4.46,362.2
1571.0448,4.443,353.6
1596.9498,4.462,357.9
1573.7106,4.443,354.2
1568.3637,4.467,351.1
1575.8424,4.444,354.6
1567.8519,4.463,351.3
1572.2766,4.449,353.4
1574.265,4.466,352.5
1568.3466,4.453,352.2
1585.6128,4.464,355.2
1544.0395,4.469,345.5
1579.698,4.47,353.4
1569.6084,4.468,351.3
1584.01,4.462,355.0
1558.0333,4.463,349.1
1565.0845,4.445,352.1
1586.1096,4.428,358.2
1589.162,4.439,358.0
1605.6172,4.444,361.3
1622.9213,4.433,366.1
1604.7762,4.454,360.3
1601.8094,4.447,360.2
1599.6036,4.452,359.3
1597.1522,4.439,359.8
1578.4976,4.454,354.4
1623.5325,4.425,366.9
1565.014,4.46,350.9
1605.6,4.46,360.0
1564.596,4.455,351.2
1554.9504,4.458,348.8
1607.3134,4.466,359.9
1590.8805,4.455,357.1
1586.856,4.44,357.4
1589.9865,4.465,356.1
1560.2643,4.449,350.7
1578.3018,4.461,353.8
1584.0216,4.452,355.8
1564.4029,4.471,349.9
1559.1853,4.451,350.3
1573.088,4.469,352.0
1552.2756,4.458,348.2
1579.0338,4.453,354.6
1576.8708,4.462,353.4
1547.5209,4.461,346.9
1597.2138,4.459,358.2
1547.4216,4.462,346.8
1586.87,4.45,356.6
1564.3616,4.448,351.7
1618.3004,4.441,364.4
1614.292,4.43,364.4
1616.3504,4.432,364.7
1623.3423,4.439,365.7
1606.0302,4.439,361.8
1600.5088,4.436,360.8
1584.192,4.44,356.8
1625.092,4.445,365.6
1623.1855,4.441,365.5
1593.914,4.43,359.8
1578.5088,4.444,355.2
1567.5006,4.462,351.3
1572.9039,4.447,353.7
1585.43,4.466,355.0
1580.0194,4.442,355.7
1587.4891,4.463,355.7
1571.752,4.445,353.6
1548.9085,4.465,346.9
1620.432,4.464,363.0
1569.2372,4.453,352.4
1565.7796,4.466,350.6
1587.2238,4.461,355.8
1563.2562,4.469,349.8
1545.7344,4.452,347.2
1589.721,4.453,357.0
1558.9259,4.463,349.3
1582.686,4.452,355.5
1570.9488,4.468,351.6
1550.607,4.443,349.0
1564.6554,4.473,349.8
1549.296,4.452,348.0
1591.774,4.46,356.9
1629.285,4.425,368.2
1591.8522,4.449,357.8
1604.0743,4.457,359.9
1602.891,4.434,361.5
1595.0172,4.438,359.4
1592.0352,4.452,357.6
1591.506,4.458,357.0
1594.3482,4.451,358.2
1607.8686,4.449,361.4
1589.095,4.45,357.1
1563.3065,4.445,351.7
1600.4318,4.463,358.6
1566.0667,4.463,350.9
1574.6175,4.467,352.5
1587.1266,4.442,357.3
1576.7779,4.463,353.3
1585.3498,4.442,356.9
1554.6984,4.456,348.9
1604.089,4.462,359.5
1594.896,4.46,357.6
1571.0184,4.453,352.8
1579.6401,4.461,354.1
1555.6245,4.451,349.5
1595.4336,4.464,357.4
1554.5046,4.458,348.7
1548.696,4.476,346.0
1561.5724,4.454,350.6
1584.4562,4.462,355.1
1553.772,4.47,347.6
1581.531,4.445,355.8
1578.1168,4.463,353.6
1571.5382,4.457,352.6
1604.0329,4.447,360.7
1599.952,4.432,361.0
1620.4868,4.447,364.4
1574.1198,4.458,353.1
1584.2948,4.418,358.6
1628.4372,4.442,366.6
1576.5498,4.431,355.8
1637.8301,4.447,368.3
1610.1449,4.459,361.1
1585.1786,4.454,355.9
1575.5495,4.457,353.5
1606.388,4.456,360.5
1558.6129,4.457,349.7
1583.3,4.46,355.0
1582.5798,4.463,354.6
1578.0976,4.468,353.2
1608.3728,4.432,362.9
1599.0929,4.463,358.3
1587.6717,4.451,356.7
1588.5562,4.466,355.7
1561.0502,4.426,352.7
1608.8922,4.458,360.9
1551.188,4.46,347.8
1613.2662,4.459,361.8
1559.1544,4.456,349.9
1578.731,4.466,353.5
1543.7564,4.454,346.6
1577.7601,4.481,352.1
1554.756,4.46,348.6
1573.8408,4.461,352.8
1547.7189,4.459,347.1
1583.9321,4.453,355.7
1582.5093,4.449,355.7
1614.624,4.448,363.0
1601.28,4.448,360.0
1632.2812,4.444,367.3
1605.2559,4.443,361.3
1628.0885,4.435,367.1
1597.736,4.432,360.5
1627.0266,4.443,366.2
1638.0584,4.444,368.6
1618.7886,4.446,364.1
1569.1442,4.454,352.3
1573.9818,4.469,352.2
1602.018,4.455,359.6
1565.811,4.461,351.0
1600.494,4.452,359.5
1574.4528,4.464,352.7
1605.0678,4.461,359.8
1559.3722,4.463,349.4
1580.5432,4.456,354.7
1569.3798,4.461,351.8
1621.256,4.454,364.0
1573.4285,4.451,353.5
1585.4925,4.475,354.3
1587.4912,4.448,356.9
1596.9512,4.472,357.1
1560.4578,4.461,349.8
1578.263,4.471,353.0
1552.6784,4.472,347.2
1574.7504,4.456,353.4
1579.8848,4.468,353.6
1556.54,4.46,349.0
1606.32,4.462,360.0
1603.44,4.454,360.0
1616.8334,4.459,362.6
1611.819,4.455,361.8
1628.7,4.45,366.0
1613.213,4.438,363.5
1607.7565,4.445,361.7
1621.6605,4.449,364.5
1610.268,4.436,363.0
1639.1493,4.453,368.1
1606.2564,4.447,361.2
1583.844,4.449,356.0
1569.1908,4.463,351.6
1579.0845,4.467,353.5
1567.9944,4.452,352.2
1578.731,4.466,353.5
1567.9468,4.462,351.4
1558.1874,4.466,348.9
1588.0284,4.452,356.7
1556.4192,4.452,349.6
1595.2536,4.461,357.6
1577.525,4.45,354.5
1585.6012,4.469,354.8
1568.196,4.445,352.8
1566.25,4.475,350.0
1554.2811,4.437,350.3
1577.3688,4.471,352.8
1571.3712,4.454,352.8
1582.1936,4.472,353.8
1575.5495,4.457,353.5
1578.2844,4.466,353.4
1575.288,4.455,353.6
1573.9125,4.465,352.5
1590.882,4.46,356.7
1589.7206,4.463,356.2
1581.3436,4.457,354.8
1598.5406,4.454,358.9
1599.4155,4.449,359.5
1631.1793,4.441,367.3
1596.759,4.454,358.5
1591.3278,4.413,360.6
1606.1124,4.454,360.6
1631.2007,4.429,368.3
1578.6792,4.452,354.6
1585.794,4.442,357.0
1564.0895,4.465,350.3
1555.05,4.443,350.0
1567.69,4.46,351.5
1566.2492,4.442,352.6
1594.3614,4.461,357.4
1574.0436,4.454,353.4
1596.684,4.465,357.6
1600.3351,4.459,358.9
1576.0514,4.466,352.9
1564.2081,4.473,349.7
1540.145,4.45,346.1
1609.12,4.45,361.6
1563.3254,4.459,350.6
1605.4114,4.457,360.2
1543.6068,4.451,346.8
1614.4359,4.461,361.9
1556.7032,4.472,348.1
1576.998,4.436,355.5
1588.0848,4.476,354.8
1584.108,4.456,355.5
1582.1523,4.443,356.1
1575.2227,4.441,354.7
1600.2844,4.444,360.1
1580.9904,4.436,356.4
1628.746,4.438,367.0
1597.9775,4.445,359.5
1619.6376,4.452,363.8
1581.6078,4.434,356.7
1645.539,4.445,370.2
1614.3176,4.424,364.9
1593.9153,4.461,357.3
1604.7543,4.449,360.7
1552.2892,4.444,349.3
1640.6217,4.457,368.1
1600.6068,4.461,358.8
1559.7582,4.459,349.8
1587.4677,4.473,354.9
1591.6832,4.456,357.2
1575.6252,4.461,353.2
1577.6705,4.463,353.5
1567.4056,4.463,351.2
1571.5382,4.457,352.6
1572.9252,4.466,352.2
1580.145,4.47,353.5
1569.9597,4.469,351.3
1580.0194,4.442,355.7
1576.3104,4.468,352.8
1580.4594,4.437,356.2
1563.7031,4.469,349.9
1580.9976,4.446,355.6
1584.8916,4.467,354.8
1566.9802,4.429,353.8
1630.3818,4.434,367.7
1602.1038,4.454,359.7
1626.504,4.444,366.0
1617.5716,4.439,364.4
1614.1806,4.437,363.8
1605.1992,4.449,360.8
1586.7774,4.446,356.9
1607.364,4.455,360.8
1616.8428,4.437,364.4
1611.3955,4.433,363.5
1596.4548,4.442,359.4
1561.06,4.45,350.8
1586.5056,4.464,355.4
1572.8753,4.457,352.9
1553.904,4.455,348.8
1597.1305,4.465,357.7
1579.652,4.456,354.5
1593.0173,4.471,356.3
1571.6481,4.451,353.1
1569.096,4.464,351.5
1570.7579,4.451,352.9
1595.2552,4.466,357.2
1577.8557,4.461,353.7
1555.7094,4.473,347.8
1568.6762,4.459,351.8
1579.251,4.47,353.3
1540.4408,4.447,346.4
1605.9424,4.456,360.4
1563.2928,4.464,350.2
1595.5099,4.453,358.3
1545.3578,4.478,345.1
1604.5855,4.451,360.5
1612.0018,4.442,362.9
1604.7284,4.444,361.1
1593.6635,4.433,359.5
1632.0675,4.441,367.5
1573.488,4.46,352.8
1603.6451,4.441,361.1
1605.115,4.45,360.7
1615.272,4.44,363.8
1604.6646,4.434,361.9
1615.35,4.45,363.0
1608.2497,4.439,362.3
1595.7966,4.434,359.9
1574.38,4.46,353.0
1577.7444,4.467,353.2
1578.5631,4.463,353.7
1584.3528,4.468,354.6
1588.1184,4.456,356.4
1570.0139,4.459,352.1
1568.6988,4.454,352.2
1573.1352,4.459,352.8
1583.9824,4.472,354.2
1562.1785,4.457,350.5
1597.6675,4.469,357.5
1557.9916,4.468,348.7
1612.8448,4.448,362.6
1563.565,4.475,349.4
1558.77,4.46,349.5
1590.1515,4.473,355.5
1552.7214,4.458,348.3
1612.587,4.467,361.0
1540.9112,4.469,344.8
1607.0032,4.454,360.8
1595.2384,4.451,358.4
1598.5257,4.449,359.3
1629.36,4.464,365.0
1617.2115,4.449,363.5
1601.9149,4.451,359.9
1607.172,4.452,361.0
1582.9516,4.454,355.4
1620.892,4.453,364.0
1610.225,4.442,362.5
1605.549,4.423,363.0
1615.394,4.444,363.5
1575.1332,4.442,354.6
1606.0605,4.465,359.7
1577.5942,4.459,353.8
1565.3649,4.461,350.9
1605.624,4.47,359.2
1562.3685,4.455,350.7
1581.0175,4.475,353.3
1579.8338,4.454,354.7
1600.256,4.465,358.4
1596.7728,4.464,357.7
1554.9144,4.472,347.7
1587.4891,4.463,355.7
1557.5448,4.468,348.6
1591.5947,4.457,357.1
1581.1116,4.474,353.4
1584.3732,4.458,355.4
1557.5483,4.477,347.9
1578.1504,4.448,354.8
1596.5058,4.467,357.4
1555.686,4.455,349.2
1629.762,4.47,364.6
1588.293,4.449,357.0
1620.8465,4.459,363.5
1595.6694,4.446,358.9
1616.202,4.445,363.6
1593.891,4.446,358.5
1642.2771,4.447,369.3
1617.0102,4.446,363.7
1605.1992,4.449,360.8
1602.3128,4.441,360.8
1629.2238,4.449,366.2
1584.638,4.46,355.3
1599.7146,4.461,358.6
1560.5748,4.469,349.2
1590.6802,4.442,358.1
1585.43,4.466,355.0
1589.6233,4.469,355.7
1583.274,4.47,354.2
1580.4246,4.467,353.8
1591.0548,4.468,356.1
1558.9392,4.472,348.6
1594.6299,4.463,357.3
1550.688,4.456,348.0
1604.0196,4.478,358.2
1552.4704,4.456,348.4
1613.0504,4.472,360.7
1551.0777,4.479,346.3
1579.2975,4.455,354.5
1586.9278,4.474,354.7
1562.6242,4.457,350.6
1597.1275,4.475,356.9
1540.6276,4.463,345.2
1603.8854,4.454,360.1
1599.2685,4.461,358.5
1602.2748,4.452,359.9
1634.5395,4.455,366.9
1601.064,4.44,360.6
1614.3777,4.451,362.7
1596.1392,4.456,358.2
1590.2544,4.452,357.2
1612.608,4.44,363.2
1585.3498,4.442,356.9
1612.1808,4.456,361.8
1618.6648,4.442,364.4
1611.986,4.453,362.0
1562.4888,4.449,351.2
1610.28,4.473,360.0
1593.8208,4.472,356.4
1554.615,4.475,347.4
1604.735,4.475,358.6
1565.7796,4.466,350.6
1593.1914,4.474,356.1
1570.1778,4.462,351.9
1563.0616,4.471,349.6
1592.9318,4.457,357.4
1557.3994,4.474,348.1
1602.576,4.464,359.0
1569.0318,4.474,350.7
1551.1735,4.451,348.5
1593.6136,4.484,355.4
1596.68,4.46,358.0
1549.9374,4.477,346.2
1589.3662,4.457,356.6
1597.4844,4.476,356.9
1553.5703,4.463,348.1
1630.13,4.46,365.5
1595.9688,4.463,357.6
1620.2025,4.445,364.5
1592.8381,4.453,357.7
1587.3888,4.469,355.2
1596.2265,4.455,358.3
1578.0976,4.468,353.2
1600.694,4.46,358.9
1568.2982,4.463,351.4
1604.262,4.46,359.7
1617.1125,4.461,362.5
1598.337,4.446,359.5
1592.205,4.475,355.8
1607.0236,4.459,360.4
1566.0008,4.459,351.2
1615.7988,4.466,361.8
1562.0178,4.454,350.7
1578.5217,4.473,352.9
1607.4486,4.454,360.9
1585.8637,4.471,354.7
1566.4929,4.449,352.1
1573.182,4.482,351.0
1564.6132,4.478,349.4
1563.8161,4.477,349.3
1568.2931,4.477,350.3
1567.8454,4.477,350.2
1544.4622,4.478,344.9
1563.2698,4.478,349.1
1542.1098,4.466,345.3
1599.0076,4.474,357.4
1579.5312,4.467,353.6
1592.885,4.487,355.0
1583.844,4.449,356.0
1606.68,4.463,360.0
1591.9407,4.473,355.9
1580.9952,4.451,355.2
1581.2409,4.463,354.3
1571.3516,4.459,352.4
1589.2743,4.463,356.1
1599.1412,4.447,359.6
1585.8006,4.457,355.8
1612.5144,4.452,362.2
1601.9542,4.466,358.7
1603.7295,4.461,359.5
1583.1612,4.476,353.7
1593.6466,4.459,357.4
1572.9625,4.475,351.5
1617.3624,4.458,362.8
1580.8866,4.462,354.3
1597.3026,4.478,356.7
1583.5721,4.457,355.3
1568.8104,4.467,351.2
1601.601,4.47,358.3
1570.374,4.474,351.0
1570.4346,4.478,350.7
1536.5349,4.481,342.9
1575.6252,4.461,353.2
1556.5986,4.482,347.3
1556.5046,4.474,347.9
1583.5352,4.472,354.1
1547.514,4.47,346.2
1583.8686,4.478,353.7
1553.8202,4.474,347.3
1614.6039,4.459,362.1
1578.4065,4.455,354.3
1615.2318,4.446,363.3
1632.1817,4.451,366.7
1594.023,4.434,359.5
1592.2971,4.449,357.9
1623.7664,4.456,364.4
1608.3613,4.459,360.7
1578.1168,4.463,353.6
1609.4227,4.457,361.1
1609.6756,4.454,361.4
1585.437,4.441,357.0
1562.84,4.45,351.2
1578.9912,4.468,353.4
1590.436,4.46,356.6
1577.2404,4.458,353.8
1590.426,4.47,355.8
1591.32,4.45,357.6
1578.6694,4.457,354.2
1552.5792,4.464,347.8
1590.2304,4.477,355.2
1561.0,4.46,350.0
1565.1027,4.473,349.9
1548.8382,4.479,345.8
1584.7996,4.468,354.7
1571.778,4.478,351.0
1564.916,4.484,349.0
1572.928,4.48,351.1
1568.2931,4.477,350.3
1548.4637,4.487,345.1
1544.544,4.464,346.0
1606.8336,4.456,360.6
1583.1612,4.476,353.7
1585.4462,4.451,356.2
1619.3936,4.444,364.4
1624.9338,4.447,365.4
1576.5544,4.436,355.4
1601.5725,4.455,359.5
1595.6997,4.461,357.7
1574.8425,4.455,353.5
1587.404,4.459,356.0
1615.5484,4.453,362.8
1580.7246,4.454,354.9
1633.17,4.444,367.5
1578.752,4.48,352.4
1610.5908,4.459,361.2
1544.697,4.458,346.5
1628.7853,4.471,364.3
1574.2448,4.442,354.4
1558.3403,4.469,348.7
1581.8184,4.476,353.4
1559.0228,4.462,349.4
1597.3083,4.473,357.1
1582.854,4.46,354.9
1553.4182,4.478,346.9
1583.6282,4.471,354.2
1555.41,4.476,347.5
1580.6642,4.474,353.3
1559.7351,4.473,348.7
1580.8014,4.482,352.7
1532.4771,4.477,342.3
1598.2003,4.463,358.1
1555.456,4.48,347.2
1597.572,4.46,358.2
1575.0715,4.481,351.5
1597.8924,4.446,359.4
1601.8662,4.467,358.6
1614.6876,4.458,362.2
1616.7765,4.465,362.1
1586.4145,4.465,355.3
1577.016,4.47,352.8
1590.873,4.47,355.9
1611.398,4.46,361.3
1605.8865,4.467,359.5
1587.9396,4.458,356.2
1592.0352,4.452,357.6
1563.3684,4.477,349.2
1596.2375,4.465,357.5
1562.814,4.455,350.8
1593.555,4.47,356.5
1612.5426,4.457,361.8
1564.4029,4.471,349.9
1599.2584,4.456,358.9
1574.8756,4.469,352.4
1600.26,4.47,358.0
1561.857,4.465,349.8
1572.5769,4.479,351.1
1550.5952,4.466,347.2
1580.4756,4.476,353.1
1554.2665,4.465,348.1
1588.4396,4.477,354.8
1566.5416,4.472,350.3
1579.072,4.486,352.0
1563.9144,4.476,349.4
1573.5909,4.487,350.7
1542.6988,4.469,345.2
1609.21,4.475,359.6
1560.6724,4.468,349.3
1626.2784,4.458,364.8
1606.8336,4.456,360.6
1626.6008,4.454,365.2
1612.226,4.466,361.0
1630.9017,4.467,365.1
1594.3614,4.461,357.4
1591.8596,4.454,357.4
1599.186,4.467,358.0
1600.6144,4.466,358.4
1583.9274,4.458,355.3
1594.9861,4.469,356.9
1592.7504,4.454,357.6
1569.2571,4.467,351.3
1632.323,4.466,365.5
1597.563,4.455,358.6
1547.067,4.47,346.1
1578.969,4.473,353.0
1563.3889,4.463,350.3
1574.5609,4.477,351.7
1568.7445,4.463,351.5
1559.09,4.475,348.4
1553.6196,4.476,347.1
1575.0086,4.477,351.8
1543.694,4.468,345.5
1599.2748,4.476,357.3
1549.4897,4.477,346.1
1569.8484,4.484,350.1
1550.3238,4.482,345.9
1590.703,4.462,356.5
1572.6364,4.483,350.8
1568.9934,4.446,352.9
1594.449,4.47,356.7
1632.816,4.437,368.0
1611.262,4.451,362.0
1618.3941,4.467,362.3
1580.9052,4.452,355.1
1580.4638,4.447,355.4
1626.3156,4.452,365.3
1585.53,4.46,355.5
1598.4,4.44,360.0
1597.55,4.45,359.0
1606.2816,4.452,360.8
1587.73,4.475,354.8
1555.113,4.47,347.9
1545.1353,4.467,345.9
1605.9888,4.476,358.8
1582.945,4.459,355.0
1564.7528,4.472,349.9
1622.0196,4.461,363.6
1559.3722,4.463,349.4
1620.7596,4.476,362.1
1595.9688,4.463,357.6
1573.792,4.471,352.0
1601.6,4.48,357.5
1553.1256,4.472,347.3
1590.7704,4.476,355.4
1536.297,4.479,343.0
1569.051,4.455,352.2
1539.9105,4.483,343.5
1563.663,4.474,349.5
1584.6702,4.479,353.8
1566.7948,4.474,350.2
1554.887,4.49,346.3
1541.621,4.462,345.5
1618.0047,4.461,362.7
1610.7598,4.457,361.4
1635.482,4.46,366.7
1606.2543,4.473,359.1
1606.1971,4.453,360.7
1589.8053,4.467,355.9
1614.015,4.45,362.7
1635.8154,4.467,366.2
1590.1669,4.463,356.3
1579.8338,4.454,354.7
1572.1695,4.455,352.9
1570.2456,4.466,351.6
1557.0006,4.478,347.7
1615.713,4.451,363.0
1572.8753,4.457,352.9
1604.8257,4.479,358.3
1612.4822,4.447,362.6
1576.4043,4.467,352.9
1611.0367,4.459,361.3
1563.9932,4.466,350.2
1604.5464,4.467,359.2
1563.8967,4.467,350.1
1576.095,4.475,352.2
1555.1595,4.465,348.3
1567.5588,4.489,349.2
1565.4907,4.469,350.3
1595.694,4.476,356.5
1562.7682,4.474,349.3
1571.3892,4.482,350.6
1565.8584,4.479,349.6
1552.768,4.48,346.6
1547.4704,4.457,347.2
1609.0827,4.461,360.7
1633.0448,4.457,366.4
1580.5501,4.451,355.1
1574.8425,4.455,353.5
1564.568,4.46,350.8
1566.2136,4.452,351.8
1571.8166,4.454,352.9
1589.007,4.451,357.0
1580.0976,4.456,354.6
1597.4841,4.461,358.1
1572.7215,4.449,353.5
1609.0998,4.466,360.3
1573.0605,4.455,353.1
1577.0559,4.479,352.1
1575.8252,4.454,353.8
1560.2648,4.463,349.6
1587.3165,4.455,356.3
1570.6922,4.466,351.7
1572.6364,4.483,350.8
1582.5656,4.468,354.2
1564.1187,4.483,348.9
1572.2208,4.464,352.2
1561.3794,4.479,348.6
1543.9774,4.474,345.1
1581.9125,4.475,353.5
1569.4475,4.465,351.5
1586.6488,4.477,354.4
1561.5776,4.477,348.8
1580.852,4.472,353.5
1561.2285,4.485,348.1
1570.5534,4.458,352.3
1571.9348,4.481,350.8
1567.6422,4.451,352.2
1655.5456,4.448,372.2
1578.2426,4.442,355.3
1613.736,4.464,361.5
1585.1745,4.459,355.5
1615.227,4.435,364.2
1617.9212,4.462,362.6
1593.7184,4.448,358.3
1588.3854,4.458,356.3
1556.2888,4.444,350.2
1595.5968,4.452,358.4
1566.5576,4.481,349.6
1575.7428,4.474,352.2
1580.592,4.47,353.6
1561.28,4.48,348.5
1607.2792,4.456,360.7
1573.1541,4.473,351.7
1630.4148,4.462,365.4
1565.46,4.46,351.0
1578.616,4.472,353.0
1601.2988,4.453,359.6
1548.1648,4.459,347.2
1567.5075,4.485,349.5
1548.5616,4.464,346.9
1600.26,4.475,357.6
1546.2144,4.474,345.6
1606.507,4.465,359.8
1552.2825,4.467,347.5
1575.0384,4.472,352.2
1551.7703,4.481,346.3
1570.4598,4.459,352.2
1564.7528,4.472,349.9
1580.815,4.453,355.0
1629.6687,4.449,366.3
1586.3995,4.435,357.7
1602.783,4.446,360.5
1581.1718,4.439,356.2
1638.7608,4.458,367.6
1600.5796,4.451,359.6
1600.1154,4.446,359.9
1613.309,4.469,361.0
1614.7134,4.463,361.8
1580.3697,4.453,354.9
1575.792,4.464,353.0
1575.5322,4.462,353.1
1551.035,4.475,346.6
1609.0074,4.446,361.9
1560.6144,4.464,349.6
1597.578,4.47,357.4
1575.7525,4.445,354.5
1602.5868,4.474,358.2
1605.4757,4.451,360.7
1549.6989,4.457,347.7
1556.8,4.48,347.5
1569.33,4.452,352.5
1586.3875,4.475,354.5
1554.8621,4.477,347.3
1561.5418,4.459,350.2
1582.0774,4.478,353.3
1550.545,4.462,347.5
1555.6572,4.478,347.4
1545.076,4.472,345.5
1556.7918,4.462,348.9
1550.6945,4.465,347.3
1567.6596,4.446,352.6
1587.579,4.447,357.0
1604.0062,4.442,361.1
1572.9122,4.442,354.1
1647.835,4.45,370.3
1605.4215,4.441,361.5
1582.408,4.46,354.8
1586.6039,4.453,356.3
1586.1564,4.458,355.8
1577.1756,4.444,354.9
1602.651,4.458,359.5
1552.4477,4.447,349.1
1587.754,4.465,355.6
1569.9888,4.464,351.7
1580.57,4.475,353.2
1603.8107,4.439,361.3
1580.61,4.465,354.0
1578.5913,4.433,356.1
1584.9992,4.456,355.7
1622.1842,4.459,363.8
1565.1582,4.449,351.8
1554.0166,4.463,348.2
1584.128,4.48,353.6
1549.1012,4.454,347.8
1558.0956,4.476,348.1
1576.1902,4.474,352.3
1578.263,4.471,353.0
1558.8852,4.468,348.9
1553.5236,4.468,347.7
1577.1312,4.464,353.3
1553.72,4.475,347.2
1538.81,4.45,345.8
1578.943,4.454,354.5
1610.01,4.45,361.8
1625.6698,4.426,367.3
1611.757,4.445,362.6
1593.601,4.439,359.0
1630.812,4.44,367.3
1598.6112,4.448,359.4
1598.76,4.441,360.0
1593.2834,4.453,357.8
1571.203,4.451,353.0
1603.9488,4.448,360.6
1580.61,4.465,354.0
1570.4185,4.445,353.3
1588.7295,4.469,355.5
1559.5132,4.438,351.4
1556.3456,4.462,348.8
1629.6033,4.461,365.3
1582.1536,4.448,355.7
1587.9272,4.468,355.4
1557.7158,4.443,350.6
1587.1251,4.467,355.3
1580.624,4.46,354.4
1565.841,4.47,350.3
1561.857,4.465,349.8
1542.6352,4.474,344.8
1561.5724,4.454,350.6
1608.306,4.47,359.8
1558.9259,4.463,349.3
1600.618,4.471,358.0
1551.8292,4.476,346.7
1554.446,4.454,349.0
1567.3392,4.473,350.4
1555.9386,4.443,350.2
1598.0808,4.449,359.2
1618.1013,4.449,363.7
1622.79,4.446,365.0
1578.148,4.433,356.0
1639.5946,4.453,368.2
1608.616,4.456,361.0
1607.3948,4.444,361.7
1593.3708,4.452,357.9
1595.5099,4.453,358.3
1577.088,4.44,355.2
1567.4056,4.463,351.2
1590.3347,4.471,355.7
1565.2368,4.467,350.4
1560.3957,4.457,350.1
1586.0592,4.464,355.3
1594.005,4.465,357.0
1550.9382,4.458,347.9
1611.7352,4.456,361.7
1553.9704,4.468,347.8
1598.4839,4.439,360.1
1556.3456,4.462,348.8
1565.7684,4.452,351.7
1596.2325,4.475,356.7
1578.1536,4.443,355.2
1574.0764,4.468,352.3
1562.338,4.46,350.3
1562.6145,4.471,349.5
1556.1058,4.469,348.2
1559.3864,4.472,348.7
1560.7458,4.458,350.1
1596.234,4.46,357.9
1561.5724,4.454,350.6
1577.1614,4.454,354.1
1607.364,4.455,360.8
1610.305,4.43,363.5
1594.4888,4.439,359.2
1581.264,4.448,355.5
1613.9795,4.445,363.1
1630.5975,4.437,367.5
1577.5295,4.435,355.7
1604.616,4.44,361.4
1597.2138,4.459,358.2
1567.3104,4.464,351.1
1571.0702,4.462,352.1
1569.4965,4.455,352.3
1581.779,4.462,354.5
1556.2878,4.458,349.1
1580.5174,4.466,353.9
1563.5424,4.452,351.2
1581.1322,4.469,353.8
1584.999,4.446,356.5
1552.0348,4.442,349.4
1583.4724,4.463,354.8
1564.1202,4.441,352.2
1561.1541,4.449,350.9
1586.9581,4.459,355.9
1573.2282,4.458,352.9
1581.672,4.468,354.0
1562.9086,4.454,350.9
1587.9272,4.468,355.4
1556.2481,4.463,348.7
1561.446,4.46,350.1
1559.2752,4.464,349.3
1579.8399,4.449,355.1
1618.9911,4.449,363.9
1589.7228,4.458,356.6
1609.3142,4.453,361.4
1638.1218,4.449,368.2
1602.168,4.432,361.5
1597.9104,4.419,361.6
1607.2792,4.456,360.7
1579.4865,4.443,355.5
1593.0129,4.451,357.9
1619.3966,4.427,365.8
1581.516,4.46,354.6
1585.3549,4.457,355.7
1594.4515,4.465,357.1
1575.9952,4.457,353.6
1597.8459,4.467,357.7
1593.999,4.455,357.8
1571.5854,4.466,351.9
1586.0685,4.449,356.5
1577.4344,4.451,354.4
1558.44,4.44,351.0
1556.499,4.465,348.6
1586.4986,4.439,357.4
1558.4796,4.463,349.2
1597.6654,4.474,357.1
1569.7332,4.476,350.7
1566.322,4.465,350.8
1568.5844,4.474,350.6
1570.758,4.47,351.4
1543.6696,4.477,344.8
1576.5174,4.461,353.4
1556.3456,4.462,348.8
1601.9593,4.471,358.3
1592.883,4.437,359.0
1614.0465,4.455,362.3
1603.6451,4.441,361.1
1602.0906,4.422,362.3
1576.816,4.448,354.5
1625.1032,4.456,364.7
1570.7876,4.436,354.1
1613.67,4.47,361.0
1617.13,4.45,363.4
1597.1522,4.439,359.8
1562.1462,4.462,350.1
1611.9285,4.459,361.5
1557.7408,4.466,348.8
1567.0107,4.453,351.9
1552.4124,4.452,348.7
1584.6908,4.474,354.2
1576.8073,4.453,354.1
1593.112,4.465,356.8
1587.8499,4.459,356.1
1561.06,4.45,350.8
1593.4644,4.471,356.4
1562.3438,4.441,351.8
1566.9888,4.472,350.4
1551.634,4.46,347.9
1561.3794,4.479,348.6
1558.8852,4.468,348.9
1589.7206,4.463,356.2
1544.0395,4.469,345.5
1587.8357,4.469,355.3
1557.6842,4.462,349.1
1582.266,4.476,353.5
1562.6883,4.461,350.3
1616.9166,4.458,362.7
1589.1744,4.444,357.6
1622.8346,4.451,364.6
1618.6648,4.442,364.4
1605.728,4.448,361.0
1601.9451,4.461,359.1
1585.437,4.441,357.0
1577.038,4.465,353.2
1627.5232,4.448,365.9
1580.4246,4.467,353.8
1584.0902,4.466,354.7
1583.442,4.473,354.0
1565.1356,4.454,351.4
1554.715,4.474,347.5
1561.923,4.455,350.6
1589.3644,4.462,356.2
1559.216,4.46,349.6
1603.9884,4.458,359.8
1556.9004,4.479,347.6
1586.5868,4.468,355.1
1593.1869,4.449,358.1
1565.4526,4.474,349.9
1587.5834,4.457,356.2
1565.9566,4.478,349.7
1580.0976,4.456,354.6
1539.8124,4.471,344.4
1574.1198,4.458,353.1
1565.6069,4.477,349.7
1558.0333,4.463,349.1
1558.9399,4.481,347.9
1571.0925,4.457,352.5
1569.799,4.466,351.5
1623.0376,4.454,364.4
1586.7815,4.451,356.5
1613.4534,4.446,362.9
1612.1522,4.451,362.2
1616.114,4.435,364.4
1594.1836,4.463,357.2
1597.2099,4.433,360.3
1620.0828,4.452,363.9
1607.952,4.448,361.5
1657.625,4.45,372.5
1583.9295,4.443,356.5
1574.2869,4.461,352.9
1606.8668,4.466,359.8
1569.8259,4.461,351.9
1614.9375,4.455,362.5
1566.9276,4.468,350.7
1601.3136,4.458,359.2
1577.463,4.47,352.9
1585.8468,4.476,354.3
1566.162,4.462,351.0
1594.3586,4.471,356.6
1581.3504,4.452,355.2
1600.3467,4.479,357.3
1568.6988,4.454,352.2
1587.0965,4.477,354.5
1553.3735,4.465,347.9
1621.62,4.455,364.0
1583.68,4.48,353.5
1592.1227,4.451,357.7
1580.6853,4.469,353.7
1564.8864,4.466,350.4
1623.6375,4.479,362.5
1588.564,4.456,356.5
1618.7472,4.452,363.6
1619.758,4.445,364.4
1596.5848,4.456,358.3
1593.5325,4.445,358.5
1592.666,4.46,357.1
1609.6168,4.444,362.2
1591.8254,4.439,358.6
1635.6066,4.447,367.8
1595.0172,4.438,359.4
1591.2376,4.456,357.1
1601.2988,4.453,359.6
1559.5656,4.461,349.6
1578.6378,4.467,353.4
1570.9057,4.459,352.3
1591.5848,4.472,355.9
1561.2538,4.462,349.9
1591.8624,4.464,356.6
1583.3,4.46,355.0
1588.5324,4.476,354.9
1596.3012,4.449,358.8
1614.58,4.475,360.8
1564.5,4.47,350.0
1588.5145,4.481,354.5
1563.5087,4.471,349.7
1618.176,4.48,361.2
1555.904,4.48,347.3
1624.0091,4.453,364.7
1596.504,4.472,357.0
1583.9321,4.453,355.7
1573.7272,4.481,351.2
1570.4598,4.459,352.2
1631.7764,4.439,367.6
1618.2,4.464,362.5
1591.6776,4.451,357.6
1587.314,4.46,355.9
1627.759,4.445,366.2
1622.548,4.46,363.8
1623.5219,4.459,364.1
1595.0724,4.458,357.8
1590.3464,4.456,356.9
1628.5698,4.446,366.3
1621.7014,4.454,364.1
1578.616,4.472,353.0
1597.6498,4.454,358.7
1581.888,4.48,353.1
1600.0488,4.452,359.4
1591.9407,4.473,355.9
1580.0708,4.466,353.8
1594.0761,4.479,355.9
1589.7042,4.473,355.4
1574.97,4.468,352.5
1631.8328,4.472,364.9
1564.362,4.476,349.5
1566.1913,4.471,350.3
1592.5702,4.471,356.2
1568.448,4.48,350.1
1611.6385,4.483,359.5
1564.6936,4.468,350.2
1572.1636,4.474,351.4
1566.208,4.48,349.6
1615.7988,4.466,361.8
1592.4689,4.477,355.7
1613.796,4.458,362.0
1659.3411,4.457,372.3
1620.9904,4.468,362.8
1621.0116,4.446,364.6
1584.3528,4.468,354.6
1643.8785,4.461,368.5
1639.3624,4.456,367.9
1604.262,4.46,359.7
1610.1432,4.443,362.4
1627.8189,4.461,364.9
1622.8346,4.451,364.6
1645.0389,4.469,368.1
1593.995,4.475,356.2
1611.0118,4.454,361.7
1578.5444,4.468,353.3
1625.344,4.48,362.8
1575.7694,4.469,352.6
1610.114,4.49,358.6
1589.979,4.47,355.7
1580.2862,4.478,352.9
1613.1368,4.471,360.8
1586.2944,4.476,354.4
1588.625,4.475,355.0
1560.583,4.478,348.5
1606.2543,4.473,359.1
1585.7316,4.482,353.8
1626.7464,4.474,363.6
1584.999,4.485,353.4
1596.147,4.471,357.0
1558.479,4.49,347.1
1590.3465,4.461,356.5
1584.6456,4.484,353.4
1599.8095,4.465,358.3
1632.1476,4.479,364.4
1620.6276,4.467,362.8
1597.6675,4.469,357.5
1646.568,4.455,369.6
1631.4298,4.466,365.3
1639.64,4.475,366.4
1593.2892,4.458,357.4
1628.1392,4.468,364.4
1616.5212,4.452,363.1
1603.9488,4.448,360.6
1644.65,4.445,370.0
1636.8331,4.471,366.1
1611.1212,4.458,361.4
1581.3927,4.471,353.7
1610.5585,4.495,358.3
1602.945,4.475,358.2
1586.0139,4.479,354.1
1615.04,4.48,360.5
1599.7224,4.476,357.4
1624.5094,4.474,363.1
1575.7428,4.474,352.2
1572.6411,4.469,351.9
1613.52,4.482,360.0
1568.935,4.475,350.6
1611.6936,4.467,360.8
1584.504,4.476,354.0
1624.1463,4.473,363.1
1583.1094,4.486,352.9
1605.7215,4.479,358.5
1575.423,4.482,351.5
1601.499,4.461,359.0
1603.2051,4.487,357.3
1613.0631,4.477,360.3
1631.9575,4.465,365.5
1596.5036,4.462,357.8
1654.0634,4.462,370.7
1596.3486,4.438,359.7
1614.0456,4.476,360.6
1613.1504,4.476,360.4
1605.7117,4.469,359.3
1665.4365,4.459,373.5
1644.1104,4.458,368.8
1646.9376,4.456,369.6
1635.8467,4.483,364.9
1591.5016,4.468,356.2
1631.0544,4.476,364.4
1619.6227,4.463,362.9
1602.2284,4.478,357.8
1587.1251,4.467,355.3
1574.305,4.475,351.8
1602.7456,4.492,356.8
1581.5952,4.464,354.3
1620.674,4.477,362.0
1598.546,4.484,356.5
1620.2557,4.487,361.1
1586.2011,4.477,354.3
1620.845,4.475,362.2
1589.6234,4.493,353.8
1620.5436,4.468,362.7
1606.1556,4.494,357.4
1592.4689,4.477,355.7
1613.436,4.488,359.5
1598.0235,4.465,357.9
1599.508,4.493,356.0
1624.398,4.47,363.4
1617.6695,4.465,362.3
1624.7614,4.471,363.4
1628.265,4.461,365.0
1596.504,4.472,357.0
1634.5976,4.471,365.6
1643.9072,4.472,367.6
1629.5111,4.451,366.1
1651.689,4.458,370.5
1664.5447,4.459,373.3
1629.066,4.451,366.0
1625.1732,4.482,362.6
1646.6406,4.477,367.8
1607.4,4.465,360.0
1591.7265,4.485,354.9
1595.5584,4.492,355.2
1617.8272,4.484,360.8
1619.7079,4.483,361.3
1615.497,4.485,360.2
1582.5649,4.487,352.7
1599.2748,4.476,357.3
1594.9588,4.484,355.7
1590.5889,4.497,353.7
1607.5726,4.463,360.2
1597.617,4.494,355.5
1596.7737,4.469,357.3
1628.074,4.49,362.6
1588.16,4.48,354.5
1616.4,4.49,360.0
1597.575,4.475,357.0
1589.2696,4.492,353.8
1648.9725,4.487,367.5
1613.4234,4.478,360.3
1611.4185,4.465,360.9
1618.5625,4.465,362.5
1631.915,4.471,365.0
1619.4555,4.465,362.7
1648.0106,4.471,368.6
1684.405,4.462,377.5
1671.0,4.456,375.0
1632.1032,4.452,366.6
1652.6362,4.469,369.8
1668.5726,4.483,372.2
1601.8706,4.477,357.8
1643.9976,4.482,366.8
1612.8948,4.484,359.7
1633.996,4.489,364.0
1611.012,4.485,359.2
1606.6131,4.489,357.9
1596.7737,4.469,357.3
1621.3275,4.485,361.5
1622.0512,4.466,363.2
1622.9596,4.492,361.3
1611.5214,4.469,360.6
1627.6395,4.495,362.1
1581.5349,4.479,353.1
1633.785,4.47,365.5
1607.1461,4.493,357.7
1650.3523,4.481,368.3
1594.4175,4.485,355.5
1613.3948,4.468,361.1
1599.9573,4.493,356.1
1601.9593,4.471,358.3
1590.0727,4.493,353.9
1638.336,4.48,365.7
1653.2505,4.455,371.1
1644.848,4.46,368.8
1646.7087,4.459,369.3
1632.2328,4.456,366.3
1640.2105,4.439,369.5
