136.954143047,136.962424994,136.984632015,137.000920057,137.009524822,137.008106947,137.005923986,136.992669106,137.003618956,137.005564928,
136.955459118,136.976140976,136.996901035,137.014226198,137.018414021,137.016383886,137.002607822,137.001101971,137.000886917,136.99822402,136.994338036,137.000095129,137.000452995,136.999832153,137.010002851,137.019204855,
136.956279993,136.969416142,136.999444962,137.01761198,137.022639036,137.016896009,137.021024942,137.034613848,
136.957118034,136.972285032,137.001924992,137.020332098,137.003833055,136.998494864,136.99997592,136.998893976,136.995993853,136.998267889,137.000692844,136.999662876,136.999125004,136.996138096,136.99278307,136.995947123,136.99990797,136.999155998,137.008712769,137.008809805,137.012293816,137.013234854,137.015858889,
136.957803011,136.976314068,137.004996061,137.023288012,137.018800974,137.023709059,137.009119987,137.016766071,137.010571957,137.014236927,137.017793894,
136.958816051,136.979427099,136.996973991,137.026648998,137.013918877,137.007564068,137.01496911,136.999588013,137.005802155,137.019536018,137.019901991,137.022505045,
136.960457087,136.982653141,136.999320984,137.030255079,137.001448154,136.998340845,136.999543905,136.997819901,137.000492811,136.997498989,136.999930859,137.000763893,137.000978947,136.999804974,136.99714303,136.997277975,136.994641066,136.993441105,136.998760939,136.99623394,136.995876074,136.996945143,137.000196934,136.999411106,137.008039951,137.007732868,137.010085821,137.024224997,137.011379957,137.02241087,
136.96153307,136.986287117,137.001394987,137.022938967,136.999529839,136.999143839,137.020303965,137.024353981,137.028472185,137.034081936,136.974097967,
136.965317011,136.989111185,137.004634142,137.025476933,137.000989914,136.998559952,137.001763821,137.001230001,136.998800993,136.996464014,137.001673937,137.001053095,137.001743078,137.027674913,137.03015399,136.97349596,
136.969006062,136.992166042,137.007712126,137.027694941,137.027515173,136.974384785,
136.954939127,136.965048075,136.986541033,137.003440142,137.002619982,136.999385118,136.989967108,136.991517067,136.990818024,136.987677097,136.989993095,136.990535259,136.989520311,136.99708128,136.992529154,136.990089178,136.986438274,136.983712196,136.99174118,136.985042095,136.983026981,136.987404108,136.997892141,136.997251987,136.997542143,136.996702194,136.993540049,137.002873182,137.008249044,137.010167122,
136.95610404,136.96827817,136.988871098,137.006576061,137.008204222,137.007322073,136.991431236,136.989002228,136.991710186,136.991579294,136.990766287,136.988693237,136.985384226,136.992043257,136.984333038,136.989099026,136.998855114,136.999876022,136.998255014,136.995007992,137.004647017,137.006597996,136.999541044,137.008494139,137.029995203,
136.956933022,136.981673002,137.001362085,137.019685984,137.003680229,137.000503302,136.997716188,136.996059179,136.996862173,136.999478102,137.00001812,136.999293089,137.010038137,137.007214069,137.016456127,137.012683153,137.01082921,137.019241095,137.02385807,137.013325214,137.020744085,137.020821095,
136.957628965,136.975469112,137.003832102,137.022768021,137.020753145,137.020963192,137.024665117,137.016785145,137.020240307,137.015897036,137.010298014,136.99942112,137.001367092,137.000908136,136.999714136,137.008557081,137.008684158,137.009966135,137.023356199,137.014607191,137.011138201,137.024047136,
136.958356142,136.978588104,137.006288052,137.025918961,137.018467188,137.022857189,137.016326904,137.011508942,137.001987934,137.001039028,137.009912014,137.012618065,137.012262106,137.025143147,137.012789249,
136.960282087,136.982036114,136.998754978,137.029289961,137.017431021,137.014153004,137.009174109,137.005093098,137.004753113,137.002432108,137.028168201,
136.961040974,136.985414982,137.000602961,137.032327175,137.011923313,137.016302109,137.009948969,137.006700993,137.005277157,137.002575159,136.99768424,137.015229225,137.017063141,
136.964336157,136.988770008,137.003652096,137.034978151,137.000290155,137.007718086,136.996206045,137.002863169,137.000965118,136.996818066,137.007713079,137.007896185,137.024328947,
136.967789173,136.991279125,137.007035017,137.027373075,137.011179924,137.003667116,137.001326084,137.008186102,137.005063057,137.002336025,136.998084068,137.004492044,136.999006271,137.008073092,137.005619287,136.99330616,137.00263834,137.000845194,136.991817951,137.005377054,137.021614075,137.026604176,137.033061028,
136.971711159,136.993785143,137.010267019,137.028491974,137.005584002,136.999228001,137.001131058,136.999532223,136.999823093,136.997059107,137.000145197,137.009214163,137.006804228,136.993849277,137.00298214,137.001131296,136.994008303,136.993197918,136.992264986,137.006151915,137.007070065,137.006795168,137.012690067,137.012215137,
136.955916166,136.967512131,136.988153934,137.005699873,137.005474091,136.9904778,136.987381935,137.007399082,137.013526917,137.010765076,137.015936136,137.019391775,137.022162914,
136.956663132,136.980620146,137.000776768,137.018964767,137.019001961,137.019102812,137.016291857,137.008655787,137.004410744,137.002817869,136.999713898,136.996776819,137.005188942,137.00423193,137.000787973,136.997539997,137.006494045,136.999067068,137.024163008,137.030508757,137.03309989,137.036468983,137.024111032,
136.957458019,136.984637976,137.003236771,137.022020817,137.019298792,137.02034688,137.021687984,137.009228945,137.017368078,137.022003889,137.00927496,137.017177105,137.012470961,137.002696753,137.009455919,137.007100821,136.996725798,137.003131866,136.999367952,137.009104967,137.006438017,136.994323015,136.993321896,137.001597881,136.998332977,136.994745016,136.99365592,136.998708963,137.008746147,137.008063078,137.010308743,137.009204865,137.004242897,137.013671875,137.015892982,137.009846926,137.018630981,137.039073944,137.024601936,
136.958152056,136.977882862,137.005524874,137.024939775,137.024243832,137.009895086,137.017742872,137.009418964,137.017277002,137.013272047,137.013292074,137.003018856,137.00977993,137.006379843,136.996974945,136.995957851,136.995592833,137.002718925,137.001360893,136.998076916,136.995779991,136.998361826,137.00850296,137.005053997,136.995838881,136.993669987,137.002839088,137.001293898,136.998167992,136.994826078,136.993706942,136.992762089,136.996925116,137.007460117,137.008208036,137.006570101,137.00844574,137.007614851,137.006579876,137.015248775,137.016093969,137.015058756,137.015414953,137.00936985,137.018339872,137.020133018,137.012807846,137.019719839,137.019268036,137.021699905,137.022027016,137.027230978,136.973195791,
136.960062027,136.980971813,136.998100758,137.028385878,137.017304897,137.01550889,136.995424986,137.004766941,137.006430864,137.007025957,137.004462004,136.99996686,136.99790597,136.995293856,137.002770901,137.002449036,137.000602961,137.018352032,137.021374941,137.02986908,136.973902941,136.96523881,
136.960876942,136.984627724,137.000173807,137.031649828,137.013703823,137.011216879,137.011363983,137.004955769,137.001085997,137.000605822,137.020356894,137.023357153,137.031245947,137.03302598,136.974811792,
136.963350058,136.987867832,137.002944946,137.034521818,137.016356945,137.017614841,136.999811888,136.999116898,137.000946045,137.000786066,137.000452042,137.009551764,137.009059906,137.017954826,137.013896942,137.011885881,137.025741816,137.029587984,137.035330057,136.974670887,
136.96697998,136.995766878,137.012591839,137.021147013,136.998817921,137.001287937,136.998855829,137.000864983,137.002262831,137.001364946,137.000086069,136.997154951,136.995568991,136.998927116,136.998809099,137.00031805,136.999577999,137.010870934,137.008417845,137.008251905,137.013600826,137.011595011,137.009789944,137.022540808,137.015950918,137.019288063,137.031239033,136.988661766,136.982833862,136.974954844,136.965524912,
136.970785141,136.990947723,137.006284952,137.026763916,137.026005983,137.020303965,137.003125906,137.002907038,137.00208807,137.001474142,137.003770113,137.020323038,137.018557072,136.973353863,136.965096951,
136.974446058,136.993244886,137.009414911,137.028284788,137.017574072,137.004086971,136.99629283,137.005209923,137.007115841,137.007534027,137.003842831,136.999528885,136.997483015,137.002285004,137.026826143,136.974241972,136.965379953,
136.955660105,136.966856956,136.99744606,137.014898062,137.028988123,137.02374506,137.01753521,137.022215128,137.019619226,137.020162106,137.018594027,137.017527103,137.013553143,137.017896175,137.016266108,137.022026062,137.02101922,137.0189991,137.01417613,137.018555164,137.014858246,137.016939163,137.020592928,137.018454075,137.01292491,137.01819396,137.014032125,137.009486914,137.010930061,137.008595943,137.0047791,137.011288166,137.007503986,137.002912998,137.001032114,136.997964144,136.995437145,137.003593206,137.003441095,137.002003193,136.999573231,136.996094227,136.993976116,137.002460241,137.004279137,137.004208088,137.001795292,136.997946262,136.996146202,136.993961096,137.001384258,137.00173521,137.000156879,136.997648001,136.990622997,136.990076065,136.999198914,137.002637148,137.004795074,137.005934954,137.004490137,137.00393796,137.014487028,137.01179719,137.010651112,137.014331102,137.012832165,137.011898041,137.010890245,137.017095089,137.015844107,137.015810251,137.018969059,137.018385172,137.025369167,137.02091217,137.017542124,137.014553308,137.021181107,137.019303322,137.02723527,137.022979259,137.017760038,137.014787912,137.016315937,137.019248009,137.028017998,137.025213003,137.021486998,137.019016027,137.020621061,137.025599957,137.035340071,137.032763004,137.029641151,137.024893999,137.025062084,137.027602196,137.039836168,137.037083149,137.03396821,137.031612158,137.030692101,137.029943228,137.042481184,137.03976512,137.036551237,137.032586098,137.030984163,137.030023098,137.038816214,137.03841114,137.035423994,137.032629013,137.029861927,137.038553953,137.030982971,137.02500701,137.016978025,137.008859158,137.000890017,137.002995968,136.995115042,136.988914013,136.980735064,
136.956455946,136.970124006,137.000255108,137.018115997,137.029240131,137.024551153,137.017688036,137.012749195,137.020545006,137.021081209,137.019361019,137.018322229,137.01427722,137.008051157,137.016678095,137.022851229,137.021999121,137.019506216,137.014635086,137.008700132,137.016111135,137.018454313,137.021238089,137.019032001,137.013070107,137.008624077,137.01474309,137.009630919,137.011728048,137.009279013,137.005177021,137.001744032,137.008110046,137.00316596,137.001641989,136.998341084,136.995903015,136.994110107,137.003821135,137.002146244,137.000062227,136.996911049,136.994795084,137.003004074,137.003925085,137.002736092,137.001650095,136.997803211,136.99559617,137.003485203,137.000995159,137.001540184,136.999970913,136.997737885,136.991490126,136.991226912,137.000385046,137.003875017,137.00606513,137.006937981,137.005429983,137.005203009,137.005290031,137.011906147,137.011131048,137.014947176,137.013565063,137.013533115,137.011746168,137.018122196,137.016917229,137.017366171,137.021379232,137.020850182,137.01755929,137.022209167,137.018903255,137.016900301,137.02366209,137.021848202,137.019258261,137.02436018,137.01918292,137.016963959,137.021408081,137.022121906,137.020791054,137.027493,137.02297616,137.020539045,137.025155067,137.029450178,137.027626991,137.034540176,137.031608105,137.027714014,137.028529167,137.031177044,137.032066107,137.039352179,137.036410093,137.034236193,137.033405066,137.032788277,137.034603119,137.041858196,137.038730145,137.034878254,137.033725262,137.03279233,137.031959295,137.040731192,137.03759408,137.034353971,137.03271699,137.029532909,137.021606922,137.025764942,137.01771307,137.009562969,137.001839161,136.993754148,136.98656106,136.989650011,136.981657982,
136.95728898,136.973927021,136.992482185,137.021049023,137.02959013,137.025009155,137.018350124,137.013451099,137.011424065,137.0217731,137.020225048,137.018647194,137.014891148,137.009960175,137.020057201,137.023720264,137.022769213,137.019886255,137.015169144,137.008869171,137.016409159,137.019405127,137.021915913,137.019768,137.013211966,137.009010077,137.015368938,137.009765148,137.012460947,137.009995937,137.005535126,137.002205133,137.008439064,137.00388217,137.002319098,136.999199152,136.996342182,136.994800091,137.003929138,137.002289057,137.000370026,136.997273207,136.995060205,136.993965149,137.005489111,137.004892111,137.002393246,136.998223305,136.996626139,136.994323254,137.001885176,137.001897335,137.000283957,136.997914076,136.992415905,136.991980076,136.999743938,137.003103018,137.00534606,137.006358147,137.004943132,137.004417181,137.013739109,137.011383057,137.010325193,137.01376915,137.012231112,137.01276803,137.01139617,137.017515182,137.016339064,137.016550064,137.019901037,137.019070148,137.016235113,137.02132225,137.018160105,137.015444279,137.022133112,137.020251274,137.017810106,137.023430109,137.018280029,137.01563096,137.018636942,137.020308018,137.019155025,137.026082993,137.021729946,137.019339085,137.021358013,137.026515007,137.036017179,137.033163071,137.03039217,137.025960207,137.0257411,137.028422117,137.040439129,137.037742138,137.034849167,137.032393217,137.031674147,137.030924082,137.043209076,137.040648222,137.037303209,137.033140182,137.031918287,137.030870199,137.039927244,137.039220333,137.036142111,137.033268929,137.030744076,137.029076099,137.031204939,137.025385141,137.017358065,137.009236097,137.00140214,136.99337101,136.995872021,136.989288092,136.981217146,
136.958008051,136.977010965,136.99519515,137.023949146,137.030161142,137.025413036,137.018477201,137.014281034,137.012237072,137.02257514,137.021003246,137.019842148,137.015526056,137.011820078,137.013574123,137.025290251,137.023732185,137.020373106,137.015561104,137.010238171,137.010312319,137.025400162,137.023447037,137.020633936,137.013626099,137.010222912,137.007827997,137.005571127,137.013710022,137.010686159,137.006257057,137.003146172,137.00011611,136.997290134,137.004073143,137.001562119,136.998745203,136.997104168,136.998582125,136.993822098,137.001799107,136.999239206,136.997668266,136.997355223,137.000427246,136.999378204,136.996915102,137.001503229,136.999188185,136.99664712,136.995244265,136.993484974,136.991421938,136.998501062,136.99587512,136.995594978,136.994920969,136.998108149,136.998322964,137.009039164,137.009032011,137.010951042,137.009539127,137.007704973,137.00584507,137.007002115,137.016825199,137.016328096,137.012514114,137.010348082,137.0087502,137.010974169,137.023043156,137.022117138,137.018746138,137.013026237,137.010613203,137.020108223,137.025076151,137.023351192,137.020241261,137.014750957,137.010854959,137.019921064,137.025023937,137.023795128,137.022015095,137.01880312,137.014904022,137.024512053,137.030418158,137.031480074,137.029162169,137.025981188,137.022672176,137.029543161,137.032118082,137.035933018,137.033734083,137.031009197,137.037636042,137.036383152,137.035523176,137.035606146,137.036088228,137.033064127,137.040029287,137.036656141,137.03564024,137.034542322,137.033741236,137.032001019,137.039072037,137.035767078,137.034796953,137.029974937,137.022529125,137.016159058,137.018085003,137.009938955,137.002235174,136.994107008,136.98728013,136.979969978,136.982038975,
136.959592104,136.980242968,136.997554064,137.017588139,137.030478001,137.025924206,137.018845081,137.015158176,137.012987137,137.02335906,137.022020102,137.020376205,137.01605916,137.012647152,137.014985085,137.026046276,137.024608135,137.020824194,137.016395092,137.010746241,137.009569168,137.024475336,137.022494078,137.020313025,137.014254093,137.00968194,137.007697105,137.00695014,137.014460087,137.011490107,137.007136106,137.003331184,137.000679016,136.99790597,137.004580975,137.000991106,136.997788191,136.99646306,136.997606039,136.9952631,137.00259304,136.998571157,136.997178078,136.996535063,136.999740124,136.998688221,136.996119261,137.000591278,136.998425245,136.996380329,136.994722128,136.993149042,136.991868019,136.998642921,136.995314121,136.994323015,136.993117094,136.99950099,136.999032974,137.01009202,137.01077199,137.009483099,137.008802176,137.005866051,137.007264137,137.008086205,137.017865181,137.017291069,137.014361143,137.011140108,137.009684086,137.011883259,137.024615049,137.022932053,137.019152164,137.013969183,137.010964155,137.011663198,137.025976181,137.024357319,137.020741224,137.015333891,137.011866093,137.01108098,137.025933027,137.024620056,137.022633076,137.019515991,137.015399933,137.025283098,137.032255173,137.032283068,137.030114174,137.026710033,137.023305178,137.031383991,137.03403616,137.036658049,137.034441233,137.031513214,137.02863121,137.037329197,137.036545038,137.037185192,137.037016153,137.033885241,137.030639172,137.037681103,137.036504269,137.035605192,137.034491301,137.032540083,137.030057907,137.036806107,137.035737038,137.030107975,137.023605108,137.016380072,137.018284082,137.010120153,137.002436161,136.994279146,136.98766613,136.980159044,136.982210159,
136.960628986,136.983770132,136.999727011,137.020841122,137.030999184,137.026446104,137.019387007,137.015852213,137.014849186,137.014273167,137.022768021,137.021002054,137.016420126,137.013230085,137.01564312,137.016951084,137.02534008,137.021166086,137.017020226,137.011742115,137.012905121,137.016483068,137.024224997,137.021394014,137.014993906,137.010694027,137.007960081,137.00735116,137.01506114,137.01198411,137.00800705,137.003499031,137.001111984,136.998020172,136.995601177,137.002990007,137.000264168,136.998629093,136.999607086,136.996426105,136.993529081,137.000682116,136.998250246,136.999119282,137.000836134,137.00034523,136.997226238,137.003364086,137.000944138,136.997945309,136.9980793,136.996689081,136.994929075,136.999046087,136.997612,136.996283054,137.002466917,137.003185987,137.004645109,137.002537012,137.002691031,137.013324022,137.010945082,137.01020503,137.012696028,137.011507034,137.011254072,137.020330191,137.018615246,137.017413139,137.018216133,137.020752192,137.019984245,137.016971111,137.021740198,137.018413067,137.016105175,137.022839308,137.021067142,137.018480301,137.023835182,137.018805981,137.016185045,137.020281076,137.021011114,137.019776106,137.026629925,137.022356033,137.020159006,137.023305178,137.027776003,137.026669979,137.034144163,137.031351089,137.026894093,137.026839018,137.029019117,137.031432152,137.03851819,137.035669088,137.033440113,137.03288722,137.031901121,137.03407526,137.041092157,137.038064241,137.033960104,137.032813311,137.031950235,137.040915251,137.040063143,137.03689909,137.033643961,137.031651974,137.029314041,137.031337023,137.025589943,137.017511129,137.009410143,137.001682043,136.993525028,136.996281147,136.989489079,136.981459141,136.973639011,
136.962568045,136.987097979,137.002142191,137.023741007,137.031403065,137.026573181,137.019771099,137.016137123,137.015727043,137.015256166,137.02376008,137.02132225,137.016572237,137.014403105,137.016903162,137.017781258,137.026143074,137.021714211,137.017427206,137.012373209,137.013893127,137.017253876,137.015763998,137.022255898,137.016657114,137.01134491,137.008225918,137.008456945,137.006265163,137.013033152,137.009689093,137.006232977,137.001796007,136.999647141,136.996414185,137.004276037,137.002260208,137.002062082,137.001135111,136.998238087,136.99421525,137.001386166,136.998675108,137.001240253,137.001121283,137.0006392,136.997368097,137.004068136,137.001731157,136.999040127,136.999649286,136.998569965,136.996900082,136.989186049,136.998007059,136.996695995,136.997868061,137.000622988,137.002834082,137.00180912,137.011515141,137.011296988,137.010341167,137.009054184,137.008942127,137.008951187,137.018811226,137.018675089,137.015205145,137.012989044,137.011144161,137.014918089,137.025403261,137.023297071,137.019606113,137.015283108,137.011817217,137.013369322,137.026604176,137.024887323,137.021415234,137.015825987,137.012654066,137.012941122,137.026654005,137.025299072,137.023153067,137.020143986,137.016169071,137.016234159,137.03324008,137.03302598,137.030637026,137.02762413,137.023670197,137.022112131,137.034999132,137.037254095,137.035014153,137.032108068,137.029384136,137.038261175,137.037440062,137.038221121,137.03750515,137.034142256,137.031076193,137.038644075,137.037319183,137.03634119,137.03616333,137.033109903,137.030647993,137.037606955,137.036530018,137.030367136,137.024486065,137.016554117,137.008481979,137.010317087,137.002618074,136.994480133,136.988059044,136.980349064,136.972402096,
136.966181993,136.990219116,137.00528717,137.026236057,137.021929026,137.026780128,137.020480156,137.016606092,137.017357111,137.015979052,137.014533043,137.021783113,137.01685214,137.014984131,137.018473148,137.018396139,137.016777277,137.022265196,137.017821312,137.013030291,137.014761209,137.01811409,137.014993906,137.02176404,137.015724897,137.011066914,137.008093119,137.007782936,137.005751133,137.012444973,137.008897066,137.004376173,137.001629114,136.998705149,136.996044159,137.003724098,137.001603127,137.000563145,137.001575232,136.998668194,136.995467186,136.99297905,137.00171423,137.002591133,137.001937151,137.001508236,136.997658253,136.995239258,137.003007174,137.000322104,137.001396179,136.999859095,136.997441053,136.989851952,136.999381065,136.998196125,137.001780987,137.003653049,137.005358934,137.004106998,137.003132105,137.012701035,137.01060915,137.010059118,137.011869192,137.010661125,137.010589123,137.019855022,137.0164361,137.015007019,137.014995098,137.017892122,137.017439127,137.023986101,137.019966125,137.01651907,137.012957096,137.016591311,137.017487288,137.025591135,137.022059202,137.01658988,137.013011932,137.013940096,137.01762104,137.026268959,137.023790121,137.020767927,137.017666101,137.018057108,137.034170151,137.033856153,137.031280041,137.028434038,137.023789167,137.023259163,137.035944223,137.038291216,137.035418034,137.032743216,137.030397177,137.028969049,137.038207054,137.04086709,137.038348198,137.035148144,137.031622171,137.029731274,137.037967205,137.037296295,137.036805153,137.034183025,137.03097105,137.028523922,137.037143946,137.030534029,137.024802923,137.01670599,137.008657932,137.010489941,137.00279212,136.994806051,136.988440037,136.980540991,136.972590208,
136.969923019,136.992645025,137.008524179,137.028129101,137.022505045,137.026976109,137.02115202,137.017765999,137.018232107,137.016879082,137.0154531,137.022539139,137.017612219,137.01585722,137.019387245,137.019474268,137.017795086,137.022810221,137.018281221,137.013618231,137.015613317,137.018872976,137.016736031,137.022629976,137.017194986,137.011924982,137.008544922,137.009352922,137.006744146,137.013730049,137.01018405,137.006556034,137.001962185,137.00012207,136.996865988,137.004638195,137.002633095,137.002612114,137.001717091,136.999287128,136.994821072,136.992293119,137.000034094,137.002095222,137.001265287,137.001211166,136.997515202,136.994811296,137.002475262,136.999741316,137.001017332,136.999002934,136.99732089,136.989372015,136.998511076,136.997344971,137.000456095,137.001172066,136.999979973,137.003322124,137.002243996,137.012081146,137.010431051,137.009823084,137.01090312,137.009896994,137.019558191,137.019348145,137.0158391,137.014552116,137.014240265,137.016691208,137.016621113,137.024855137,137.020546198,137.017104149,137.013557196,137.020236254,137.018422127,137.026490211,137.022591114,137.017076015,137.013189077,137.014684916,137.018182993,137.02738595,137.024665117,137.021223068,137.018342972,137.019022942,137.024885178,137.034747124,137.031927109,137.028974056,137.024012089,137.024254084,137.026604176,137.038944006,137.036259174,137.033232212,137.030929089,137.029763222,137.039145231,137.041655064,137.03910923,137.035929203,137.03204608,137.030319214,137.038962126,137.038097143,137.0376513,137.034965992,137.03172493,137.029233932,137.037774086,137.030725956,137.025211096,137.017184973,137.009032965,137.001104116,137.003198147,136.995455027,136.989118099,136.980925083,136.973002195,
136.973451138,136.995141029,137.011924982,137.028688192,137.023081064,137.017290115,137.021622181,137.018736124,137.019208193,137.01772213,137.016666174,137.012928247,137.017729044,137.015975237,137.021297216,137.020288229,137.018483162,137.01338625,137.018389225,137.014231205,137.016228199,137.019731998,137.017640114,137.012763023,137.017669916,137.013171911,137.008979082,137.010229111,137.007457972,137.004214048,137.010774136,137.00694108,137.002269983,137.000573158,136.99737215,136.995072126,137.003141165,137.003008127,137.001860142,136.99943018,136.996537209,136.99441123,137.003372192,137.004838228,137.005651236,137.002939224,136.998613119,136.997229099,136.994816303,137.0024333,137.002093315,137.000456095,136.998049974,136.993048906,136.99249506,137.00118804,137.004570007,137.00664115,137.007367134,137.005993128,137.005859137,137.00603199,137.012207031,137.011527061,137.015595198,137.014450073,137.014332056,137.012236118,137.019020081,137.017755032,137.019793034,137.022352219,137.021465063,137.018101215,137.022519112,137.01931119,137.017554283,137.02438426,137.022592306,137.019598246,137.024477243,137.019833088,137.017515898,137.022206068,137.022876978,137.021352053,137.028002977,137.023637056,137.022602081,137.028529167,137.030514002,137.028105974,137.035164118,137.032288074,137.028650045,137.030132055,137.035036087,137.032898188,137.040232182,137.037091255,137.035391092,137.034479141,137.033895254,137.035228252,137.042728186,137.039149284,137.035771132,137.034810305,137.033822298,137.03287816,137.041524172,137.03845191,137.035010099,137.033605099,137.029752016,137.02216506,137.026027918,137.01788497,137.009766102,137.002041101,136.993909121,136.986927032,136.989794016,136.981850147,136.974528074,
