104.644424915,104.651463032,104.667697906,104.673511982,104.676480055,104.68641901,104.691792011,104.691995144,104.689026117,104.692976952,104.694272995,104.68453002,104.686599016,104.68987298,104.68698597,104.690524101,104.690627098,104.692054033,104.692789078,104.686791182,104.689916134,104.691231251,104.695142031,104.691555023,104.685076952,104.68670392,104.687005043,104.688029051,104.688184977,104.698980093,104.698948145,104.702385187,104.691063881,104.690965891,104.690808058,104.68876195,104.684426069,104.685128927,104.685177088,104.680495977,104.681586027,104.683125019,104.68580699,104.683673143,104.679545164,104.679108143,104.681071997,104.684743166,104.684602976,104.680438995,104.678481102,104.678412199,104.685960054,104.685776234,104.682364225,104.667318821,104.666996956,104.674351931,104.676985025,104.675318956,104.672852993,104.672930002,104.67811203,104.678643942,104.675604105,104.670447111,104.67031002,104.67404294,104.680130005,104.679759979,104.673876047,104.674499989,104.674321175,104.680611134,104.679273129,104.67308712,104.672674179,104.674395084,104.682661057,104.682605267,104.67899394,104.678169966,104.679715872,104.683953047,104.678349972,104.67117095,104.664315939,
104.645974874,104.655029058,104.669939995,104.674316883,104.680042028,104.692289114,104.692587137,104.683817148,104.685253143,104.687276125,104.686789989,104.686245918,104.689727068,104.691278934,104.69325304,104.693224192,104.694011211,104.695579052,104.681720018,104.688966036,104.699970007,104.691887856,104.691200972,104.686958075,104.686776876,104.685879946,104.682113886,104.683493137,104.684082985,104.680556059,104.681674957,104.683587074,104.685006142,104.685492039,104.682135105,104.681534052,104.671825171,104.676279068,104.676144123,104.674205065,104.67035985,104.668314934,104.676569939,104.677648067,104.676778078,104.676743031,104.676335096,104.67859602,104.679234028,104.677309036,104.672121048,104.671308041,104.676630974,104.680269003,104.680242062,104.675976992,104.67664814,104.676441193,104.681130171,104.680242062,104.673665047,104.673794031,104.676274061,104.683088064,104.682981253,104.680253029,104.67955184,104.68085885,104.684177876,104.678609848,104.671469927,104.664568901,
104.646743059,104.658771992,104.672645092,104.67650795,104.68286109,104.693978071,104.683633089,104.686141968,104.693276167,104.694806099,104.690165043,104.689677954,104.693310976,104.683062077,104.683166981,104.686288118,104.688664913,104.674143076,104.674879074,104.677800179,104.675134182,104.675219059,104.67799902,104.677294254,104.67521286,104.67244792,104.678334951,104.679524899,104.677386999,104.677942991,104.679041862,104.679959059,104.679734945,104.679089069,104.674309015,104.674915075,104.680144072,104.681252956,104.681481123,104.680397987,104.6805861,104.681962013,104.681527138,104.675943136,104.680186033,104.683740139,104.683635235,104.682835817,104.683505058,104.684916019,104.67927599,104.672116041,104.655231953,
104.647124052,104.661382914,104.673717976,104.678050041,104.684148073,104.684422016,104.686662197,104.687092066,104.688475132,104.68769598,104.689362049,104.690109015,104.691359997,104.693108082,104.692894936,104.694418192,104.686169147,104.696328878,104.690917015,104.693852901,104.684542894,104.679930925,104.677081108,104.678413153,104.675911188,104.678900242,104.675632,104.679347992,104.679925919,104.678839922,104.678976059,104.679194927,104.681442022,104.681586027,104.679352045,104.678075075,104.68084693,104.682341099,104.681730986,104.681244135,104.681013107,104.681572199,104.682360172,104.678583145,104.682507038,104.684254169,104.684496164,104.67477107,104.675691843,104.669831991,104.662699938,104.655706882,
104.647665977,104.653183937,104.664793968,104.670244932,104.675725937,104.68007493,104.679494143,104.680438042,104.67624402,104.68082118,104.676664829,104.680341005,104.683698893,104.683468103,104.684075117,104.682332039,104.683156013,104.683368206,104.685456038,104.675184011,104.676054001,
104.649556875,104.654763937,104.666987896,104.670979023,104.67908597,104.678720236,104.677254915,104.682575941,104.679924011,104.685055017,104.68561697,104.681374073,104.685880184,104.684303045,104.671978235,104.674552202,104.677812099,104.677854061,104.676738977,
104.650111914,104.667912006,104.679502964,104.681710005,104.69127202,104.69334197,104.695325136,104.693318129,104.697877169,104.70029211,104.700944185,104.698187828,104.701052904,104.701975822,104.703177929,104.704045057,104.7032969,104.69402194,104.694726944,104.69473815,104.693389177,104.697292089,104.698084116,104.697256088,104.69839716,104.70104599,104.701344013,104.698334932,104.701746941,104.70400095,104.704573154,104.705322027,104.714079142,104.717495203,104.699204922,104.691982985,104.692549944,104.692825079,104.69258213,104.692028046,104.691302061,104.694167852,104.697997093,104.697263956,104.687009096,104.685570002,104.687383175,104.690852165,104.691012859,104.687250853,
104.651296854,104.669429064,104.680135012,104.682000875,104.694353104,104.695636988,104.693623066,104.699273109,104.697462082,104.700896025,104.702206135,104.701795816,104.702183008,104.700675011,104.700623989,104.704874992,104.695343018,104.693913937,104.695852041,104.695271015,104.700082064,104.702246904,104.702208042,104.703003883,104.715771198,104.720381021,104.69296813,104.68701005,104.687299013,104.68982625,
104.653506041,104.669873953,104.680720091,104.682672024,104.694673061,104.695976019,104.694551945,104.694868088,104.694873095,104.699541092,104.699934006,104.696803093,104.698012114,104.700412035,104.702354193,104.703658104,104.70270586,104.703218937,104.6974051,104.700802088,104.703766108,104.693383932,104.690200806,104.684898853,
104.657613993,104.671957016,104.681127071,104.683472872,104.697626114,104.698205948,104.698948145,104.701907158,104.704148054,104.699926138,104.70542407,104.696337938,104.69408989,104.692112923,104.693939924,104.694264174,104.695255041,104.695416212,
104.643530846,104.652096033,104.654788017,104.663083076,104.665559053,104.674914122,104.681239128,104.681481123,104.678004026,104.678297997,104.678231955,104.682127953,104.683897734,104.682465792,104.680617809,104.682574987,104.683861971,104.685602903,104.685585022,104.682952881,104.682760954,104.682703018,104.685880899,104.685930014,104.685190916,104.68520689,104.685566902,104.687988997,104.688970089,104.686191082,104.687701941,104.687791109,104.689628124,104.68916893,104.687379122,104.687860012,104.688451767,104.692228794,104.691529751,104.689691782,104.677160978,104.676528931,104.67770195,104.681596994,104.68276,104.682832956,104.68246603,104.68375206,104.684085846,104.685582876,104.681508064,104.681817055,104.680896997,104.684881926,104.686564922,104.685662985,104.68603611,104.687472105,104.688164949,104.688089132,104.68619895,104.693232775,104.699859858,104.698322773,104.699226856,104.702671766,104.699903965,104.693753958,104.693090916,104.691288948,104.6910429,104.691058874,104.689751863,104.687314987,104.68520689,104.685678959,104.685481071,104.670948982,104.672625065,104.673197985,104.676391125,104.674180031,104.671004057,104.672420979,104.673816919,104.675073862,104.675547838,104.672579765,104.672170877,104.672416925,104.676357985,104.676224947,104.674691916,104.671043873,104.670012951,104.676870823,104.677717924,104.676995993,104.677197933,104.677537918,104.678812981,104.679419994,104.678203106,104.67298007,104.672894001,104.679587126,104.680973053,104.681071997,104.679209948,104.679388762,104.679729939,104.681727886,104.671312809,104.665406942,104.665282965,104.669487953,104.673596859,104.673785925,104.673152924,104.672796965,104.674015045,104.675024033,104.669424057,104.662271976,104.655361891,
104.645629883,104.659535885,104.673290014,104.676959991,104.683312893,104.69103694,104.694385052,104.694070101,104.691874981,104.692240953,104.6918571,104.69528079,104.696555853,104.693725824,104.693066835,104.694697857,104.696731806,104.697900772,104.696402788,104.694372892,104.695546865,104.696125031,104.698123932,104.698158026,104.696188927,104.696416855,104.697810888,104.700351954,104.700692892,104.698242903,104.700624943,104.69976902,104.702147961,104.701897144,104.688935041,104.689261913,104.691202879,104.694377899,104.693296909,104.689898968,104.689915895,104.688325882,104.692308903,104.69432497,104.694134951,104.694263935,104.694746017,104.69543004,104.696424961,104.696228981,104.692744017,104.693196058,104.693376064,104.696885109,104.699409962,104.696938992,104.697633982,104.698260069,104.699872971,104.699311018,104.697980881,104.705521822,104.711682796,104.710447788,104.710188866,104.714011908,104.710310936,104.705360889,104.704874992,104.703859806,104.703961849,104.69157505,104.691622019,104.689013958,104.688665867,104.693043947,104.686271906,104.683495998,104.68355298,104.68719697,104.687713146,104.685280085,104.683319092,104.684211969,104.685564756,104.687865734,104.686683893,104.685189962,104.684506893,104.68568182,104.688426971,104.688197851,104.686151981,104.685944796,104.684983969,104.688405037,104.690387011,104.688613892,104.689028978,104.689269066,104.691680908,104.690521002,104.689449072,104.687087059,104.688708067,104.691653013,104.682742119,104.681957006,104.681762934,104.681089878,104.68204689,104.682487965,104.681959867,104.679229975,104.679044962,104.682603836,104.685688019,104.68530798,104.683773994,104.683997869,104.685314894,104.686208963,104.680094957,104.672954082,104.665932894,
104.646146059,104.65593195,104.67099905,104.674787998,104.680756092,104.690344095,104.692982912,104.692744017,104.69134593,104.691751957,104.691210032,104.694523811,104.695477724,104.693318844,104.692427874,104.694209814,104.696401834,104.697476864,104.695768833,104.693677902,104.695002794,104.695578814,104.697901011,104.697710991,104.695450068,104.695973873,104.696928024,104.699923038,104.700315952,104.697787046,104.700089931,104.698724031,104.701690912,104.70086503,104.69845295,104.698707104,104.688991785,104.69332695,104.692843914,104.689764977,104.689086914,104.68730998,104.690677881,104.693063021,104.69332695,104.694026947,104.693313837,104.695116043,104.695315838,104.696058035,104.692131996,104.692651033,104.692486048,104.696237087,104.69749403,104.696583986,104.697164059,104.697829008,104.698965073,104.698598146,104.697322845,104.704388857,104.710681915,104.709175825,104.709615946,104.7135849,104.709994793,104.70458889,104.703963995,104.702782869,104.702343941,104.701483011,104.701408863,104.698195934,104.69729805,104.692044973,104.686013937,104.682333946,104.683093071,104.684298992,104.686800957,104.684790134,104.682914019,104.683954,104.68417573,104.687005758,104.68568778,104.683883905,104.684169769,104.684364796,104.686604977,104.686659813,104.685912848,104.683110952,104.683228016,104.687541008,104.68808794,104.687458038,104.687814951,104.688183069,104.690455914,104.689845085,104.688781023,104.685467005,104.685661077,104.690217972,104.691689014,104.691588163,104.690713167,104.680071831,104.680960894,104.682217836,104.681790829,104.677164793,104.677325964,104.682241917,104.68414402,104.684638023,104.683532,104.683516026,104.684659004,104.685461998,104.679939985,104.672808886,104.665812016,
104.648833036,104.661835909,104.673984051,104.67919302,104.684302092,104.691462994,104.694544077,104.694675922,104.692194939,104.692678928,104.692335129,104.696089745,104.696919918,104.693823814,104.693537951,104.694848776,104.697325945,104.698919773,104.696962833,104.695039988,104.696090937,104.698102951,104.698283911,104.698544979,104.696538925,104.697090864,104.698714972,104.70075202,104.691088915,104.689373016,104.690956116,104.691154003,104.692626953,104.692291021,104.690389156,104.690137863,104.691782951,104.694848776,104.694471836,104.689964771,104.690396786,104.689300776,104.69392395,104.694903851,104.694192886,104.69510603,104.695148945,104.696614981,104.697803974,104.696622849,104.693404913,104.694069862,104.693939924,104.697875977,104.699626923,104.698158979,104.698384047,104.698856115,104.700709105,104.701007128,104.699027777,104.706592798,104.712304831,104.711181879,104.711310863,104.714854956,104.710421801,104.706259966,104.695689917,104.69499588,104.694111824,104.692124844,104.691772938,104.68974185,104.690182924,104.693448067,104.686398983,104.685065031,104.683818102,104.688673019,104.68928194,104.68565011,104.683532,104.684376001,104.68775177,104.689262867,104.687127829,104.68527174,104.68479085,104.685985804,104.689997911,104.68897891,104.686235905,104.68631196,104.686472893,104.690726995,104.691409826,104.688910007,104.689105034,104.689455986,104.693000078,104.691996098,104.689558029,104.678182125,104.679592133,104.683979988,104.684530973,104.682058096,104.681947947,104.681260824,104.683325768,104.683238745,104.682079792,104.680925846,104.681474924,104.683728933,104.686187983,104.685740948,104.683853865,104.684078932,104.685550928,104.686360836,104.680242062,104.673110008,104.666066885,
104.649729013,104.663354874,104.675284863,104.680448055,104.686670065,104.691987991,104.694730997,104.694802999,104.692706108,104.693089008,104.692779064,104.697039843,104.697392941,104.693938732,104.693975925,104.695092916,104.698787928,104.700233936,104.697395802,104.696110964,104.697376013,104.698756933,104.699898005,104.699359894,104.698363066,104.689359903,104.690799952,104.691776037,104.691543102,104.690108061,104.691823006,104.692321062,104.693478107,104.693434954,104.691931963,104.691691875,104.693335772,104.696038961,104.694545746,104.690660954,104.690967798,104.690515995,104.694948912,104.696652889,104.695776939,104.695997,104.695456028,104.698287964,104.698595047,104.696749926,104.694211006,104.694952965,104.696063995,104.699029922,104.700016022,104.699093103,104.700281143,104.699800014,104.70115304,104.70144701,104.699548721,104.707776785,104.713083744,104.712235928,104.712774754,104.715912819,104.700686932,104.696700811,104.696447849,104.69679904,104.694504976,104.693465948,104.692481041,104.690209866,104.691318035,104.693984985,104.688766956,104.685790062,104.684816122,104.690436125,104.690323114,104.686063051,104.683751106,104.684445143,104.690171719,104.690283775,104.687291861,104.685337782,104.685150862,104.68657279,104.691260815,104.689424992,104.686317921,104.686401844,104.686846972,104.691745996,104.691874981,104.689018011,104.689173937,104.690530062,104.684545994,104.682612896,104.679651022,104.678708076,104.67968297,104.685589075,104.68602705,104.682198048,104.682094812,104.681607723,104.68646884,104.684878826,104.6823349,104.681914806,104.682638884,104.685033798,104.688198805,104.685923815,104.684140921,104.684247017,104.688566923,104.686847925,104.680350065,104.673218012,104.666190863,
104.65072608,104.665946007,104.677850008,104.681171894,104.690042973,104.692752123,104.695075989,104.695003033,104.69295311,104.693217039,104.693170071,104.697506905,104.697864771,104.694190741,104.694764853,104.696216822,104.69972086,104.700872898,104.697498798,104.696871996,104.697780848,104.700237036,104.690887928,104.689770937,104.688905001,104.689766884,104.692497969,104.693217039,104.691751957,104.691351891,104.692234993,104.692759991,104.694087029,104.69456315,104.692397118,104.692078829,104.69428587,104.696090937,104.695590973,104.691102982,104.691742897,104.690923929,104.695839882,104.696781874,104.696513891,104.696578979,104.696038961,104.698832989,104.699599028,104.696879864,104.694962025,104.69549799,104.696928024,104.699948072,104.700387001,104.700055122,104.700999975,104.700541973,104.702466011,104.70233798,104.700554848,104.70869875,104.703529835,104.702677965,104.704479933,104.706832886,104.700781822,104.697364807,104.697343826,104.697023869,104.695061922,104.693850994,104.693332911,104.690918922,104.691725969,104.694114923,104.688906908,104.686222076,104.686788082,104.691251993,104.691282034,104.686254978,104.683804035,104.684537172,104.691435814,104.691128731,104.687922955,104.685401917,104.685340881,104.686987877,104.692126989,104.689691782,104.68640089,104.686484814,104.687448025,104.69280982,104.692359924,104.689432859,104.67927599,104.681914091,104.685240984,104.683156967,104.679815054,104.679172039,104.680022001,104.68680501,104.687694073,104.682315111,104.68221283,104.681762934,104.68676877,104.686137915,104.68244195,104.681995869,104.682778835,104.687975883,104.689527988,104.686390877,104.68452096,104.684514046,104.691586971,104.687397957,104.680505037,104.673377991,104.666297913,
104.651547909,104.673205853,104.682664871,104.684738874,104.684502125,104.690866947,104.690757036,104.686306953,104.68592906,104.686400175,104.690704823,104.693113804,104.69171381,104.689568758,104.690779924,104.69351697,104.694347858,104.695219994,104.692336798,104.692127943,104.692075968,104.695258856,104.69569397,104.69343996,104.694741011,104.693845034,104.696923018,104.698220968,104.694355011,104.695606947,104.696948051,104.698416948,104.698351145,104.696758986,104.696692944,104.698068857,104.701151848,104.700705767,104.699121952,104.695459843,104.69520998,104.695701838,104.700532913,104.691840887,104.691588879,104.691382885,104.692102909,104.693001986,104.695159912,104.690031052,104.690696955,104.689307928,104.694073915,104.696290016,104.694155931,104.694386005,104.695856094,104.697766066,104.697262049,104.695287943,104.700958729,104.708677769,104.707417965,104.708076954,104.711339951,104.709704876,104.703429937,104.702088833,104.700897932,104.700798035,104.699599028,104.697129965,104.696269989,104.693143845,104.694935083,104.69491291,104.68987298,104.691981077,104.692963123,104.685866117,104.683746099,104.679986,104.679861069,104.681874752,104.684794903,104.6846838,104.681052923,104.67906189,104.679410934,104.686038971,104.685891867,104.682737827,104.678426981,104.67730689,104.685075998,104.687253952,104.685727835,104.683861971,104.683753014,104.688370943,104.688935995,104.686057091,104.68086791,104.681905031,104.687534094,104.690627098,104.690369129,104.6867311,104.687623739,104.687012911,104.69129777,104.690668821,104.684132814,104.673872948,104.677056789,104.683197975,104.683185816,104.680784941,104.680832863,104.681751013,104.684663057,104.67901206,104.671868086,104.664973974,104.656928062,
104.654211044,104.670315027,104.680243969,104.683033943,104.693073034,104.695104122,104.696523905,104.695392132,104.693997145,104.694270134,104.695122004,104.699394941,104.699356794,104.685364962,104.6864748,104.688287973,104.690969944,104.692276955,104.689278841,104.689002991,104.689327002,104.692430019,104.692368984,104.691544056,104.690361023,104.691214085,104.695379019,104.695947886,104.6936059,104.693772078,104.69422102,104.695168972,104.695719957,104.695304155,104.693546057,104.69430089,104.698226929,104.698534966,104.696750879,104.693585873,104.693289757,104.69209981,104.697316885,104.69888401,104.697319031,104.697927952,104.697842836,104.701292038,104.701565027,104.697135925,104.696954012,104.696734905,104.700666904,104.702199936,104.692384958,104.692963123,104.693498135,104.694390059,104.694726944,104.694302797,104.696531773,104.703585863,104.705285788,104.704757929,104.708852768,104.707158804,104.7011168,104.698974848,104.699615955,104.699599028,104.696717024,104.69468689,104.694648027,104.691546917,104.692250967,104.694384098,104.689477921,104.688126087,104.689038038,104.692768097,104.693067074,104.687083006,104.684668064,104.684782982,104.693006754,104.692489862,104.688355923,104.685552835,104.685467958,104.692070961,104.693331003,104.689751863,104.68648386,104.686597824,104.678139925,104.684815884,104.682581902,104.679838896,104.679720879,104.683315992,104.686500072,104.683614969,104.679883003,104.679242134,104.680258989,104.689059019,104.688904047,104.682446003,104.68249774,104.681988955,104.688007832,104.686965942,104.682561874,104.682163954,104.683333874,104.690279961,104.691326857,104.686934948,104.685106039,104.685309887,104.691668987,104.687811852,104.680649996,104.673524857,104.666404009,
104.657886028,104.672299862,104.680828094,104.683908939,104.693685055,104.698332071,104.698689938,104.695539951,104.695044994,104.695296049,104.68648386,104.690003872,104.690232754,104.687613964,104.688786983,104.692937851,104.693094969,104.694036961,104.68966794,104.689640999,104.689975023,104.693298817,104.693891048,104.692190886,104.690955877,104.691696882,104.696022034,104.696690083,104.693964958,104.693973064,104.694274902,104.69639492,104.697095156,104.69573307,104.695172071,104.696074724,104.69985795,104.699392796,104.698109865,104.693903923,104.693697929,104.692652941,104.698785782,104.700294971,104.699389935,104.699944973,104.699766874,104.701585054,104.702595949,104.697551012,104.697705984,104.68731904,104.692496061,104.693103075,104.692708969,104.69354701,104.693695068,104.695771933,104.695487976,104.694406748,104.698649883,104.705716848,104.706059933,104.70619297,104.710511923,104.708759785,104.702440977,104.699958801,104.700344801,104.700137854,104.698024988,104.695433855,104.695086956,104.69175601,104.692512035,104.694647074,104.689621925,104.688945055,104.690221071,104.693210125,104.693150043,104.687618017,104.686396122,104.687448025,104.694116831,104.693880796,104.688727856,104.685755968,104.685703754,104.694180965,104.684099913,104.680210829,104.67659688,104.676658869,104.681102991,104.685446024,104.683614969,104.680327892,104.68024087,104.684002876,104.686968088,104.68385911,104.679997921,104.679474115,104.680977106,104.689363956,104.689357996,104.682824135,104.682932854,104.682132721,104.688937902,104.687458754,104.682706833,104.682289839,104.683899879,104.691540956,104.692174911,104.687345982,104.685482025,104.685776949,104.692577839,104.687958002,104.680757999,104.673934937,104.666717052,
104.659371853,104.674165964,104.682775974,104.684547901,104.694111109,104.700335979,104.690127134,104.685878992,104.685487032,104.685884953,104.689998865,104.692848921,104.690923929,104.688616753,104.690165758,104.693066835,104.694218874,104.694943905,104.692131996,104.691394806,104.691594839,104.694619894,104.69502902,104.692642927,104.692435026,104.692635059,104.696297884,104.697217941,104.694039106,104.694665909,104.695871115,104.697840929,104.697741032,104.696367979,104.695697069,104.697045803,104.700230837,104.69983387,104.698662758,104.694441795,104.694105864,104.694859982,104.69954586,104.701107979,104.70033288,104.700989008,104.701126814,104.692350864,104.694289923,104.688668966,104.68894887,104.688062906,104.693070889,104.694785118,104.693681955,104.693989992,104.694782019,104.696969986,104.695883989,104.694559813,104.699778795,104.706822872,104.706284761,104.7070539,104.710666895,104.709299803,104.702817917,104.700904846,104.700664997,104.700670004,104.69875598,104.696367025,104.695528984,104.692355871,104.693671942,104.694779873,104.689749002,104.689559937,104.691493034,104.694564104,104.693445921,104.688624144,104.687394142,104.689203024,104.694565773,104.694148779,104.679486752,104.676177979,104.676368952,104.685649872,104.684984922,104.681237936,104.676746845,104.676746845,104.681772947,104.686049938,104.684020042,104.680778027,104.680842876,104.6863029,104.68808198,104.684365988,104.680088997,104.679552078,104.68217802,104.689762115,104.689526081,104.683356047,104.683592796,104.682791948,104.689388752,104.688029766,104.68281889,104.682396889,104.684129,104.692158937,104.692362785,104.688004017,104.686163902,104.687399864,104.693387985,104.688066959,104.680912018,104.664051056,104.656821966,
104.64467597,104.649712086,104.665800095,104.673227072,104.677305937,104.685894966,104.691610098,104.691834927,104.688447952,104.689178944,104.688778162,104.69316411,104.694137096,104.693261147,104.694884777,104.696039915,104.693142891,104.693928957,104.694737911,104.696286917,104.696234941,104.695312977,104.698572874,104.699429989,104.696659088,104.698400021,104.700264931,104.699594021,104.692803144,104.691937208,104.688246965,104.688597918,104.691993952,104.693608999,104.694453001,104.694710016,104.695822001,104.692223072,104.692048073,104.695611954,104.696828127,104.696329117,104.698354006,104.698333979,104.696830034,104.708752155,104.70927906,104.701665878,104.701285839,104.701122999,104.700561047,104.694967031,104.685345888,104.685350895,104.681441069,104.682291985,104.683334112,104.686196089,104.683875084,104.680058002,104.680441141,104.682350159,104.684870005,104.685279131,104.681323051,104.679859161,104.680143833,104.686118841,104.685976982,104.683309793,104.679178953,104.677376032,104.68563199,104.687325001,104.686084986,104.685124874,104.684589863,104.688426971,104.689017057,104.686495066,104.681097984,104.680495977,104.684809923,104.69038105,104.68988204,104.684497118,104.685125113,104.684811115,104.690914154,104.689578056,104.683404207,104.672962904,104.675149918,104.68281889,104.682730913,104.679302931,104.680305958,104.681289911,104.684331894,104.678717852,104.67157793,104.664712906,
104.645159006,104.652622938,104.668655872,104.673654079,104.67919302,104.687355995,104.691977024,104.692233086,104.68979311,104.691025019,104.690310001,104.693591118,104.694774151,104.691555023,104.693766117,104.695939779,104.696942806,104.694604874,104.695130825,104.697314978,104.695375919,104.695774078,104.699326038,104.70007205,104.697340965,104.699348927,104.698283911,104.701072931,104.691059113,104.687903166,104.688287973,104.689435959,104.693157196,104.692918062,104.689832211,104.69111681,104.693547964,104.693789959,104.693825006,104.695031881,104.695447922,104.692965031,104.696341038,104.697925091,104.698732138,104.709401131,104.709691048,104.703220844,104.703001976,104.691462994,104.686024904,104.692188025,104.685630083,104.682727098,104.682678938,104.683735132,104.6843431,104.681856155,104.68315196,104.684007168,104.685435057,104.685621023,104.68319416,104.682972193,104.683235884,104.686437845,104.686497927,104.685092926,104.681665897,104.679049015,104.686800957,104.687862873,104.687192917,104.687640905,104.687051058,104.68866992,104.689321041,104.687954903,104.682190895,104.682306051,104.688606977,104.690729141,104.690551996,104.68741703,104.688505173,104.678007126,104.681410074,104.680930138,104.674569845,104.674032927,104.677755833,104.683339834,104.683265924,104.681800842,104.681938887,104.682548046,104.684769869,104.679120064,104.671976089,104.665121078,
104.646322012,104.656666994,104.67188096,104.675271034,104.681361914,104.693655968,104.69292593,104.695480108,104.695898056,104.692871809,104.69438386,104.696661949,104.696362019,104.699761152,104.709814072,104.710096121,104.693502903,104.694031954,104.69155407,104.688262939,104.692888021,104.682892084,104.685617924,104.68721509,104.683115005,104.684033155,104.684225082,104.686475992,104.684342146,104.684733868,104.687106848,104.686858892,104.685976982,104.684015989,104.681680918,104.687067986,104.688582897,104.687849045,104.68786788,104.688670874,104.689558983,104.689506054,104.688600063,104.683592081,104.684296131,104.689940929,104.691110134,104.691189051,104.679969072,104.680315971,104.681846142,104.681402206,104.676181793,104.67608285,104.68106389,104.683845997,104.684222937,104.683244944,104.683037043,104.68441987,104.685171843,104.679533005,104.672381878,104.665469885,
104.6473279,104.659985065,104.674237967,104.679481983,104.683753967,104.696283102,104.69777894,104.699328899,104.697301865,104.695465803,104.696947813,104.698513985,104.698696852,104.698950052,104.687314987,104.688165903,104.689256907,104.690850019,104.691595078,104.692965031,104.692342997,104.691045046,104.690977097,104.692241192,104.695248127,104.693587065,104.690241098,104.690075874,104.694124937,104.695158005,104.694397926,104.697033882,104.698322058,104.694870949,104.698616028,104.69938612,104.701559067,104.711652994,104.711993217,104.695403814,104.692807913,104.690506935,104.693584919,104.686523914,104.689145088,104.689697981,104.688891172,104.689851046,104.685762882,104.689166784,104.688591003,104.686249018,104.686129808,104.688988924,104.690572023,104.688676834,104.689380884,104.692223072,104.690721035,104.689207077,104.676352024,104.676872969,104.682233095,104.681926012,104.681833982,104.681840181,104.68196702,104.682596207,104.680055857,104.678351879,104.682953835,104.684653997,104.684786797,104.684900045,104.685798883,
104.647510052,104.662320852,104.675786018,104.680619001,104.684484005,104.694875956,104.699262857,104.700662851,104.689363003,104.690147877,104.689417839,104.69118309,104.69215703,104.690584898,104.693940163,104.69514513,104.699008942,104.696487904,104.699498892,104.701969147,104.701636076,104.703680992,104.685369968,104.690998077,104.690351009,104.68618679,104.690431833,104.686573982,104.690794945,104.683468103,104.682193041,104.683048964,104.683308125,104.682614088,104.683397055,104.679896832,104.684140921,104.686832905,104.686029911,104.686476946,
104.649193048,104.663532019,104.678610086,104.681340933,104.687510014,104.692947865,104.693437099,104.691905975,104.692816973,104.696164131,104.695741177,104.697094917,104.699326038,104.700085878,104.697356939,104.700144053,104.691251993,104.693068981,104.692743063,104.70544982,104.691697121,104.691709042,104.687836885,104.686936855,104.692154884,104.681524992,104.679789066,104.685907125,104.684862137,104.681499958,104.686380148,104.683843136,104.682185173,104.681513786,104.682363987,104.685850859,104.688606977,104.684015989,104.684368849,104.689544916,104.686993837,
104.650981903,104.668694973,104.679617882,104.682214975,104.691664934,104.694463015,104.695779085,104.695151091,104.693527937,104.693479061,104.694318056,104.699001074,104.688933134,104.684401035,104.68601799,104.687060833,104.690648794,104.691798925,104.688139915,104.688345909,104.688683033,104.691534996,104.69224,104.690011978,104.689764023,104.690280914,104.694190979,104.694835901,104.69196701,104.692651987,104.692913055,104.693848133,104.694502115,104.694872141,104.693143129,104.692516088,104.695657969,104.696990967,104.696197033,104.692708015,104.692389965,104.69152689,104.696814775,104.697330952,104.696905851,104.697494984,104.69688797,104.700201988,104.700526953,104.697008848,104.695981026,104.69573307,104.699316978,104.690576077,104.691308975,104.69174695,104.692599058,104.692858934,104.694054127,104.693703175,104.693049192,104.701117992,104.704501152,104.703050137,104.706066847,104.698832989,104.698103905,104.695791006,104.694427967,104.694259882,104.691145897,104.691778898,104.694247961,104.689372063,104.687408924,104.688604116,104.692085981,104.692003012,104.686681986,104.684220076,104.684607029,104.691972017,104.691776037,104.688301086,104.68547821,104.685394049,104.689641953,104.69292593,104.677517891,104.683704853,104.682554007,104.686081886,104.687247038,104.686429977,104.686889172,104.6851542,104.688584805,104.68997097,104.687547922,
104.652070999,104.670930862,104.68098402,104.683713913,104.696103096,104.696841002,104.685726166,104.690721035,104.689586163,104.685927153,104.686928988,104.689083815,104.691357851,104.692728996,104.690212965,104.689405918,104.692489862,104.692939043,104.695823908,104.696156979,104.696978092,104.69630909,104.695356131,104.694511175,104.695196152,104.698711157,104.698742151,104.697396994,104.693197966,104.698184967,104.699268818,104.6983459,104.698953867,104.698740005,104.701485872,104.701669931,104.687289,104.691478014,104.692581892,104.694852114,104.694861174,104.697525978,104.704612017,104.705726147,104.705137014,104.709416866,104.700063944,104.699903011,104.697314978,104.694515944,104.689805984,104.692893982,104.685766935,104.68645215,104.693953991,104.693302155,104.6855371,104.683708906,104.683561802,104.679875851,104.683115959,104.686563969,104.688370943,104.688508034,104.690627813,104.691821814,104.691864967,104.673634052,104.666507959,
104.654896021,104.672705889,104.681880951,104.684328079,104.699184895,104.689018011,104.687335014,104.692331076,104.689727068,104.693325996,104.694566011,104.690683842,104.69114399,104.693856955,104.694063902,104.691415071,104.696130037,104.696840048,104.69402504,104.697356939,104.693975925,104.699243784,104.700740814,104.690583944,104.690703869,104.691911936,104.693026066,104.688361883,104.692667961,104.69355011,104.693152905,104.694347143,104.696536064,104.706601143,104.69093895,104.693315029,104.688117027,104.679109097,104.675812006,104.684963942,104.684597969,104.680766821,104.676657915,104.685972929,104.685621023,104.687828064,104.681373119,104.689676046,104.686591864,104.69299984,
104.658891916,104.67385602,104.672940016,104.674997091,104.684240103,104.691112995,104.691074133,104.686713934,104.686522961,104.687199116,104.691513062,104.693431139,104.691693068,104.69359684,104.694611788,104.69201088,104.695065022,104.695267916,104.692873001,104.693463087,104.696733952,104.697828054,104.696376085,104.698187113,104.69814992,104.700435162,104.699946165,104.695142031,104.694290876,104.685297966,104.690191984,104.691353798,104.691198826,104.691688061,104.692808867,104.695036888,104.689420938,104.689773083,104.688809872,104.693630934,104.695852995,104.694118977,104.697365046,104.696786165,104.695037127,104.708042145,104.706773043,104.707415104,104.710781813,104.700722933,104.694531918,104.690208912,104.692583084,104.694983006,104.679857969,104.684283018,104.677074194,104.676789761,104.685789824,104.685624838,104.681355953,104.676829815,104.676829815,104.682584047,104.686658859,104.684417009,104.681642056,104.681613922,104.68758893,104.688472986,104.684803009,104.680217028,104.679688931,104.683054924,104.689880133,104.683189154,104.68978405,104.688398838,104.683706045,
104.644970894,104.650311947,104.666608095,104.673369884,104.675214052,104.685321093,104.691453934,104.691646099,104.687179089,104.687045813,104.689494848,104.692571878,104.693676949,104.692216873,104.690007925,104.69409585,104.694965839,104.695362806,104.69281888,104.694105864,104.695473909,104.696655035,104.694293976,104.694829941,104.694807053,104.697360992,104.698426008,104.69528389,104.696512938,104.697170973,104.698928118,104.698766947,104.697176933,104.691577911,104.690913916,104.6896348,104.686368942,104.686036825,104.686671972,104.690753937,104.692250967,104.692215919,104.69192791,104.692703009,104.693573952,104.695337057,104.690845013,104.691303015,104.689522028,104.694475889,104.696468115,104.694993019,104.695114136,104.696592093,104.697869778,104.697681904,104.69578886,104.70212388,104.709159851,104.70792079,104.708508968,104.700968027,104.700897932,104.700376987,104.698000908,104.694094896,104.69498992,104.685045004,104.680008888,104.681088924,104.683028936,104.685400009,104.683515072,104.678821802,104.678287745,104.680536747,104.684632778,104.684546947,104.679984808,104.677834749,104.677512884,104.6858778,104.685685873,104.681947947,104.676913023,104.676913023,104.683568001,104.686900854,104.684875011,104.682378054,104.682179928,104.688055038,104.688536882,104.685185909,104.680309057,104.680393934,104.683385134,104.690026045,104.689603806,104.683695793,104.684054852,104.683930874,104.690110922,104.688824892,104.682966948,104.682544947,104.684249878,104.682568789,104.682442904,104.678442955,104.676820993,104.678926945,104.683796883,104.678212881,104.671062946,104.664167881,
104.645452976,104.653342009,104.669456005,104.673795938,104.678287983,104.688339949,104.69214201,104.692423105,104.690792084,104.689972878,104.693396807,104.694387913,104.692908764,104.695423841,104.696447849,104.697129011,104.69540596,104.699078083,104.700165987,104.700881004,104.690171719,104.693096876,104.69231391,104.689504862,104.692526817,104.694869041,104.695044994,104.696053982,104.697089911,104.696692944,104.69846487,104.709032774,104.709563971,104.702087879,104.701488972,104.701427937,104.690860987,104.686444998,104.686264038,104.685755014,104.681866884,104.68303895,104.683407068,104.683973074,104.680184841,104.681079865,104.6831429,104.684937954,104.685333729,104.681677818,104.68044591,104.681014776,104.686199903,104.686064959,104.683823824,104.679708004,104.677903891,104.686313868,104.687443018,104.686290979,104.686024904,104.685468912,104.688521862,104.689109087,104.686872959,104.681675911,104.680680037,104.68561697,104.690514088,104.690166712,104.685310841,104.68607688,104.685517788,104.691010952,104.680000782,104.673529863,104.673369884,104.675754786,104.682942867,104.682837963,104.679859877,104.678726912,104.680464983,104.684072018,104.678462029,104.671323061,104.664424896,
104.645802021,104.654157877,104.672424078,104.675797939,104.682014942,104.689343929,104.692477942,104.693088055,104.695015907,104.69598484,104.691518784,104.689820766,104.694004774,104.693168879,104.691720963,104.693941832,104.694293976,104.696007967,104.696650028,104.698372126,104.699495792,104.711212873,104.709463835,104.710021973,104.703435898,104.693523884,104.687836885,104.692770958,104.685070038,104.682353735,104.683553934,104.684056759,104.685806751,104.683678865,104.683606863,104.683865786,104.686517954,104.686598778,104.685537815,104.682586908,104.680804968,104.686975956,104.687958002,104.687289,104.68769598,104.687767029,104.689198971,104.68967104,104.688668966,104.682608128,104.683324099,104.689235926,104.690870047,104.690986872,104.678292751,104.678846836,104.681568861,104.681031942,104.67500186,104.674158812,104.678459883,104.68344593,104.683453798,104.682355881,104.68234086,104.683104992,104.684532881,104.678863049,104.671725035,104.664823055,
104.646512985,104.657644033,104.673444986,104.677468061,104.683885098,104.694291115,104.695593834,104.690575123,104.691952705,104.689410925,104.694452763,104.693530798,104.693490982,104.694747925,104.694680929,104.696152925,104.697358847,104.69649291,104.697400093,104.697351933,104.700311899,104.700610876,104.694262981,104.689215899,104.693177938,104.686146021,104.687961102,104.688236952,104.684655905,104.687297821,104.686030865,104.684779882,104.685625792,104.687528849,104.68794179,104.68606782,104.684777975,104.684087038,104.687899828,104.689116955,104.688214064,104.688462019,104.689112902,104.691092014,104.690160036,104.689018965,104.676484108,104.680371046,104.681766748,104.681149721,104.680489779,104.681144953,104.682107925,104.681712866,104.676567793,104.676821947,104.681686878,104.683995008,104.684414864,104.683404922,104.683132887,104.684499979,104.685337067,104.679687023,104.672549009,104.665601969,
104.646919012,104.660721064,104.674412012,104.680039883,104.68492794,104.695887804,104.698328972,104.699731827,104.697158813,104.688901901,104.689007998,104.688768864,104.689668894,104.691159964,104.69301796,104.69251585,104.691459894,104.691460848,104.692653894,104.695757866,104.694040775,104.694537878,104.695379019,104.695154905,104.697819948,104.695581913,104.701825857,104.695858955,104.691112041,104.69371891,104.689583063,104.689760923,104.68636179,104.689938784,104.685835838,104.689640999,104.68640399,104.689831972,104.690980911,104.688768864,104.682615995,104.681147099,104.679147005,104.682621002,104.683605909,104.682206869,104.682785749,104.683287859,104.685129881,104.6848979,104.685104847,104.685946941,
104.649353981,104.662754059,104.676505089,104.680819035,104.688158989,104.689759016,104.690565825,104.691879034,104.692804098,104.69538188,104.698720932,104.696923971,104.691520929,104.68611908,104.690633059,104.690695047,104.690509796,104.686628819,104.691669941,104.686755896,104.691118956,104.679933071,104.684135914,104.684510946,104.68520689,104.685680866,104.68351984,104.680797815,104.68423295,104.687175989,104.687017918,104.686593056,
104.649901867,104.664258957,104.679112911,104.681536913,104.690706968,104.695112944,104.696513891,104.692201853,104.696282864,104.699759007,104.695514917,104.691029072,104.691048145,104.691858053,104.692086697,104.69362092,104.693262815,104.691904783,104.70000577,104.704020739,104.70298481,104.698115826,104.697454929,104.693956852,104.687716007,104.691781998,104.690379858,104.692501783,104.683286905,104.685640097,104.686290026,104.686989784,104.686615944,104.685260773,104.686541796,104.688792944,104.690213919,104.687141895,
104.651113033,104.666730881,104.679782867,104.681855917,104.692292929,104.69383812,104.695495129,104.693478823,104.698444843,104.698290825,104.684269905,104.685506821,104.686698914,104.690561771,104.691356897,104.68761301,104.687354803,104.688597918,104.690577984,104.691542864,104.689276934,104.690181017,104.693717957,104.69383502,104.692743063,104.693274021,104.693527937,104.69435811,104.694684982,104.692961931,104.696315765,104.697593927,104.696616888,104.693198919,104.692869902,104.697037935,104.697771788,104.700644016,104.700973988,104.696208954,104.686111927,104.690160036,104.691270113,104.691960096,104.692471027,104.693302155,104.693590879,104.694469929,104.69408989,104.694283724,104.702281952,104.705040932,104.703399897,104.706590891,104.699223995,104.698621035,104.691344023,104.691930056,104.692708015,104.692404985,104.685780764,104.693509817,104.692924738,104.682964802,104.679102898,104.680155993,104.688517094,104.681883812,104.687156916,104.686624765,104.689369917,104.690440893,104.687660933,
104.652442932,104.671539068,104.68045187,104.683346033,104.696738958,104.687530041,104.686056852,104.691595793,104.689670801,104.68648982,104.687351942,104.690115929,104.691602945,104.693428993,104.690965891,104.692623854,104.693156004,104.696592093,104.697154045,104.696685076,104.695430756,104.699398756,104.698954821,104.693750858,104.699709892,104.691819906,104.691879034,104.692780972,104.695355892,104.69507575,104.70557785,104.70983696,104.700251818,104.693144083,104.69406271,104.693742752,104.685544014,104.684341908,104.687375069,104.681695938,104.683743,104.691101789,104.673788071,104.656612873,
104.655827999,104.672823906,104.682345867,104.674132109,104.689687014,104.689413071,104.688364744,104.692562819,104.693734884,104.694727898,104.694250822,104.694737911,104.694330931,104.70052886,104.700470924,104.691807985,104.692930937,104.69376111,104.693371058,104.676940918,104.678620815,104.68419385,104.675969839,104.686421871,104.68681097,104.68255806,104.684008837,104.691742897,
