131.252460957,131.261337042,131.259443045,131.256743908,131.255873919,131.254405975,131.252857924,131.251750946,131.250709057,131.258671045,131.25782299,131.256390095,131.254939079,131.258363008,131.27324295,131.280869961,131.308664083,131.312250137,131.311484098,131.304093122,131.308466911,131.30745697,131.318566084,131.317066908,131.313900948,131.305666924,131.299715042,131.304796934,
131.253805876,131.262326956,131.25997901,131.257411003,131.256612062,131.255223036,131.253402948,131.252173901,131.251117945,131.259391069,131.258371115,131.257061958,131.255641937,131.259309053,131.276077032,131.283195019,131.301234961,131.320937157,131.327910185,
131.255687952,131.253180981,131.260975838,131.258857012,131.257200003,131.256026983,131.254499912,131.253410101,131.251667976,131.250333071,131.258919001,131.257626057,131.256395102,131.260235071,131.278543949,131.285406113,131.304723024,131.312954187,131.303634167,131.321614027,131.320940018,131.328015089,131.31393218,131.315407991,131.330036163,131.315549135,131.315451145,131.31759119,131.31624198,131.32306695,
131.256738901,131.254116058,131.251895905,131.260443926,131.258430004,131.256654024,131.255481005,131.254258871,131.252855062,131.251198053,131.259902,131.258641005,131.25699091,131.261209011,131.280372143,131.28818202,131.306719065,131.313958168,131.305287123,131.311393976,131.312052011,131.319632053,131.319241047,131.324131012,131.320651054,131.323950052,131.313410044,131.323157072,131.314136028,131.316251993,131.321027994,131.317521095,131.3164711,131.32077384,131.314157009,131.310595036,131.305848122,
131.258024931,131.256250858,131.253519058,131.251469851,131.261136055,131.258708954,131.257833958,131.256213903,131.254944086,131.253760099,131.252429962,131.251218081,131.259832144,131.267274141,131.283442974,131.293401957,131.31093812,131.306670189,131.318272829,131.320867062,131.312469959,131.303601027,131.302299976,131.314224958,131.315835953,131.307631969,131.307146072,131.311470985,131.317324162,131.319748163,131.318328142,131.31132102,131.322750807,131.328402042,
131.257262945,131.255663872,131.252788067,131.25094986,131.259652853,131.257869005,131.256543875,131.255276918,131.253998995,131.252821922,131.251224041,131.259932041,131.258433104,131.263715029,131.281480074,131.290316105,131.309082985,131.309201956,131.306815147,131.305008173,131.307925224,131.314742804,131.313298941,131.314509869,131.321156979,131.326719999,131.327495098,131.316846132,131.320432186,131.325613022,131.318580151,131.315099001,131.304554939,131.30312705,131.318123102,131.310302973,131.307667971,131.313098192,131.319861174,131.318871975,131.321474075,131.313175201,131.311469793,131.313318014,131.324215889,131.31682992,131.319311857,131.316096067,131.312307835,
131.258666039,131.256631851,131.253901958,131.252166986,131.251995087,131.259679079,131.258260965,131.25792098,131.255836964,131.254422903,131.253165007,131.251791954,131.250347137,131.270529985,131.285741091,131.296797991,131.312638998,131.305208921,131.30469799,131.31540513,131.322365999,131.326512098,131.277806997,
131.259078026,131.257390976,131.254904985,131.253017902,131.252462864,131.260386944,131.2588799,131.25860095,131.256546974,131.255187988,131.253750086,131.252377987,131.250999928,131.273853064,131.287389994,131.300030947,131.307418108,131.31991601,131.32385993,131.317126036,131.300100088,131.303981066,131.28294611,131.275938034,
131.260236979,131.257951975,131.25542593,131.253584862,131.252795935,131.250669003,131.25966692,131.259043932,131.257153034,131.256062984,131.254293919,131.252869129,131.255666018,131.267421961,131.289041042,131.302771091,131.295623064,131.276459932,
131.260699987,131.25848794,131.255988836,131.254384995,131.25324893,131.251594067,131.250544071,131.259793043,131.258099079,131.256887913,131.254923105,131.253673077,131.257305145,131.270395041,131.279678106,131.306046963,131.31214118,131.311047077,131.307009935,131.322432995,131.326828957,131.277519941,
131.252723932,131.251520872,131.250181913,131.247572899,131.246443987,131.25553298,131.253622055,131.25257802,131.251240015,131.249807119,131.248507023,131.247198105,131.245798111,131.26001215,131.277240992,131.284459114,131.300095081,131.306097031,131.30279398,131.302388191,131.301440001,131.310260057,131.307790041,131.305180073,131.30313611,131.303488255,131.304615259,131.30213213,131.301120996,131.310675859,131.311383009,131.319063902,131.320219994,131.31873107,131.315193892,131.310813904,131.318672895,131.318228006,131.326981068,131.322813034,131.319123983,131.316931963,131.322046041,131.323404074,131.322033167,131.315515041,131.311479092,131.320450068,131.32490921,131.328904152,131.326216221,131.319076061,131.315944195,131.310983181,131.313818216,131.323968172,131.322378159,131.319020987,131.311539888,131.309455872,131.307787895,131.305341959,131.303085089,131.298578978,131.30775094,131.307502031,131.308926105,131.309650898,131.307555914,131.307507992,131.304957151,131.302349091,131.313061953,131.31380105,131.314184189,131.313767195,131.310268164,131.308169127,131.312399149,131.31368804,131.321427107,131.319042206,131.312691212,131.31123209,131.311882257,131.313252926,131.310757875,131.30970788,131.316880941,131.315034866,131.317029953,131.319031954,131.318104982,131.317251921,131.312844992,131.31915307,131.321563005,131.325997114,131.32586503,131.323400021,131.318499088,131.313179016,131.314617157,131.329380989,131.329182148,131.325844049,131.32010603,131.315106153,131.312602043,131.314417124,131.315064192,131.321812153,131.31777215,131.310515165,131.308542967,131.308258057,131.308231831,131.307050943,131.313565969,131.306519032,131.300957918,131.295207024,131.288230896,131.280616045,131.273659945,
131.254000902,131.252141953,131.249825001,131.247225046,131.246087074,131.255102873,131.254050016,131.253102064,131.251386881,131.250243902,131.249094963,131.24781394,131.246500969,131.260987997,131.279428959,131.286657095,131.305580139,131.307224035,131.303089142,131.303273201,131.302594185,131.311233044,131.308071136,131.305585146,131.304138184,131.304695129,131.305476189,131.303205252,131.302105904,131.312083006,131.312809944,131.320181847,131.320806026,131.319164038,131.31556201,131.311990023,131.315607071,131.317269087,131.326095104,131.322716951,131.318525076,131.316231966,131.318849087,131.321133137,131.320455074,131.315138102,131.320860147,131.319588184,131.323035002,131.327286005,131.325067043,131.31828022,131.314921141,131.309379101,131.312669039,131.322609186,131.321327209,131.317627907,131.311241865,131.30934906,131.306647062,131.303873062,131.300911903,131.297287941,131.306418896,131.306355,131.303946018,131.308670044,131.307126045,131.306843042,131.304512978,131.298716068,131.309111118,131.313138008,131.312879086,131.312690973,131.309478998,131.306882143,131.309154034,131.313064098,131.320506096,131.317844152,131.312268257,131.310810089,131.309629202,131.312031984,131.310518026,131.319264889,131.316055059,131.313753843,131.314264059,131.318098068,131.31714797,131.315823078,131.312415123,131.31894803,131.320151091,131.325092077,131.325111151,131.323127031,131.317984104,131.312776089,131.322925091,131.328636169,131.328251123,131.325609207,131.319272041,131.314887047,131.311516047,131.314299107,131.324064016,131.321696043,131.317041159,131.31034112,131.30835104,131.307775021,131.306968927,131.306105852,131.313382864,131.306330919,131.300529003,131.294384003,131.288031101,131.280357122,131.273231983,
131.254235983,131.25296092,131.251176834,131.249639988,131.247581959,131.246339083,131.255182981,131.254391909,131.252424002,131.251661062,131.250185013,131.249052048,131.247214079,131.252280951,131.281221151,131.289031982,131.308036089,131.307698011,131.30479908,131.304885149,131.304875135,131.303592205,131.310207129,131.307138205,131.305641174,131.310009241,131.307713032,131.305733204,131.305688858,131.30514884,131.310091972,131.321763992,131.323396921,131.320168018,131.318387032,131.316385984,131.32326293,131.322737932,131.320532084,131.316038132,131.320816994,131.319879055,131.326743126,131.326436043,131.324124098,131.318487167,131.313523054,131.313038111,131.318544149,131.332036018,131.327338219,131.321936131,131.316308022,131.314335108,131.316045046,131.316481113,131.31364584,131.320277929,131.312031984,131.310171843,131.309084892,131.307534933,131.305384874,131.302416086,131.30033493,131.299806118,131.311094046,131.311190128,131.309293032,131.309689045,131.306607962,131.304999113,131.306424141,131.308552027,131.318691015,131.317337036,131.312157154,131.31272912,131.317028046,131.31717515,131.315228224,131.311527252,131.305961132,131.314832211,131.318396091,131.317560911,131.316375971,131.31459403,131.309067011,131.309313059,131.312872887,131.323385954,131.323430061,131.319551945,131.315866947,131.31301403,131.319658041,131.320616007,131.329648018,131.325699091,131.321326971,131.317685127,131.321660042,131.325361967,131.323266029,131.317041159,131.323270082,131.316303015,131.317778111,131.320157051,131.31956625,131.314365149,131.309306145,131.303201914,131.309633017,131.312535048,131.312734842,131.311538935,131.304621935,131.297985077,131.292275906,131.286784887,131.289161921,131.281960011,131.274836063,
131.254802942,131.253721952,131.251721859,131.249924898,131.24774003,131.247053862,131.255728006,131.254678011,131.252944946,131.251985073,131.250468016,131.249285936,131.247828007,131.255387068,131.282129049,131.291936159,131.310117006,131.308104992,131.305389166,131.30551815,131.304205179,131.30294013,131.30945611,131.306196213,131.304266214,131.306587219,131.30632925,131.304206133,131.303437948,131.304252863,131.316342831,131.320924044,131.321555853,131.319602966,131.316236973,131.312825918,131.319662094,131.319061995,131.317716122,131.323271036,131.319776058,131.317451954,131.323004961,131.321985006,131.320647955,131.315910101,131.311943054,131.321326017,131.323909044,131.32786417,131.325634003,131.318523169,131.315460205,131.310173035,131.313135147,131.323080063,131.321839094,131.318502903,131.311378956,131.309583902,131.307354927,131.304753065,131.301815987,131.297877073,131.307115078,131.306832075,131.305931091,131.309180975,131.308004141,131.308109045,131.305329084,131.303553104,131.304196119,131.314726114,131.315351963,131.315248966,131.310883045,131.311174154,131.315429211,131.315712214,131.313796043,131.310705185,131.315125227,131.313853264,131.317103148,131.316514015,131.315089941,131.31368804,131.308091879,131.317443848,131.320767879,131.32150197,131.321604013,131.318768024,131.314654112,131.311739922,131.31597209,131.328797102,131.328184128,131.324427128,131.320158005,131.316426039,131.319247007,131.323521137,131.321655989,131.326653004,131.322050095,131.31571722,131.314934015,131.318474054,131.317909241,131.312858105,131.308860064,131.31104517,131.309307814,131.310745001,131.310860872,131.309844971,131.304235935,131.297338009,131.301826,131.296406031,131.288804054,131.281399012,131.274420977,
131.257035017,131.254709005,131.252305984,131.250752926,131.248925924,131.247757912,131.246143103,131.255697966,131.253890038,131.252911091,131.251718998,131.250338078,131.248960972,131.25902915,131.274897099,131.295156002,131.311789036,131.309617043,131.307803154,131.306233168,131.305550098,131.304031134,131.300876141,131.308159113,131.30807209,131.31052804,131.308212042,131.306588173,131.306102991,131.305670023,131.310868979,131.322265863,131.322427034,131.319786072,131.316523075,131.313987017,131.321518898,131.321051121,131.319391012,131.324368,131.320282936,131.318609953,131.323897123,131.324134111,131.32262516,131.316493034,131.312671185,131.311796188,131.326909065,131.329447031,131.326452017,131.319714069,131.316010237,131.312687159,131.316766262,131.317499161,131.314299822,131.320691824,131.311913013,131.310051918,131.308907032,131.307261944,131.304975986,131.301460028,131.301040888,131.300365925,131.311517954,131.312079906,131.309703112,131.310244083,131.306679964,131.30479002,131.305556059,131.307636976,131.318087101,131.316740036,131.311779022,131.312063217,131.316351175,131.31618619,131.314567089,131.310999155,131.315541029,131.3142941,131.317640066,131.316946983,131.315633059,131.314182997,131.308241844,131.308779955,131.322028875,131.322530985,131.32238698,131.319190979,131.31525898,131.312359095,131.316738129,131.31960392,131.3289361,131.325112104,131.320824146,131.317198038,131.320511103,131.324405193,131.322410107,131.316865206,131.322660208,131.315922022,131.31577301,131.319449186,131.3190732,131.313633204,131.309092045,131.311687231,131.309480906,131.311589956,131.311774969,131.310649872,131.304403067,131.297578096,131.291992903,131.296612024,131.289005995,131.281598091,131.274627924,
131.257521868,131.255867958,131.253146887,131.251828909,131.250782013,131.248833895,131.247518063,131.246504068,131.255109072,131.253508091,131.252295017,131.250936031,131.249701977,131.26226902,131.276561022,131.297878981,131.313301086,131.310253143,131.308355093,131.307253122,131.306004047,131.30482316,131.301367044,131.308809042,131.309307098,131.311254025,131.308809042,131.307470083,131.306372881,131.306113005,131.311704874,131.323852062,131.323778868,131.319988966,131.317173958,131.314806938,131.320591927,131.320050001,131.318543911,131.323964119,131.32052207,131.319483042,131.325838089,131.325651169,131.323616028,131.317682981,131.31311512,131.312569141,131.327811003,131.331008196,131.327271223,131.321016073,131.316221237,131.313739061,131.315095186,131.315453053,131.313413858,131.319880962,131.311658859,131.309753895,131.308388948,131.305928946,131.303633928,131.299411058,131.298757076,131.308307886,131.310126066,131.310220957,131.308545113,131.308516026,131.305770159,131.303975105,131.304636955,131.315457106,131.316308022,131.314581156,131.3105371,131.310301065,131.313978195,131.314350128,131.312296152,131.319728136,131.31420517,131.312368155,131.314278126,131.315134048,131.3132689,131.311254025,131.307826042,131.316390038,131.318532944,131.320482969,131.318995953,131.317873001,131.31398201,131.310014009,131.322236061,131.326944113,131.326854944,131.323544025,131.318982124,131.314007044,131.315613031,131.320384979,131.329869032,131.326066017,131.320809126,131.315280199,131.313868046,131.316442013,131.316032171,131.322034121,131.318016052,131.310719252,131.308696985,131.308894873,131.308986902,131.307986021,131.303828955,131.306740046,131.301143885,131.296001911,131.288403988,131.280827999,131.274002075,
131.258435011,131.25701189,131.254286051,131.25268507,131.251672983,131.249374866,131.248428106,131.247283936,131.255729914,131.254290104,131.253067017,131.251559973,131.250082016,131.265651941,131.278192043,131.291530132,131.313698053,131.310539961,131.309113026,131.307882071,131.307185173,131.3058002,131.302148104,131.299499035,131.30993104,131.311706066,131.30968523,131.308321238,131.307070971,131.306615829,131.312533855,131.314797878,131.325132847,131.320643902,131.317374945,131.315598011,131.322482109,131.321957111,131.319847107,131.31526494,131.320744038,131.319033146,131.324850082,131.324840069,131.322945118,131.317084074,131.312909126,131.312033176,131.325873137,131.329828024,131.32686305,131.320273161,131.316105127,131.311815023,131.314433098,131.314736128,131.322814226,131.319344997,131.311794043,131.309890985,131.308817863,131.3067379,131.304342031,131.30054903,131.29954505,131.309096098,131.310667992,131.310751915,131.309039116,131.309139967,131.306179047,131.304414988,131.305044174,131.316645145,131.317270994,131.316063166,131.311336994,131.310745001,131.314703226,131.315121174,131.312837124,131.320202112,131.314689159,131.313412189,131.316310167,131.31593585,131.314232826,131.312064886,131.30803299,131.317036867,131.320039034,131.321022034,131.320354939,131.318506002,131.314418077,131.311295033,131.31448102,131.327778101,131.327373981,131.323981047,131.319671154,131.314537048,131.317411184,131.321573019,131.330900192,131.326392174,131.321577072,131.315537214,131.314681053,131.317471027,131.316895247,131.312213182,131.318621159,131.310877085,131.309104919,131.309734821,131.309625864,131.309131861,131.304048061,131.297149897,131.301635027,131.296205997,131.288602114,131.280987024,131.274214983,
131.259600878,131.257782936,131.265272856,131.264127016,131.263087034,131.261498928,131.260725975,131.260107994,131.258481026,131.257688046,131.265983105,131.264524937,131.267970085,131.282017946,131.290476084,131.306720972,131.314581156,131.312677145,131.311891079,131.319799185,131.318785191,131.317197084,131.314591169,131.312143087,131.313068151,131.313643217,131.311225176,131.320628166,131.31972599,131.319459915,131.328110933,131.328438044,131.328170061,131.323049068,131.320504904,131.323210001,131.336390972,131.334522009,131.332086086,131.327285051,131.322144985,131.322147131,131.329108,131.328675985,131.33496213,131.329668999,131.325397015,131.329111099,131.333667994,131.333211184,131.328097105,131.323764086,131.317786217,131.330200195,131.331463099,131.330068111,131.326130867,131.320960999,131.318137884,131.311377048,131.311594009,131.309531927,131.316879988,131.315860033,131.314115047,131.312737942,131.316458941,131.316293955,131.314041138,131.313173056,131.317234993,131.316723108,131.320835114,131.321349144,131.321518183,131.319246054,131.315350056,131.317046165,131.330145121,131.328712225,131.327051163,131.322024107,131.31955719,131.318679094,131.320648909,131.329936028,131.328809977,131.325852871,131.322911024,131.322247028,131.326426029,131.325993061,131.325557947,131.331304073,131.327935934,131.328069925,131.334590912,131.33423996,131.332486153,131.327288151,131.322617054,131.331180096,131.33723402,131.337527037,131.335071087,131.328320026,131.324748993,131.319807053,131.33366704,131.33260417,131.331154108,131.326259136,131.32013917,131.318184853,131.315613031,131.316457987,131.325563908,131.323021889,131.316055059,131.309314013,131.303574085,131.297651052,131.290029049,131.282772064,131.285754919,
131.260044813,131.258105993,131.265653849,131.263751984,131.26343298,131.261929989,131.260448933,131.259644985,131.257679939,131.25740099,131.265577078,131.264204979,131.267079115,131.278530121,131.289265156,131.304229975,131.313887119,131.312541962,131.311980009,131.320423126,131.319267035,131.317682028,131.314924002,131.312686205,131.312644243,131.312793255,131.310670137,131.319829226,131.318713903,131.318229914,131.327255011,131.327645063,131.327615976,131.322486877,131.32030797,131.321408987,131.334978104,131.335216999,131.332510948,131.328063965,131.322718143,131.323971987,131.330296993,131.329787016,131.335028172,131.330336094,131.327859163,131.332081079,131.336462975,131.334323168,131.328163147,131.324376106,131.317931175,131.331920147,131.331890106,131.330618143,131.326916933,131.321122885,131.318991899,131.314255953,131.312841892,131.318729877,131.316649914,131.315418005,131.313320875,131.312105894,131.312539101,131.314384937,131.311705112,131.321757078,131.317018032,131.316300154,131.319200039,131.320927143,131.320244074,131.317985058,131.313842058,131.325649023,131.32881999,131.328208208,131.326370239,131.321918249,131.318377256,131.317029238,131.319865942,131.329183817,131.328009844,131.325409889,131.321521997,131.321384907,131.32516098,131.325227976,131.325048923,131.330868959,131.32761097,131.327224016,131.333694935,131.333395958,131.331797123,131.326817989,131.332247972,131.33023715,131.335658073,131.337040186,131.33468008,131.327851057,131.324403048,131.319198132,131.332753181,131.332160234,131.330769062,131.325628042,131.320021152,131.317946911,131.312180996,131.315218925,131.324734926,131.322437048,131.315211058,131.308912992,131.303153038,131.297199965,131.289669991,131.292567015,131.285582066,
131.260929823,131.258883953,131.256343842,131.264967918,131.263908863,131.262378931,131.261543989,131.260538101,131.258915901,131.258251905,131.256889105,131.265552998,131.269086123,131.284811974,131.292052031,131.313410044,131.316666126,131.313372135,131.31410408,131.313503027,131.322179079,131.318718195,131.315760136,131.314572096,131.319188118,131.317026138,131.315057039,131.315243959,131.314841986,131.329174995,131.332967043,131.335820913,131.331135988,131.328723907,131.327008963,131.334018946,131.333482027,131.331157923,131.32665205,131.331124067,131.329936028,131.33732605,131.337336063,131.33458209,131.328972101,131.32359004,131.324300051,131.329161167,131.342799187,131.337717056,131.332935095,131.326412201,131.324837208,131.327812195,131.328498125,131.325335979,131.330781937,131.322821856,131.320310831,131.319221973,131.318103075,131.315809965,131.313207865,131.311502934,131.310844898,131.311924934,131.322564125,131.320241928,131.320955038,131.316813946,131.315223932,131.317290068,131.319466114,131.319509983,131.327777147,131.32221818,131.323616982,131.327601194,131.327661037,131.325873137,131.321857214,131.316604137,131.325400114,131.329078197,131.328090906,131.327111006,131.325033903,131.319717884,131.319794893,131.324043036,131.334369898,131.333929062,131.330236912,131.326337099,131.324687958,131.330542088,131.332070112,131.330274105,131.335938931,131.331690073,131.328582048,131.33289814,131.336446047,131.333636045,131.327244997,131.333945036,131.326757193,131.330179214,131.33084321,131.330235243,131.324889183,131.31955409,131.314277887,131.320016861,131.323840857,131.323499918,131.322195053,131.314806938,131.308212042,131.302501917,131.296992064,131.299362898,131.292150021,131.285222054,131.27809,
131.253106833,131.251924038,131.249651909,131.247051954,131.246293068,131.244692087,131.242967844,131.251994848,131.250979662,131.249121666,131.248087883,131.2467978,131.245183706,131.248072863,131.272430897,131.280560732,131.297805786,131.303560972,131.301707983,131.302215815,131.298377037,131.307322025,131.315279961,131.315729856,131.316475868,131.311749935,131.309329748,131.307542801,131.308917999,131.307886839,131.311352015,131.314591885,131.315286875,131.310821772,131.306478977,131.322070837,131.321663857,131.305797815,131.300767899,131.300738096,131.295403719,131.266763687,
131.254586935,131.254914999,131.253319979,131.25197196,131.25127697,131.248565912,131.247656822,131.246695757,131.244815826,131.253333807,131.252174854,131.251099825,131.249394894,131.256408691,131.272923708,131.282852888,131.300527811,131.298676968,131.320025921,131.31900692,131.310986996,131.305625916,131.301010847,131.29934001,131.30352664,131.304148674,131.30388689,131.297411919,131.300018787,131.310475826,131.309505939,131.313266754,131.30366993,131.313175917,131.315459967,131.308139086,131.31345582,131.318749905,131.321231842,131.30658102,131.302881002,131.299901009,131.293757677,131.287826777,131.266135693,
131.255281925,131.265252829,131.262634993,131.261307955,131.260204077,131.258166075,131.256948709,131.255809784,131.254298687,131.263055801,131.261864662,131.2606287,131.259111881,131.261070728,131.279907703,131.287338734,131.306027889,131.3187778,131.316123724,131.307570934,131.314707994,131.317389011,131.314127922,131.312782049,131.313627958,131.320961714,131.326041698,131.324026823,131.324987888,131.32591486,131.327184916,131.330452919,131.317207813,131.315930843,131.329825878,131.317253828,131.311143875,131.30950284,131.308621883,131.31625104,131.314790726,131.314333677,131.312920809,131.317326784,131.316331863,131.311774731,131.311434746,131.322013855,131.315968752,131.31761384,131.322425842,131.319713831,131.320438862,131.320128918,131.322438002,131.320691824,131.317584991,131.325466871,131.327663898,131.329732895,131.323631763,131.319604874,131.326436758,131.332671881,131.318902969,
131.256511927,131.266046047,131.262940884,131.261666059,131.260946989,131.25841403,131.25738883,131.2561028,131.254407644,131.263247728,131.262010813,131.260800838,131.259257793,131.262894869,131.281306744,131.289450884,131.308672905,131.316260815,131.314751863,131.317193985,131.322583675,131.325393677,131.3267138,131.329852819,131.334560871,131.317586899,131.318236828,131.329460859,131.314895868,131.310726881,131.310663939,131.314290762,131.312910795,131.312177658,131.313097715,131.315055847,131.313123703,131.322978735,131.277188778,
131.257743835,131.256424904,131.254080057,131.262521029,131.261827946,131.259263039,131.258134842,131.25696373,131.25527072,131.253903866,131.262712717,131.261646748,131.260233879,131.269828796,131.285321712,131.295962811,131.312246799,131.318495035,131.311585903,131.314627647,131.316460848,131.309512854,131.313611746,131.318653822,131.317436934,131.311356068,131.277008772,
131.25935483,131.257573843,131.255099058,131.263370037,131.262611866,131.260514021,131.259226799,131.258768797,131.256959677,131.255613804,131.253908873,131.262646675,131.261390686,131.276598692,131.288635731,131.302313805,131.311308861,131.310496807,131.319230795,131.317857742,131.316490889,131.312899828,131.310414791,131.310333967,131.318706989,131.314188957,131.327162027,131.318455696,131.320514917,131.318778038,131.305796623,131.276307821,
131.260500908,131.258710861,131.256181002,131.254534006,131.253587008,131.262040854,131.260872841,131.259965658,131.258188725,131.257227659,131.255166769,131.253913879,131.267163754,131.279861689,131.289447784,131.305113792,131.311722755,131.310930729,131.31840682,131.316954851,131.312988758,131.310856819,131.310822964,131.312049866,131.310145855,131.309160948,131.317425013,131.316920042,131.323261976,131.32098794,131.329199791,131.292360783,131.277665854,
131.264322996,131.264612913,131.263180017,131.262285948,131.260228872,131.25871563,131.258437634,131.256112814,131.254747868,131.253630877,131.262240887,131.260713816,131.272901773,131.286967754,131.299070835,131.313476801,131.310885906,131.319921732,131.318622828,131.312532902,131.309975863,131.319620848,131.326440811,131.332692862,131.323563814,131.323320866,131.325817823,131.307766914,131.285375834,131.27794981,131.268374681,
131.263936996,131.260598898,131.258566856,131.256953955,131.255648851,131.254254818,131.262989759,131.261547804,131.260048866,131.258694887,131.25738883,131.256155729,131.259170771,131.275456905,131.292543888,131.310670853,131.315172911,131.309226036,131.31870985,131.32676506,131.327039003,131.320140839,131.320255756,131.324571848,131.33164382,131.320033789,131.320044756,131.32030201,131.320348024,131.324524879,131.326980829,131.331516743,131.332518816,131.331171751,131.319367886,131.333763838,131.31814599,131.323413849,131.306926966,131.285046816,131.277340889,
131.264500856,131.261513948,131.260099888,131.258244038,131.256509066,131.255069733,131.253964663,131.262515783,131.261095762,131.259557724,131.258232832,131.256765842,131.260095835,131.277741909,131.284958839,131.314093828,131.313206911,131.314030886,131.310269833,131.322241783,131.321540833,131.320291758,131.328035831,131.311057806,131.318194866,131.320807934,131.318804741,131.312804937,131.32484889,131.328237772,131.315865993,131.329704762,131.325099707,131.325659752,131.329815865,131.328621864,131.316432953,131.315783978,131.315217972,131.31543088,131.309499025,131.304599762,131.276612759,131.268230677,
131.251502037,131.251737833,131.249238014,131.246888876,131.245603085,131.244282007,131.242650986,131.241859674,131.25083065,131.248759747,131.247941732,131.246496677,131.245049715,131.248848915,131.26401186,131.271297932,131.299412727,131.302378893,131.298595905,131.306239843,131.30994606,131.312872887,131.314953804,
131.253409863,131.262764931,131.260392904,131.257858038,131.256787062,131.25591588,131.254657984,131.253852844,131.252025843,131.251553774,131.260379791,131.25914073,131.257618904,131.26054883,131.276576757,131.284013748,131.302706718,131.308559895,131.317444801,131.307468891,131.317687035,131.311260939,131.303766727,131.30246973,131.311493874,131.31938982,131.314028025,131.309844017,
131.255084038,131.253371954,131.261349916,131.260249853,131.25861907,131.25694108,131.255591869,131.254551649,131.253107786,131.252406836,131.260811806,131.259475708,131.258871794,131.262038708,131.280813694,131.288617849,131.307483912,131.305200815,131.308545828,131.327590704,131.3280828,131.317405939,131.321482897,131.317698956,131.319079876,131.316470861,131.310893059,131.312006712,131.311284781,131.316794872,
131.256024837,131.255096912,131.252099991,131.260608912,131.258760929,131.257351875,131.255882025,131.254835844,131.25350666,131.252495766,131.251629829,131.260495663,131.25954771,131.264454842,131.281886816,131.291175842,131.309676886,131.31344986,131.303119659,131.311897755,131.312143803,131.313517809,131.3069098,131.306227922,131.314985037,131.310169935,131.30843091,131.30271697,
131.256254911,131.255460024,131.252480984,131.261111975,131.26057291,131.258277893,131.257044077,131.256348848,131.25470376,131.253641844,131.252592802,131.261353731,131.259943724,131.268228769,131.284232855,131.294167757,131.311348915,131.315845966,131.30373168,131.302514791,131.315464735,131.315321684,131.313052893,131.312608719,131.307112694,131.30642271,131.310105801,131.314585924,131.316068888,131.324710846,131.317512989,131.311228037,131.314527988,131.314287901,131.305024862,131.308666945,131.302936077,
131.258196831,131.256804943,131.253691912,131.252327919,131.261482,131.259051085,131.257992029,131.257614851,131.25538969,131.254170656,131.253293753,131.251979828,131.260474682,131.271238804,131.286124706,131.29731679,131.312987804,131.305171728,131.311096907,131.31067276,131.317929745,131.320653915,131.311107874,131.320973873,131.31416297,131.31605792,131.300318003,131.29416585,
131.258905888,131.257220984,131.254459858,131.252874851,131.252148867,131.260087013,131.258625031,131.258164644,131.25596571,131.254559755,131.253462791,131.252067804,131.260915756,131.274725914,131.287769794,131.300867796,131.305785656,131.303537846,131.308115721,131.30843091,131.312393904,131.312127829,131.316376925,131.318360806,131.321072817,131.319818974,131.31910181,131.313345909,131.313637972,131.322028875,131.314779997,131.30583787,131.299100876,131.303369999,131.297441721,
131.259820938,131.25831604,131.255816936,131.253999949,131.252950907,131.251106977,131.26008296,131.259341717,131.257240772,131.256351709,131.254495859,131.253263712,131.256671906,131.268052816,131.289125919,131.303426743,131.311350822,131.324188948,131.308144808,131.31217885,131.313602924,131.319098949,131.320762873,131.294989824,
131.261118889,131.259064913,131.256542921,131.254714966,131.253722906,131.252177,131.260995865,131.260415792,131.258346796,131.257521868,131.255682707,131.254116774,131.257721901,131.271242857,131.290068865,131.30630374,131.313340902,131.311269999,131.311297894,131.307879925,131.307158947,131.319787025,131.319489717,131.31191802,131.323423862,
131.26254487,131.260772943,131.259250879,131.257326841,131.256164074,131.254364967,131.253504753,131.252661705,131.250854731,131.259794712,131.258730888,131.257932901,131.259767771,131.279081821,131.286153793,131.305156708,131.306564808,131.304430962,131.305422783,131.312952995,131.313810825,131.315316916,131.321321964,131.324808836,131.314914703,131.325900793,131.314611912,131.318218946,131.332440853,131.316787958,131.317312956,131.318808794,131.313289881,131.310477018,131.321220875,131.322038651,131.327648878,131.31506896,
