2057.3784,4.948,415.8
1840.849,4.982,369.5
1995.656,4.952,403.0
1960.5888,4.941,396.8
2028.27,4.947,410.0
1987.1782,4.942,402.1
1975.1598,4.954,398.7
2010.918,4.953,406.0
1907.2809,4.963,384.3
2044.666,4.94,413.9
1982.3804,4.951,400.4
1918.6958,4.963,386.6
1965.8376,4.968,395.7
2002.6354,4.946,404.9
1937.52,4.968,390.0
1928.2978,4.966,388.3
1984.2417,4.947,401.1
1945.845,4.95,393.1
1980.4,4.951,400.0
1964.6485,4.945,397.3
2037.75,4.94,412.5
1947.0066,4.958,392.7
1986.5917,4.943,401.9
1914.2291,4.963,385.7
2038.1625,4.941,412.5
2025.8816,4.946,409.6
1922.9445,4.965,387.3
