1837.9258,4.759,386.2
1899.6495,4.767,398.5
1885.5954,4.758,396.3
1911.6426,4.766,401.1
1947.249,4.761,409.0
1962.6534,4.743,413.8
1939.425,4.75,408.3
1889.9584,4.763,396.8
1822.2986,4.793,380.2
1824.3257,4.787,381.1
1829.3968,4.774,383.2
1875.7518,4.762,393.9
1836.9425,4.775,384.7
1834.7412,4.773,384.4
1813.136,4.784,379.0
1935.8934,4.746,407.9
1910.8404,4.764,401.1
1832.0736,4.776,383.6
1813.6944,4.788,378.8
1839.7152,4.776,385.2
1924.034,4.739,406.0
1935.5544,4.758,406.8
1820.9924,4.777,381.2
1815.789,4.791,379.0
1852.9084,4.778,387.8
1916.8386,4.747,403.8
1847.5614,4.779,386.6
1811.62,4.78,379.0
1838.388,4.78,384.6
1923.1344,4.752,404.7
1877.53,4.775,393.2
1851.1122,4.782,387.1
1841.196,4.765,386.4
1820.8995,4.773,381.5
1908.294,4.747,402.0
1923.3552,4.742,405.6
1969.7501,4.759,413.9
1810.186,4.78,378.7
1880.2809,4.759,395.1
1855.8942,4.782,388.1
1812.1968,4.779,379.2
1928.276,4.76,405.1
1871.6616,4.748,394.2
1919.1591,4.761,403.1
1822.23,4.764,382.5
1861.9473,4.773,390.1
1883.6045,4.765,395.3
1687.1319,4.819,350.1
