1898.311,4.885,388.6
1952.896,4.864,401.5
2049.7933,4.831,424.3
2037.156,4.84,420.9
1913.0628,4.884,391.7
2034.2808,4.824,421.7
2004.8976,4.801,417.6
1980.609,4.819,411.0
1995.0624,4.833,412.8
1968.8584,4.828,407.8
2035.1825,4.817,422.5
1962.9275,4.817,407.5
1887.7184,4.864,388.1
1946.2458,4.839,402.2
2047.6722,4.809,425.8
1958.3433,4.839,404.7
1934.319,4.854,398.5
2017.2942,4.833,417.4
1953.2124,4.866,401.4
1892.0934,4.869,388.6
2022.5444,4.811,420.4
1971.6424,4.823,408.8
1873.92,4.88,384.0
1916.0232,4.836,396.2
2010.8714,4.813,417.8
1697.3515,4.927,344.5
1632.5088,4.953,329.6
1636.9668,4.956,330.3
1644.8775,4.947,332.5
1643.1944,4.936,332.9
1685.4429,4.947,340.7
1615.5315,4.945,326.7
1623.1185,4.941,328.5
1652.4449,4.943,334.3
1667.6352,4.928,338.4
1656.8572,4.937,335.6
1651.5684,4.933,334.8
1701.141,4.938,344.5
1646.019,4.943,333.0
1692.1014,4.939,342.6
1635.9696,4.944,330.9
1610.7432,4.947,325.6
1611.4068,4.946,325.8
1664.8436,4.949,336.4
1636.4676,4.947,330.8
1628.2226,4.937,329.8
1661.0605,4.951,335.5
1608.425,4.949,325.0
1634.2859,4.927,331.7
1691.2245,4.935,342.7
1690.6197,4.939,342.3
1626.905,4.945,329.0
1685.5968,4.946,340.8
1693.2402,4.938,342.9
1657.3509,4.937,335.7
1621.276,4.955,327.2
1617.8184,4.952,326.7
1628.7085,4.955,328.7
1659.255,4.953,335.0
1634.6552,4.952,330.1
1630.5312,4.944,329.8
1645.7188,4.954,332.2
1605.1312,4.948,324.4
1667.5365,4.935,337.9
1720.1743,4.919,349.7
1700.4983,4.919,345.7
1708.938,4.932,346.5
1705.3812,4.926,346.2
1687.84,4.928,342.5
1701.588,4.935,344.8
1660.6275,4.935,336.5
1669.8759,4.939,338.1
1650.4677,4.943,333.9
1685.8692,4.941,341.2
1674.6524,4.924,340.1
1700.3893,4.913,346.1
1723.75,4.925,350.0
1688.032,4.93,342.4
1704.2322,4.917,346.6
1721.9865,4.927,349.5
1680.2478,4.939,340.2
1653.2586,4.941,334.6
1663.1406,4.941,336.6
1659.6405,4.935,336.3
1707.8046,4.933,346.2
1649.9734,4.943,333.8
1630.5276,4.938,330.2
1636.6343,4.949,330.7
1669.298,4.93,338.6
1660.848,4.943,336.0
1671.0525,4.925,339.3
1687.693,4.942,341.5
1676.4813,4.941,339.3
1693.432,4.94,342.8
1647.0352,4.952,332.6
1631.0214,4.938,330.3
1626.0636,4.956,328.1
1627.8948,4.942,329.4
1626.8986,4.951,328.6
1658.745,4.95,335.1
1618.6764,4.938,327.8
1664.3845,4.955,335.9
1644.687,4.939,333.0
1661.4796,4.939,336.4
1726.5899,4.943,349.3
1634.1408,4.934,331.2
1668.3079,4.949,337.1
1682.9376,4.944,340.4
1647.4471,4.931,334.1
1662.705,4.95,335.9
1624.7445,4.955,327.9
1619.332,4.94,327.8
1635.4656,4.938,331.2
1660.725,4.95,335.5
1627.8948,4.942,329.4
1603.0439,4.937,324.7
1617.669,4.947,327.0
1641.7516,4.951,331.6
1635.6032,4.928,331.9
1641.6764,4.927,333.2
1646.502,4.94,333.3
1658.553,4.945,335.4
1645.284,4.926,334.0
1660.287,4.915,337.8
1685.7162,4.942,341.1
1621.9544,4.948,327.8
1626.4101,4.933,329.7
1634.3244,4.948,330.3
1618.3136,4.952,326.8
1622.616,4.947,328.0
1678.8841,4.951,339.1
1650.9748,4.946,333.8
1676.7267,4.933,339.9
1666.3674,4.933,337.8
1714.0662,4.917,348.6
1676.3178,4.926,340.3
1666.3114,4.927,338.2
1687.6628,4.916,343.3
1667.5365,4.935,337.9
1650.454,4.94,334.1
1634.7962,4.933,331.4
1672.5952,4.931,339.2
1688.3744,4.931,342.4
1669.1435,4.931,338.5
1654.7238,4.938,335.1
1679.3466,4.919,341.4
1685.4552,4.911,343.2
1697.0547,4.929,344.3
1661.0202,4.923,337.4
1675.3671,4.929,339.9
1651.2822,4.941,334.2
1642.5399,4.937,332.7
1664.1282,4.922,338.1
1668.0658,4.922,338.9
1639.2456,4.936,332.1
1653.4335,4.943,334.5
1635.9594,4.938,331.3
1660.828,4.94,336.2
1653.2064,4.932,335.2
1655.357,4.934,335.5
1681.0138,4.934,340.7
1646.127,4.93,333.9
1665.9482,4.942,337.1
1676.8495,4.945,339.1
1671.7722,4.949,337.8
1643.5735,4.955,331.7
1636.2962,4.942,331.1
1643.2308,4.948,332.1
1654.597,4.945,334.6
1621.125,4.95,327.5
1607.6195,4.945,325.1
1625.4235,4.933,329.5
1619.1531,4.947,327.3
1649.5596,4.927,334.8
1639.586,4.94,331.9
1636.76,4.93,332.0
1683.822,4.935,341.2
1671.1745,4.937,338.5
1647.4471,4.931,334.1
1639.7556,4.942,331.8
1651.6636,4.954,333.4
1624.4376,4.936,329.1
1631.3522,4.954,329.3
1634.9769,4.941,330.9
1624.9232,4.948,328.4
1633.83,4.951,330.0
1652.6544,4.954,333.6
1600.8492,4.947,323.6
1616.368,4.94,327.2
1689.212,4.945,341.6
1641.22,4.936,332.5
1632.498,4.935,330.8
1651.4265,4.937,334.5
1683.432,4.944,340.5
1658.7648,4.928,336.6
1632.51,4.95,329.8
1650.294,4.941,334.0
1638.936,4.944,331.5
1663.656,4.944,336.5
1647.3408,4.944,333.2
1656.5014,4.933,335.8
1666.62,4.925,338.4
1655.357,4.934,335.5
1685.3751,4.941,341.1
1685.8275,4.925,342.3
1699.2696,4.934,344.4
1729.1675,4.925,351.1
1707.3268,4.916,347.3
1682.116,4.93,341.2
1658.4282,4.927,336.6
1688.1872,4.942,341.6
1672.8393,4.939,338.7
1654.212,4.935,335.2
1652.3966,4.934,334.9
1644.3648,4.941,332.8
1704.7461,4.937,345.3
1648.9264,4.931,334.4
1686.9624,4.924,342.6
1705.287,4.93,345.9
1721.617,4.933,349.0
1709.1763,4.927,346.9
1706.0295,4.935,345.7
1649.9966,4.949,333.4
1646.0288,4.946,332.8
1622.288,4.946,328.0
1635.4752,4.944,330.8
1623.9412,4.942,328.6
1629.8632,4.933,330.4
1662.864,4.949,336.0
1619.6478,4.947,327.4
1649.9296,4.934,334.4
1695.2976,4.944,342.9
1654.0874,4.942,334.7
1641.0828,4.946,331.8
1650.948,4.94,334.2
1634.6547,4.949,330.3
1667.3181,4.949,336.9
1634.6526,4.958,329.7
1631.3545,4.951,329.5
1622.2752,4.952,327.6
1644.39,4.95,332.2
1656.7173,4.941,335.3
1688.7524,4.948,341.3
1634.6545,4.955,329.9
1626.7398,4.934,329.7
1671.072,4.944,338.0
1662.21,4.95,335.8
1639.7392,4.936,332.2
1683.3096,4.948,340.2
1657.8822,4.943,335.4
1633.8296,4.948,330.2
1646.5234,4.946,332.9
1632.6729,4.943,330.3
1609.5546,4.954,324.9
1650.0286,4.961,332.6
1643.2369,4.951,331.9
1639.9383,4.953,331.1
1644.0504,4.946,332.4
1622.4047,4.963,326.9
1619.7786,4.958,326.7
1657.488,4.933,336.0
1685.4096,4.944,340.9
1685.2888,4.948,340.6
1648.3176,4.941,333.6
1642.5399,4.937,332.7
1703.5964,4.948,344.3
1648.3176,4.941,333.6
1634.816,4.96,329.6
1659.0475,4.945,335.5
1646.1687,4.939,333.3
1664.9815,4.945,336.7
1657.7055,4.941,335.5
1658.2176,4.944,335.4
1645.7048,4.948,332.6
1667.3808,4.936,337.8
1668.7749,4.927,338.7
1719.872,4.928,349.0
1679.874,4.935,340.4
1723.362,4.938,349.0
1649.1575,4.945,333.5
1665.5625,4.935,337.5
1668.0564,4.938,337.8
1656.699,4.938,335.5
1665.8128,4.946,336.8
1657.3091,4.931,336.1
1672.5552,4.944,338.3
1684.3518,4.938,341.1
1688.6441,4.939,341.9
1714.0716,4.934,347.4
1715.0887,4.927,348.1
1687.1624,4.939,341.6
1692.0266,4.946,342.1
1653.2424,4.938,334.8
1622.9378,4.951,327.8
1633.6615,4.943,330.5
1625.7416,4.952,328.3
1656.444,4.952,334.5
1618.8325,4.943,327.5
1600.6153,4.957,322.9
1617.4917,4.951,326.7
1694.2322,4.951,342.2
1640.0714,4.937,332.2
1651.0751,4.933,334.7
1636.622,4.94,331.3
1667.4064,4.939,337.6
1710.8696,4.939,346.4
1679.94,4.941,340.0
1652.924,4.94,334.6
1610.0652,4.951,325.2
1625.896,4.957,328.0
1685.5059,4.953,340.3
1638.6098,4.946,331.3
1657.26,4.95,334.8
1627.5438,4.959,328.2
1614.7104,4.944,326.6
1669.4552,4.948,337.4
1665.274,4.94,337.1
1659.6618,4.938,336.1
1646.8464,4.944,333.1
1682.1029,4.943,340.3
1648.478,4.94,333.7
1653.099,4.942,334.5
1653.7821,4.947,334.3
1607.9144,4.952,324.7
1635.1496,4.949,330.4
1645.06,4.955,332.0
1667.476,4.948,337.0
1628.055,4.95,328.9
1614.8587,4.949,326.3
1651.6636,4.954,333.4
1616.368,4.94,327.2
1635.4656,4.938,331.2
1673.438,4.951,338.0
1633.9941,4.947,330.3
1667.5092,4.932,338.1
1709.4378,4.942,345.9
1648.416,4.928,334.5
1675.0607,4.931,339.7
1651.9506,4.943,334.2
1660.71,4.925,337.2
1664.106,4.938,337.0
1692.0266,4.946,342.1
1645.875,4.95,332.5
1657.7055,4.941,335.5
1670.6019,4.947,337.7
1689.2505,4.935,342.3
1676.142,4.94,339.3
1706.472,4.932,346.0
1700.4042,4.923,345.4
1741.0624,4.928,353.3
1719.9924,4.934,348.6
1669.4214,4.926,338.9
1658.3174,4.934,336.1
1649.652,4.945,333.6
1667.3808,4.936,337.8
1682.07,4.94,340.5
1679.2916,4.942,339.8
1629.212,4.94,329.8
1670.6019,4.947,337.7
1650.825,4.95,333.5
1669.4076,4.942,337.8
1639.084,4.937,332.0
1639.9248,4.944,331.7
1631.6785,4.937,330.5
1693.8144,4.944,342.6
1660.23,4.95,335.4
1639.1088,4.949,331.2
1671.4796,4.954,337.4
1629.8692,4.951,329.2
1649.7999,4.941,333.9
1702.6489,4.951,343.9
1635.48,4.95,330.4
1629.8616,4.957,328.8
1624.5984,4.944,328.6
1652.1681,4.957,333.3
1637.433,4.935,331.8
1644.8589,4.941,332.9
1640.4252,4.947,331.6
1681.1143,4.943,340.1
1661.816,4.94,336.4
1705.8293,4.943,345.1
1607.0776,4.954,324.4
1597.0423,4.949,322.7
1624.9232,4.948,328.4
1659.255,4.953,335.0
1633.17,4.949,330.0
1621.4347,4.957,327.1
1644.4008,4.956,331.8
1660.2732,4.959,334.8
1637.958,4.956,330.5
1623.105,4.95,327.9
1654.2468,4.941,334.8
1666.3074,4.946,336.9
1631.8484,4.942,330.2
1661.9735,4.939,336.5
1690.0482,4.946,341.7
1631.1904,4.949,329.6
1665.6939,4.953,336.3
1627.2272,4.952,328.6
1654.636,4.954,334.0
1621.276,4.955,327.2
1615.3536,4.949,326.4
1638.7842,4.957,330.6
1624.927,4.945,328.6
1641.7324,4.942,332.2
1667.0017,4.951,336.7
1681.13,4.93,341.0
1692.019,4.933,343.0
1678.2066,4.933,340.2
1720.6304,4.933,348.8
1669.7454,4.943,337.8
1633.5,4.95,330.0
1652.9776,4.952,333.8
1680.5548,4.937,340.4
1651.4098,4.934,334.7
1631.684,4.952,329.5
1675.08,4.95,338.4
1658.832,4.937,336.0
1723.1784,4.929,349.6
1677.1508,4.927,340.4
1666.0812,4.938,337.4
1697.0828,4.942,343.4
1653.5416,4.933,335.2
1659.3651,4.943,335.7
1668.9821,4.951,337.1
1691.4946,4.943,342.2
1662.0332,4.948,335.9
1630.8594,4.951,329.4
1695.4119,4.953,342.3
1620.1539,4.941,327.9
1645.0476,4.949,332.4
1643.3856,4.944,332.4
1670.2642,4.946,337.7
1696.1595,4.935,343.7
1682.751,4.942,340.5
1665.4968,4.948,336.6
1657.642,4.963,334.0
1649.3568,4.956,332.8
1639.4448,4.956,330.8
1655.2662,4.947,334.6
1644.5645,4.955,331.9
1605.5914,4.954,324.1
1660.0854,4.954,335.1
1616.8474,4.946,326.9
1660.848,4.943,336.0
1628.7185,4.943,329.5
1704.586,4.948,344.5
1644.0418,4.943,332.6
1724.06,4.94,349.0
1680.6508,4.946,339.8
1613.8568,4.952,325.9
1644.4008,4.956,331.8
1621.593,4.959,327.0
1612.5407,4.951,325.7
1684.5444,4.956,339.9
1633.6524,4.964,329.1
1660.1338,4.966,334.3
1638.6133,4.967,329.9
1615.8485,4.949,326.5
1665.7434,4.962,335.7
1661.6,4.96,335.0
1645.686,4.942,333.0
1670.2092,4.962,336.6
1631.8476,4.954,329.4
1639.44,4.95,331.2
1678.8248,4.964,338.2
1651.1767,4.957,333.1
1621.0971,4.959,326.9
1622.574,4.962,327.0
1666.4285,4.967,335.5
1617.1005,4.965,325.7
1625.0328,4.968,327.1
1624.7567,4.949,328.3
1671.9961,4.957,337.3
1707.3592,4.946,345.2
1708.992,4.945,345.6
1699.1432,4.948,343.4
1695.792,4.944,343.0
1695.5274,4.949,342.6
1637.6261,4.961,330.1
1660.0703,4.951,335.3
1645.7308,4.963,331.6
1680.944,4.96,338.9
1679.406,4.954,339.0
1663.695,4.95,336.1
1642.914,4.956,331.5
1691.532,4.946,342.0
1741.344,4.947,352.0
1673.6998,4.943,338.6
1702.4976,4.952,343.8
1672.4478,4.951,337.8
1647.712,4.96,332.2
1652.4586,4.946,334.1
1675.4428,4.954,338.2
1648.8612,4.956,332.7
1659.255,4.953,335.0
1676.3219,4.961,337.9
1656.144,4.96,333.9
1653.9974,4.961,333.4
1641.0884,4.949,331.6
1640.1056,4.964,330.4
1656.0805,4.945,334.9
1684.2326,4.958,339.7
1668.6852,4.956,336.7
1680.736,4.955,339.2
1648.048,4.964,332.0
1666.0791,4.963,335.7
1625.0445,4.965,327.3
1618.977,4.951,327.0
1629.6812,4.964,328.3
1631.6668,4.964,328.7
1629.0315,4.959,328.5
1677.156,4.962,338.0
1636.8006,4.951,330.6
1717.947,4.958,346.5
1652.4711,4.949,333.9
1665.8334,4.949,336.6
1687.2765,4.935,341.9
1645.724,4.957,332.0
1645.732,4.972,331.0
1650.1975,4.963,332.5
1630.1846,4.961,328.6
1603.322,4.97,322.6
1668.7512,4.968,335.9
1606.3718,4.961,323.8
1620.3909,4.969,326.1
1659.483,4.97,333.9
1636.3057,4.957,330.1
1613.1462,4.962,325.1
1679.2746,4.958,338.7
1644.5592,4.952,332.1
1641.7516,4.951,331.6
1676.6379,4.959,338.1
1650.8139,4.947,333.7
1663.088,4.96,335.3
1656.6704,4.972,333.2
1629.6812,4.964,328.3
1643.7412,4.957,331.6
1635.9675,4.965,329.5
1645.401,4.965,331.4
1633.3233,4.963,329.1
1661.6124,4.963,334.8
1639.9404,4.956,330.9
1631.1768,4.961,328.8
1668.6231,4.947,337.3
1732.2335,4.945,350.3
1696.5032,4.936,343.7
1710.5742,4.941,346.2
1674.79,4.955,338.0
1645.5602,4.958,331.9
1653.3216,4.956,333.6
1657.4701,4.961,334.1
1670.13,4.95,337.4
1666.5066,4.951,336.6
1648.9964,4.946,333.4
1656.6046,4.951,334.6
1712.4535,4.945,346.3
1703.265,4.937,345.0
1686.4323,4.947,340.9
1702.575,4.935,345.0
1693.6528,4.958,341.6
1669.0219,4.957,336.7
1671.2773,4.949,337.7
1678.5972,4.956,338.7
1647.716,4.963,332.0
1667.9186,4.967,335.8
1629.5328,4.956,328.8
1662.9132,4.958,335.4
1633.9905,4.959,329.5
1667.2158,4.959,336.2
1640.4252,4.947,331.6
1690.2714,4.951,341.4
1652.966,4.949,334.0
1641.096,4.955,331.2
1639.4454,4.959,330.6
1633.1652,4.958,329.4
1636.14,4.958,330.0
1632.5088,4.953,329.6
1638.6133,4.967,329.9
1617.2996,4.958,326.2
1669.7448,4.968,336.1
1641.0828,4.946,331.8
1657.6208,4.957,334.4
1684.0488,4.956,339.8
1652.5091,4.961,333.1
1695.7092,4.938,343.4
1684.2326,4.958,339.7
1656.4779,4.961,333.9
1635.4806,4.953,330.2
1636.3057,4.957,330.1
1643.746,4.966,331.0
1622.901,4.963,327.0
1654.3308,4.962,333.4
1626.534,4.965,327.6
1628.192,4.964,328.0
1596.6497,4.957,322.1
1652.3568,4.968,332.6
1652.1882,4.966,332.7
1651.5228,4.964,332.7
1626.2368,4.952,328.4
1666.224,4.959,336.0
1679.0928,4.956,338.8
1654.7568,4.944,334.7
1656.6294,4.957,334.2
1640.0936,4.946,331.6
1649.5372,4.964,332.3
1642.0912,4.964,330.8
1606.8468,4.964,323.7
1637.9535,4.965,329.9
1635.8108,4.954,330.2
1653.2874,4.947,334.2
1700.6685,4.951,343.5
1679.4459,4.941,339.9
1739.7936,4.944,351.9
1711.7609,4.943,346.3
1722.7812,4.942,348.6
1679.7184,4.952,339.2
1664.19,4.95,336.2
1686.3714,4.957,340.2
1669.9934,4.954,337.1
1652.5091,4.961,333.1
1672.4478,4.951,337.8
1659.9506,4.961,334.6
1664.7033,4.953,336.1
1708.4001,4.939,345.9
1736.9784,4.936,351.9
1694.077,4.939,343.0
1690.6955,4.945,341.9
1661.1161,4.963,334.7
1660.7409,4.953,335.3
1657.2288,4.944,335.2
1694.3088,4.944,342.7
1659.8088,4.968,334.1
1610.7,4.956,325.0
1655.8401,4.971,333.1
1644.8775,4.947,332.5
1723.8966,4.958,347.7
1661.6,4.96,335.0
1655.638,4.957,334.0
1705.8552,4.956,344.2
1653.768,4.944,334.5
1636.7974,4.963,329.8
1651.006,4.955,333.2
1623.8692,4.969,326.8
1643.248,4.96,331.3
1656.9392,4.952,334.6
1639.2761,4.951,331.1
1680.156,4.965,338.4
1605.3796,4.961,323.6
1614.5086,4.954,325.9
1648.3656,4.956,332.6
1688.1685,4.955,340.7
1675.0125,4.963,337.5
1646.2142,4.954,332.3
1695.9432,4.956,342.2
1695.328,4.96,341.8
1632.5028,4.959,329.2
1611.4467,4.969,324.3
1651.531,4.97,332.3
1628.3603,4.963,328.1
1655.972,4.958,334.0
1635.4806,4.953,330.2
1623.5424,4.968,326.8
1608.984,4.966,324.0
1627.5438,4.959,328.2
