1713.3056,4.912,348.8
1732.7202,4.903,353.4
1754.2368,4.896,358.3
1737.417,4.89,355.3
1786.1957,4.871,366.7
1765.5228,4.892,360.9
1755.6957,4.881,359.7
1703.6663,4.897,347.9
1815.8777,4.867,373.1
1760.04,4.889,360.0
1798.768,4.88,368.6
1787.5416,4.876,366.6
1830.9802,4.858,376.9
1799.7616,4.888,368.2
1751.9562,4.891,358.2
1827.7984,4.856,376.4
1814.1718,4.886,371.3
1812.0813,4.883,371.1
1775.844,4.872,364.5
1848.852,4.845,381.6
1839.4476,4.874,377.4
1788.5032,4.868,367.4
1735.767,4.895,354.6
1750.2955,4.885,358.3
1777.048,4.882,364.0
1797.6348,4.869,369.2
1854.3668,4.862,381.4
1770.8482,4.873,363.4
1848.0462,4.862,380.1
1751.9468,4.876,359.3
1746.8118,4.878,358.1
1709.2611,4.899,348.9
1782.7671,4.859,366.9
1773.9,4.86,365.0
1815.2439,4.881,371.9
1743.774,4.89,356.6
1749.7368,4.893,357.6
1777.026,4.89,363.4
1654.0788,4.917,336.4
1811.5128,4.854,373.2
1760.5289,4.889,360.1
1795.2318,4.881,367.8
1783.872,4.89,364.8
1775.7157,4.877,364.1
1720.7304,4.894,351.6
1763.8666,4.882,361.3
1724.8608,4.878,353.6
1777.5472,4.862,365.6
1825.6364,4.858,375.8
1770.6085,4.871,363.5
1831.7178,4.869,376.2
1712.6208,4.896,349.8
1773.7767,4.869,364.3
1755.4104,4.887,359.2
1818.5296,4.852,374.8
1708.5504,4.876,350.4
1837.8311,4.853,378.7
1797.5978,4.861,369.8
1779.01,4.874,365.0
1790.212,4.87,367.6
1736.0244,4.871,356.4
1726.5885,4.865,354.9
1682.3588,4.892,343.9
1721.1894,4.858,354.3
1747.253,4.867,359.0
1779.8517,4.859,366.3
1735.8918,4.857,357.4
1730.4023,4.873,355.1
1699.7487,4.897,347.1
1729.593,4.89,353.7
1752.6252,4.863,360.4
1639.8746,4.901,334.6
1827.2034,4.857,376.2
1760.3794,4.871,361.4
1821.75,4.858,375.0
1733.0625,4.875,355.5
1792.1822,4.882,367.1
1783.884,4.874,366.0
1718.9724,4.889,351.6
1778.6245,4.853,366.5
1798.8603,4.871,369.3
1848.5424,4.848,381.3
1743.8134,4.886,356.9
1756.1022,4.874,360.3
1749.6865,4.867,359.5
