1783.6368,4.884,365.2
1777.5432,4.878,364.4
1774.265,4.861,365.0
1843.2748,4.852,379.9
1825.4592,4.864,375.3
1823.625,4.863,375.0
1768.7628,4.878,362.6
1745.315,4.882,357.5
1750.6852,4.882,358.6
1814.3036,4.868,372.7
1839.1806,4.854,378.9
1866.726,4.86,384.1
1822.0544,4.864,374.6
1761.2424,4.868,361.8
1755.3096,4.884,359.4
1891.2141,4.853,389.7
1872.0147,4.841,386.7
1843.611,4.858,379.5
1814.3328,4.872,372.4
1816.7801,4.859,373.9
1883.1568,4.856,387.8
1946.49,4.836,402.5
1790.91,4.86,368.5
1832.597,4.861,377.0
1834.0032,4.857,377.6
1893.892,4.84,391.3
1882.0854,4.842,388.7
1826.321,4.865,375.4
1815.3072,4.872,372.6
1795.4946,4.854,369.9
1883.244,4.84,389.1
1900.808,4.849,392.0
1896.8485,4.855,390.7
1794.1951,4.861,369.1
1759.961,4.882,360.5
1930.2162,4.834,399.3
1856.8656,4.866,381.6
1835.5914,4.878,376.3
1775.5982,4.874,364.3
1799.8166,4.867,369.8
1908.5005,4.855,393.1
1808.2746,4.878,370.7
1727.0792,4.876,354.2
1818.8352,4.858,374.4
1807.0248,4.872,370.9
1868.0022,4.857,384.6
1778.0364,4.866,365.4
1813.5582,4.866,372.7
1789.3656,4.873,367.2
1861.0462,4.849,383.8
1885.779,4.854,388.5
1790.593,4.879,367.0
1736.212,4.877,356.0
1782.1748,4.868,366.1
1809.6654,4.866,371.9
1891.1915,4.843,390.5
1928.0088,4.854,397.2
1825.7232,4.866,375.2
1778.2804,4.868,365.3
1805.2578,4.887,369.4
1760.0886,4.881,360.6
