1794.8672,5.008,358.4
1821.2159,4.991,364.9
1830.424,5.008,365.5
1860.0252,4.988,372.9
1873.8747,5.001,374.7
1770.4434,5.014,353.1
1760.8162,5.018,350.9
1746.0696,5.016,348.1
1779.4317,4.997,356.1
1825.1349,4.999,365.1
1830.8661,5.001,366.1
1803.4692,5.018,359.4
1773.7146,5.019,353.4
1769.4004,5.021,352.4
1823.7769,5.009,364.1
1905.3104,4.976,382.9
1815.5382,5.007,362.6
1817.7661,5.009,362.9
1833.5995,5.003,366.5
1830.596,4.988,367.0
1836.2994,5.009,366.6
1870.9488,4.968,376.6
1902.3057,4.989,381.3
1846.6515,4.995,369.7
1823.8647,5.001,364.7
1888.1554,4.978,379.3
1908.1818,4.977,383.4
1805.1072,4.992,361.6
1813.225,5.002,362.5
1905.093,4.995,381.4
1912.7744,4.976,384.4
1852.691,4.967,373.0
1886.22,4.99,378.0
1880.376,5.001,376.0
1810.188,4.995,362.4
1911.364,4.984,383.5
1813.5,5.0,362.7
1846.3158,4.986,370.3
1860.6448,4.991,372.8
1893.1044,4.974,380.6
1876.464,4.98,376.8
1875.9868,4.988,376.1
1884.2362,4.994,377.3
1864.8804,4.997,373.2
1834.56,4.992,367.5
1849.793,4.99,370.7
1926.1528,4.972,387.4
1912.9737,4.983,383.9
1860.65,4.975,374.0
1869.7536,4.994,374.4
1811.4604,4.993,362.8
1827.4029,4.997,365.7
1831.2672,4.998,366.4
1809.3075,5.005,361.5
1845.2616,4.998,369.2
1856.3855,4.997,371.5
1885.9456,4.984,378.4
1853.5408,4.988,371.6
1867.5048,4.996,373.8
1821.1357,4.999,364.3
1797.4368,5.004,359.2
