1986.2892,4.761,417.2
1958.5005,4.785,409.3
1858.2807,4.803,386.9
1954.885,4.775,409.4
2013.48,4.76,423.0
2005.497,4.758,421.5
1986.5226,4.773,416.2
1983.4464,4.784,414.6
1977.357,4.782,413.5
2008.72,4.76,422.0
2003.8496,4.762,420.8
1988.1874,4.777,416.2
1974.3568,4.784,412.7
1978.9045,4.765,415.3
2054.4174,4.749,432.6
2050.2222,4.758,430.9
2034.0288,4.768,426.6
2029.464,4.764,426.0
2006.7696,4.752,422.3
2001.1296,4.768,419.7
1994.2681,4.763,418.7
2019.7248,4.768,423.6
1990.6897,4.759,418.3
2073.8586,4.737,437.8
2078.7845,4.745,438.1
2055.2826,4.751,432.6
2034.0932,4.757,427.6
1989.3864,4.773,416.8
2032.3721,4.763,426.7
2028.0477,4.773,424.9
1960.893,4.785,409.8
1781.0765,4.865,366.1
1743.3594,4.867,358.2
1797.1808,4.852,370.4
1772.0625,4.875,363.5
1761.9336,4.878,361.2
1731.3582,4.862,356.1
1723.5884,4.891,352.4
1690.4946,4.883,346.2
1724.8608,4.878,353.6
1704.9101,4.867,350.3
1694.8278,4.866,348.3
1672.0287,4.899,341.3
1674.1296,4.878,343.2
1711.7667,4.881,350.7
1698.45,4.875,348.4
1714.8618,4.869,352.2
1750.4256,4.884,358.4
1729.337,4.87,355.1
1716.5376,4.896,350.6
1695.8659,4.883,347.3
1715.8257,4.887,351.1
1696.341,4.89,346.9
1697.7532,4.873,348.4
1684.2605,4.889,344.5
1710.7308,4.899,349.2
1718.0704,4.892,351.2
1695.4245,4.893,346.5
1691.613,4.882,346.5
1715.612,4.885,351.2
1724.9454,4.881,353.4
1746.1608,4.883,357.6
1691.8176,4.884,346.4
1774.9802,4.879,363.8
1744.4335,4.885,357.1
1673.3049,4.897,341.7
1730.736,4.896,353.5
1667.6604,4.902,340.2
1689.03,4.9,344.7
1683.9836,4.901,343.6
1708.347,4.902,348.5
1665.1488,4.886,340.8
1689.1752,4.899,344.8
1691.7546,4.881,346.6
1715.5348,4.882,351.4
1744.8841,4.889,356.9
1703.6008,4.873,349.6
1705.6319,4.883,349.3
1712.478,4.89,350.2
1725.464,4.888,353.0
1669.7394,4.878,342.3
1691.4238,4.897,345.4
1674.6262,4.898,341.9
1670.7184,4.888,341.8
1679.064,4.881,344.0
1698.9732,4.899,346.8
1665.1701,4.899,339.9
1702.1784,4.904,347.1
1724.9752,4.888,352.9
1754.7673,4.873,360.1
1779.6121,4.861,366.1
1742.1282,4.869,357.8
1746.4074,4.866,358.9
1738.294,4.876,356.5
1732.6218,4.882,354.9
1698.728,4.88,348.1
1718.136,4.87,352.8
1714.4213,4.883,351.1
1703.325,4.875,349.4
1711.5714,4.893,349.8
1705.7625,4.875,349.9
1736.1708,4.892,354.9
1736.3436,4.876,356.1
1747.2964,4.859,359.6
1726.3708,4.874,354.2
1720.44,4.86,354.0
1736.4361,4.879,355.9
1717.9172,4.868,352.9
1741.5408,4.881,356.8
1721.3625,4.875,353.1
1726.5771,4.887,353.3
1687.5957,4.893,344.9
1678.248,4.89,343.2
1701.9268,4.892,347.9
1718.2834,4.894,351.1
1670.1815,4.885,341.9
1703.818,4.882,349.0
1697.19,4.884,347.5
1698.1714,4.877,348.2
1730.3596,4.877,354.8
1729.5172,4.876,354.7
1728.2754,4.878,354.3
1739.8129,4.883,356.3
1679.408,4.882,344.0
1707.7914,4.899,348.6
1673.1568,4.898,341.6
1682.2134,4.893,343.8
1686.04,4.88,345.5
1690.4133,4.887,345.9
1709.9636,4.894,349.4
1682.9931,4.891,344.1
1670.0348,4.886,341.8
1695.363,4.89,346.7
1728.6668,4.886,353.8
1729.3744,4.888,353.8
1693.0776,4.882,346.8
1672.5732,4.882,342.6
1697.264,4.88,347.8
1744.0384,4.888,356.8
1734.483,4.89,354.7
1688.43,4.894,345.0
1657.6923,4.877,339.9
1690.6162,4.889,345.8
1674.82,4.9,341.8
1677.8592,4.896,342.7
1654.7382,4.887,338.6
1694.3028,4.894,346.2
1699.8912,4.896,347.2
1680.2562,4.893,343.4
1644.018,4.89,336.2
1705.4917,4.891,348.7
1684.3125,4.875,345.5
1710.6375,4.875,350.9
1757.9828,4.886,359.8
1713.3173,4.891,350.3
1704.0238,4.877,349.4
1698.0132,4.892,347.1
1728.8078,4.874,354.7
1738.9125,4.875,356.7
1717.4304,4.868,352.8
1706.0196,4.866,350.6
1727.166,4.879,354.0
1679.463,4.885,343.8
1699.983,4.878,348.5
1730.4805,4.865,355.7
1749.1998,4.867,359.4
1779.7376,4.864,365.9
1725.4826,4.877,353.8
1719.5763,4.881,352.3
1736.1717,4.881,355.7
1719.8475,4.879,352.5
1712.6056,4.882,350.8
1707.3,4.878,350.0
1704.4452,4.881,349.2
1765.8004,4.886,361.4
1690.7592,4.888,345.9
1754.5849,4.859,361.1
1749.9405,4.865,359.7
1779.6048,4.857,366.4
1744.3952,4.889,356.8
1754.5626,4.886,359.1
1711.842,4.884,350.5
1679.671,4.897,343.0
1686.2161,4.889,344.9
1705.1436,4.883,349.2
1685.1492,4.893,344.4
1665.1488,4.886,340.8
1669.3434,4.894,341.1
1713.1104,4.896,349.9
1687.6828,4.889,345.2
1755.2808,4.888,359.1
1742.1948,4.876,357.3
1714.344,4.88,351.3
1716.1768,4.888,351.1
1687.8015,4.871,346.5
1752.0204,4.883,358.8
1728.0432,4.887,353.6
1674.336,4.89,342.4
1742.264,4.894,356.0
1685.838,4.895,344.4
1706.4008,4.888,349.1
1701.6438,4.894,347.7
1694.9952,4.896,346.2
1694.4459,4.893,346.3
1688.739,4.902,344.5
1675.1675,4.891,342.5
1675.9365,4.879,343.5
1752.8368,4.888,358.6
1710.3024,4.881,350.4
1710.5928,4.893,349.6
1723.0752,4.884,352.8
1694.4648,4.886,346.8
1687.1064,4.893,344.8
1675.458,4.899,342.0
1664.8528,4.888,340.6
1687.8264,4.888,345.3
1709.5427,4.897,349.1
1666.0665,4.893,340.5
1692.8054,4.901,345.4
1678.5912,4.891,343.2
1687.74,4.892,345.0
1754.4884,4.879,359.6
1718.757,4.869,353.0
1706.1912,4.886,349.2
1689.0902,4.886,345.7
1755.1662,4.866,360.7
1725.8834,4.874,354.1
1743.5275,4.877,357.5
1703.1195,4.887,348.5
1701.0972,4.884,348.3
1745.1088,4.891,356.8
1699.6986,4.887,347.8
1712.9388,4.876,351.3
1728.6668,4.886,353.8
1701.091,4.87,349.3
1757.3917,4.883,359.9
1722.8727,4.871,353.7
1761.4636,4.874,361.4
1739.4341,4.871,357.1
1721.7235,4.865,353.9
1732.6656,4.878,355.2
1749.5789,4.883,358.3
1698.0318,4.878,348.1
1696.9719,4.889,347.1
1722.8836,4.889,352.4
1709.2648,4.892,349.4
1716.2376,4.884,351.4
1693.141,4.885,346.6
1698.6443,4.891,347.3
1738.3877,4.879,356.3
1712.681,4.885,350.6
1685.7884,4.868,346.3
1744.0764,4.884,357.1
1716.352,4.876,352.0
1687.539,4.89,345.1
1684.62,4.9,343.8
1705.559,4.894,348.5
1691.5332,4.886,346.2
1706.397,4.895,348.6
1671.1072,4.892,341.6
1681.5258,4.891,343.8
1680.8726,4.882,344.3
1716.8882,4.897,350.6
1687.7074,4.882,345.7
1711.318,4.87,351.4
1729.7826,4.874,354.9
1759.3875,4.875,360.9
1703.5392,4.884,348.8
1705.56,4.88,349.5
1710.798,4.902,349.0
1683.2827,4.889,344.3
1687.1616,4.896,344.6
1653.1947,4.881,338.7
1698.2796,4.897,346.8
1688.6853,4.899,344.7
1692.0794,4.906,344.9
1680.5844,4.884,344.1
1685.0376,4.887,344.8
1689.2645,4.895,345.1
1717.8676,4.897,350.8
1712.55,4.893,350.0
1696.3542,4.883,347.4
1721.5536,4.888,352.2
1748.3415,4.885,357.9
1706.6742,4.879,349.8
1716.9404,4.886,351.4
1731.4972,4.894,353.8
1708.2813,4.899,348.7
1656.0479,4.901,337.9
1669.935,4.89,341.5
1703.3184,4.896,347.9
1726.0552,4.898,352.4
1673.2014,4.901,341.4
1698.8678,4.879,348.2
1714.7104,4.888,350.8
1742.5848,4.873,357.6
1758.8795,4.879,360.5
1734.048,4.86,356.8
1738.8363,4.883,356.1
1719.291,4.865,353.4
1768.3863,4.881,362.3
1689.172,4.882,346.0
1720.4168,4.882,352.4
1733.0208,4.879,355.2
1693.9224,4.876,347.4
1731.8184,4.888,354.3
1720.6332,4.884,352.3
1723.7808,4.886,352.8
1718.717,4.862,353.5
1742.2272,4.872,357.6
1728.6063,4.857,355.9
1729.994,4.865,355.6
1752.3308,4.873,359.6
1718.757,4.869,353.0
1723.5318,4.877,353.4
1707.9254,4.877,350.2
1694.9952,4.896,346.2
1663.5348,4.887,340.4
1706.8764,4.902,348.2
1714.9965,4.893,350.5
1685.9277,4.891,344.7
1670.03,4.876,342.5
1707.9348,4.884,349.7
1720.5164,4.892,351.7
1691.248,4.888,346.0
1750.5852,4.879,358.8
1699.5642,4.881,348.2
1772.0528,4.879,363.2
1726.458,4.877,354.0
1735.1424,4.896,354.4
1694.748,4.884,347.0
1718.3573,4.897,350.9
1693.8134,4.894,346.1
1687.5648,4.883,345.6
1696.4031,4.893,346.7
1674.4322,4.886,342.7
1670.3222,4.894,341.3
1670.8653,4.887,341.9
1709.5383,4.883,350.1
1747.686,4.89,357.4
1721.85,4.875,353.2
1689.3141,4.881,346.1
1722.7646,4.897,351.8
1686.9924,4.887,345.2
1690.4133,4.887,345.9
1715.208,4.895,350.4
1657.3317,4.899,338.3
1681.5784,4.894,343.6
1699.81,4.9,346.9
1670.4702,4.893,341.4
1713.3896,4.901,349.6
1693.5264,4.896,345.9
1659.9648,4.888,339.6
1680.7286,4.883,344.2
1723.236,4.89,352.4
1698.786,4.89,347.4
1679.6076,4.884,343.9
1723.8614,4.889,352.6
1729.7568,4.896,353.3
1694.6209,4.871,347.9
1719.6878,4.898,351.1
1680.21,4.9,342.9
1687.3376,4.888,345.2
1683.5148,4.884,344.7
1717.8959,4.879,352.1
1699.632,4.884,348.0
1703.3995,4.885,348.7
1746.9099,4.881,357.9
1724.1967,4.861,354.7
1803.1272,4.872,370.1
1758.336,4.864,361.5
1751.211,4.851,361.0
1819.9965,4.865,374.1
1709.3885,4.877,350.5
1714.923,4.89,350.7
1685.8712,4.888,344.9
1745.7678,4.886,357.3
1717.0775,4.885,351.5
1703.3298,4.882,348.9
1721.3378,4.886,352.3
1702.9809,4.881,348.9
1756.3904,4.864,361.1
1764.8982,4.866,362.7
1749.9918,4.853,360.6
1743.885,4.878,357.5
1687.6512,4.896,344.7
1674.2862,4.887,342.6
1724.6456,4.894,352.4
1666.8528,4.891,340.8
1715.9751,4.893,350.7
1712.55,4.9,349.5
1680.6393,4.887,343.9
1693.8134,4.894,346.1
1714.3682,4.894,350.3
1720.8233,4.879,352.7
1736.305,4.891,355.0
1703.3976,4.878,349.2
1734.9724,4.879,355.6
1699.0074,4.878,348.3
1720.3606,4.886,352.1
1715.8257,4.887,351.1
1691.6755,4.885,346.3
1726.4665,4.895,352.7
1686.2161,4.889,344.9
1690.556,4.886,346.0
1671.402,4.89,341.8
1662.7058,4.886,340.3
1688.7184,4.892,345.2
1684.0254,4.894,344.1
1718.5194,4.878,352.3
1757.2632,4.884,359.8
1678.232,4.88,343.9
1701.36,4.896,347.5
1716.4518,4.886,351.3
1712.508,4.872,351.5
1710.8714,4.898,349.3
1663.55,4.9,339.5
1691.9994,4.893,345.8
1656.0479,4.901,337.9
1652.331,4.89,337.9
1684.62,4.9,343.8
1699.4631,4.899,346.9
1675.555,4.885,343.0
1692.286,4.891,346.0
1673.1568,4.898,341.6
1698.7278,4.873,348.6
1734.483,4.89,354.7
1709.739,4.878,350.5
1711.9636,4.876,351.1
1747.9116,4.892,357.3
1706.6616,4.872,350.3
1700.1116,4.891,347.6
1727.5212,4.869,354.8
1747.2678,4.882,357.9
1751.8908,4.884,358.7
1728.495,4.869,355.0
1721.664,4.88,352.8
1756.0284,4.886,359.4
1696.5,4.875,348.0
1799.9124,4.862,370.2
1743.102,4.869,358.0
1759.059,4.866,361.5
1727.3456,4.874,354.4
1762.8149,4.871,361.9
1750.5852,4.879,358.8
1724.9752,4.888,352.9
1744.6,4.88,357.5
1734.5746,4.882,355.3
1711.152,4.896,349.5
1713.3204,4.898,349.8
1707.9372,4.891,349.2
1738.3446,4.853,358.2
1770.5758,4.883,362.6
1711.5581,4.861,352.1
1751.1424,4.886,358.4
1714.7724,4.884,351.1
1753.5854,4.886,358.9
1690.8187,4.891,345.7
1755.1805,4.885,359.3
1678.006,4.895,342.8
1706.0517,4.887,349.1
1685.4936,4.894,344.4
1692.3704,4.904,345.1
1692.6045,4.899,345.5
1681.4466,4.878,344.7
1693.67,4.895,346.0
1752.997,4.883,359.0
1722.3947,4.889,352.3
1684.1088,4.873,345.6
1748.2442,4.882,358.1
1709.3262,4.881,350.2
1720.928,4.889,352.0
1710.5928,4.893,349.6
1686.4452,4.884,345.3
1687.361,4.898,344.5
1703.3022,4.903,347.4
1672.2816,4.884,342.4
1684.8936,4.888,344.7
1704.9344,4.888,348.8
1717.5812,4.892,351.1
1657.0708,4.891,338.8
1697.5375,4.885,347.5
1708.7,4.882,350.0
1711.7108,4.892,349.9
1722.993,4.881,353.0
1702.4145,4.871,349.5
1681.648,4.88,344.6
1664.0782,4.903,339.4
1670.5713,4.889,341.7
1690.473,4.89,345.7
1733.4022,4.898,353.9
1693.5264,4.896,345.9
1667.2792,4.898,340.4
1648.941,4.893,337.0
1676.1457,4.891,342.7
1714.0179,4.893,350.3
1743.42,4.9,355.8
1696.9832,4.882,347.6
1715.2608,4.884,351.2
1742.0644,4.877,357.2
1760.704,4.88,360.8
1746.9546,4.854,359.9
1784.855,4.87,366.5
1735.9875,4.875,356.1
1707.657,4.886,349.5
1697.475,4.875,348.2
1717.566,4.885,351.6
1691.1051,4.889,345.9
1715.808,4.88,351.6
1756.08,4.878,360.0
1744.5627,4.869,358.3
1740.6356,4.873,357.2
1735.0855,4.867,356.5
1727.075,4.865,355.0
1789.4856,4.872,367.3
1720.7046,4.869,353.4
1709.4484,4.873,350.8
1741.7268,4.887,356.4
1702.8387,4.889,348.3
1693.7712,4.884,346.8
1720.2809,4.883,352.3
1703.3298,4.882,348.9
1692.6525,4.885,346.5
1671.8427,4.887,342.1
1725.7611,4.893,352.7
1746.876,4.885,357.6
1728.85,4.87,355.0
1722.993,4.881,353.0
1738.0395,4.889,355.5
1702.8264,4.868,349.8
1694.6214,4.902,345.7
1681.472,4.888,344.0
1673.111,4.895,341.8
1663.6381,4.883,340.7
1702.8387,4.889,348.3
1719.124,4.895,351.2
1667.9331,4.887,341.3
1685.7016,4.906,343.6
1687.74,4.892,345.0
1733.1534,4.878,355.3
1762.3802,4.886,360.7
1751.7909,4.881,358.9
1730.798,4.87,355.4
1705.072,4.88,349.4
1737.5506,4.889,355.4
1695.9306,4.886,347.1
1679.1732,4.887,343.6
1668.216,4.895,340.8
1688.54,4.9,344.6
1678.1526,4.894,342.9
1664.64,4.896,340.0
1684.7136,4.896,344.1
1685.7459,4.899,344.1
1673.7002,4.891,342.2
1699.8282,4.893,347.4
1710.0266,4.883,350.2
1683.1952,4.876,345.2
1716.6656,4.888,351.2
1721.632,4.891,352.0
1719.3596,4.879,352.4
1661.9346,4.878,340.7
1708.1463,4.893,349.1
1665.726,4.892,340.5
1677.1738,4.894,342.7
1731.851,4.895,353.8
1712.6167,4.889,350.3
1675.2162,4.894,342.3
1733.4189,4.887,354.7
1690.0216,4.876,346.6
1709.952,4.88,350.4
1748.5017,4.861,359.7
1740.7656,4.872,357.3
1810.5507,4.871,371.7
1743.0012,4.866,358.2
1692.306,4.884,346.5
1696.5605,4.885,347.3
1694.6065,4.885,346.9
1741.7072,4.876,357.2
1696.5684,4.878,347.8
1696.483,4.889,347.0
1695.7097,4.891,346.7
1755.182,4.862,361.0
1752.6067,4.867,360.1
1779.95,4.85,367.0
1774.5025,4.855,365.5
1745.6896,4.864,358.9
1696.7786,4.873,348.2
1711.842,4.884,350.5
1685.8974,4.881,345.4
1693.4244,4.883,346.8
1710.0324,4.897,349.2
1685.6385,4.893,344.5
1708.9848,4.894,349.2
1693.9127,4.883,346.9
1761.2981,4.883,360.7
1721.228,4.876,353.0
1732.796,4.888,354.5
1712.2362,4.874,351.3
1749.807,4.885,358.2
1677.27,4.9,342.3
1704.439,4.895,348.2
1676.1354,4.881,343.4
1708.4954,4.894,349.1
1692.7144,4.888,346.3
1719.813,4.89,351.7
1686.8736,4.881,345.6
1697.7064,4.901,346.4
1716.8031,4.887,351.3
1736.3511,4.887,355.3
1746.708,4.89,357.2
1698.8664,4.872,348.7
1698.2325,4.887,347.5
1666.9092,4.884,341.3
1679.5168,4.888,343.6
1701.4376,4.892,347.8
1680.2954,4.886,343.9
1666.5297,4.903,339.9
1657.5182,4.901,338.2
1697.2163,4.901,346.3
1660.9424,4.888,339.8
1678.3937,4.889,343.3
1697.6024,4.888,347.3
1738.08,4.896,355.0
1684.7187,4.879,345.3
1703.818,4.882,349.0
1728.914,4.895,353.2
1718.2198,4.873,352.6
1750.5096,4.872,359.3
1707.7236,4.882,349.8
1679.5168,4.888,343.6
1725.6244,4.894,352.6
1664.1093,4.893,340.1
1674.1893,4.891,342.3
1691.451,4.89,345.9
1716.96,4.9,350.4
1731.0078,4.894,353.7
1736.6598,4.881,355.8
1693.3675,4.873,347.5
1715.7833,4.873,352.1
1765.474,4.877,362.0
1751.252,4.87,359.6
1771.3465,4.865,364.1
1724.7265,4.879,353.5
1727.124,4.872,354.5
1721.2014,4.887,352.2
1732.3515,4.873,355.5
1738.5192,4.878,356.4
1762.8149,4.871,361.9
1706.3702,4.867,350.6
1740.7494,4.887,356.2
1763.1016,4.888,360.7
1729.188,4.86,355.8
1758.1188,4.854,362.2
1780.8353,4.867,365.9
1739.8005,4.853,358.5
1775.3568,4.872,364.4
1745.7664,4.871,358.4
1735.0125,4.875,355.9
1725.787,4.882,353.5
1693.8134,4.894,346.1
1741.552,4.892,356.0
1681.4325,4.895,343.5
1745.9136,4.896,356.6
1697.3817,4.893,346.9
1675.3573,4.883,343.1
1724.9752,4.888,352.9
1696.9832,4.882,347.6
1750.3266,4.881,358.6
1710.2268,4.878,350.6
1760.597,4.877,361.0
