1754.8408,4.946,354.8
1707.3848,4.972,343.4
1804.4914,4.933,365.8
1799.4298,4.934,364.7
1872.5972,4.924,380.3
1733.7545,4.955,349.9
1752.654,4.951,354.0
1735.0648,4.963,349.6
1832.7312,4.932,371.6
1728.56,4.96,348.5
1847.186,4.939,374.0
1775.52,4.932,360.0
1765.1877,4.957,356.1
1741.7808,4.968,350.6
1760.5115,4.955,355.3
1819.896,4.94,368.4
1787.2176,4.948,361.2
1855.0665,4.935,375.9
1820.9625,4.955,367.5
1764.3185,4.949,356.5
1764.768,4.96,355.8
1798.1695,4.955,362.9
1809.0576,4.932,366.8
1812.3727,4.937,367.1
1820.28,4.925,369.6
1837.794,4.935,372.4
1838.0451,4.937,372.3
1738.1295,4.959,350.5
1772.472,4.94,358.8
1742.752,4.951,352.0
1899.8571,4.913,386.7
1808.494,4.948,365.5
1783.4344,4.943,360.8
1775.5256,4.943,359.2
1824.3456,4.936,369.6
1836.279,4.923,373.0
1842.341,4.93,373.7
1889.9972,4.927,383.6
1756.193,4.954,354.5
1763.937,4.941,357.0
1778.7584,4.952,359.2
1889.9397,4.923,383.9
1728.1017,4.953,348.9
1800.0063,4.941,364.3
1762.7544,4.946,356.4
1741.0473,4.973,350.1
1822.374,4.932,369.5
1817.64,4.95,367.2
1828.7856,4.932,370.8
1745.0174,4.949,352.6
1795.7168,4.936,363.8
1714.0692,4.964,345.3
1758.1638,4.947,355.4
1783.9287,4.943,360.9
1856.0284,4.931,376.4
1807.9572,4.929,366.8
1853.488,4.94,375.2
1771.4678,4.951,357.8
1772.2873,4.963,357.1
1799.3219,4.931,364.9
1714.3263,4.959,345.7
1892.5533,4.917,384.9
1773.4482,4.951,358.2
1777.906,4.94,359.9
1737.2428,4.948,351.1
1748.9724,4.956,352.9
1799.642,4.94,364.3
1804.6188,4.932,365.9
1803.83,4.942,365.0
1763.4266,4.966,355.1
1799.4962,4.918,365.9
1751.1555,4.965,352.7
1722.905,4.958,347.5
1717.947,4.958,346.5
1804.6188,4.932,365.9
1805.4708,4.956,364.3
1844.6481,4.923,374.7
1709.8632,4.959,344.8
1756.052,4.955,354.4
1753.9984,4.952,354.2
1723.0012,4.954,347.8
1829.72,4.912,372.5
1743.7484,4.937,353.2
1842.126,4.94,372.9
1761.5774,4.958,355.3
