1927.2866,4.811,400.6
1904.382,4.82,395.1
1905.6544,4.822,395.2
1935.063,4.81,402.3
1949.4632,4.804,405.8
1965.8679,4.803,409.3
1934.667,4.815,401.8
1922.2991,4.819,398.9
1929.928,4.82,400.4
1923.2748,4.813,399.6
1890.0706,4.829,391.4
1937.3178,4.818,402.1
1941.797,4.81,403.7
1981.7854,4.802,412.7
1936.025,4.81,402.5
2004.3548,4.802,417.4
1918.9431,4.813,398.7
1899.6025,4.825,393.7
1941.316,4.81,403.6
1925.8239,4.823,399.3
1944.5448,4.818,403.6
2013.3564,4.804,419.1
2032.32,4.8,423.4
1978.1478,4.799,412.2
1942.8525,4.815,403.5
1973.3436,4.806,410.6
1965.3164,4.804,409.1
1965.9912,4.808,408.9
1967.2179,4.811,408.9
2051.8576,4.784,428.9
1830.57,4.83,379.0
1731.4535,4.865,355.9
1764.7633,4.871,362.3
1722.6675,4.887,352.5
1673.7946,4.897,341.8
1683.536,4.894,344.0
1685.0376,4.887,344.8
1683.138,4.89,344.2
1718.5596,4.892,351.3
1653.9487,4.889,338.3
1730.8473,4.877,354.9
1759.7664,4.872,361.2
1741.5408,4.881,356.8
1703.9504,4.874,349.6
1760.0886,4.881,360.6
1655.7912,4.893,338.4
1707.921,4.905,348.2
1660.12,4.9,338.8
1719.9648,4.896,351.3
1670.8116,4.894,341.4
1673.064,4.892,342.0
1694.5641,4.899,345.9
1658.0872,4.894,338.8
1657.221,4.89,338.9
1755.6399,4.889,359.1
1704.0969,4.887,348.7
1749.4152,4.888,357.9
1691.451,4.89,345.9
1729.4244,4.884,354.1
1672.37,4.9,341.3
1678.6308,4.884,343.7
1682.3166,4.899,343.4
1675.1675,4.891,342.5
1652.331,4.89,337.9
1656.9204,4.892,338.7
1701.8313,4.903,347.1
1660.5727,4.897,339.1
1650.7125,4.891,337.5
1731.1434,4.893,353.8
1711.5714,4.893,349.8
1672.6736,4.888,342.2
1708.1463,4.893,349.1
1695.771,4.894,346.5
1689.3202,4.898,344.9
1671.301,4.894,341.5
1665.9176,4.894,340.4
1685.4539,4.901,343.9
1636.2876,4.902,333.8
1683.5432,4.904,343.3
1681.3368,4.899,343.2
1678.4955,4.895,342.9
1653.3792,4.896,337.7
1661.0624,4.897,339.2
1666.34,4.901,340.0
1703.888,4.885,348.8
1665.056,4.88,341.2
1730.571,4.89,353.9
1686.5037,4.887,345.1
1760.5289,4.889,360.1
1691.5493,4.879,346.7
1716.6765,4.895,350.7
1715.412,4.89,350.8
1711.2216,4.892,349.8
1713.25,4.895,350.0
1703.3276,4.889,348.4
1698.565,4.895,347.0
1722.5505,4.895,351.9
1736.4361,4.879,355.9
1736.1717,4.881,355.7
1719.3043,4.883,352.1
1708.2118,4.882,349.9
1717.1102,4.874,352.3
1702.6226,4.894,347.9
1669.195,4.895,341.0
1694.8116,4.887,346.8
1696.4031,4.893,346.7
1692.978,4.893,346.0
1723.7808,4.886,352.8
1698.3736,4.886,347.6
1726.1902,4.879,353.8
1749.7088,4.882,358.4
1688.5743,4.893,345.1
1667.6379,4.889,341.1
1749.0216,4.891,357.6
1680.0402,4.881,344.2
1671.4944,4.896,341.4
1673.0085,4.899,341.5
1655.71,4.9,337.9
1672.1772,4.898,341.4
1663.8506,4.898,339.7
1663.3864,4.888,340.3
1640.16,4.896,335.0
1701.1976,4.904,346.9
1667.6828,4.892,340.9
1681.648,4.88,344.6
1740.351,4.89,355.9
1714.5584,4.882,351.2
1713.8709,4.887,350.7
1704.7254,4.886,348.9
1710.6624,4.896,349.4
1682.8825,4.885,344.5
1648.6964,4.901,336.4
1686.8712,4.898,344.4
1663.28,4.892,340.0
1687.1616,4.896,344.6
1650.8982,4.893,337.4
1640.495,4.897,335.0
1676.0385,4.905,341.7
1667.496,4.88,341.7
1695.7097,4.891,346.7
1686.015,4.887,345.0
1687.3065,4.895,344.7
1708.5633,4.897,348.9
1705.4917,4.891,348.7
1653.798,4.89,338.2
1679.1813,4.897,342.9
1679.1813,4.897,342.9
1662.871,4.898,339.5
1658.1242,4.897,338.6
1690.6076,4.906,344.6
1676.7328,4.897,342.4
1664.364,4.888,340.5
1653.4598,4.889,338.2
1669.1715,4.905,340.3
1648.1148,4.892,336.9
1661.8328,4.882,340.4
1742.2155,4.887,356.5
1737.636,4.881,356.0
1748.0736,4.872,358.8
1756.7748,4.884,359.7
1737.9936,4.893,355.2
1683.4426,4.898,343.7
1679.0803,4.891,343.3
1726.0884,4.887,353.2
1697.2551,4.887,347.3
1686.3275,4.895,344.5
1689.3514,4.891,345.4
1717.8394,4.883,351.8
1734.0864,4.882,355.2
1733.11,4.882,355.0
1744.275,4.875,357.8
1730.267,4.885,354.2
1709.5383,4.883,350.1
1715.9751,4.893,350.7
1708.9839,4.887,349.7
1706.958,4.884,349.5
1705.143,4.89,348.7
1686.2724,4.892,344.7
1723.128,4.88,353.1
1708.0734,4.883,349.8
1708.8448,4.888,349.6
1735.8159,4.891,354.9
1690.227,4.878,346.5
1715.0,4.9,350.0
1658.4628,4.898,338.6
1705.559,4.894,348.5
1660.7232,4.896,339.2
1686.3814,4.898,344.3
1645.974,4.89,336.6
1687.1223,4.903,344.1
1669.877,4.897,341.0
1708.704,4.896,349.0
1698.58,4.888,347.5
1733.82,4.884,355.0
1711.9636,4.876,351.1
1691.7969,4.891,345.9
1713.7191,4.881,351.1
1691.6536,4.892,345.8
1675.4603,4.889,342.7
1659.0078,4.878,340.1
1668.1268,4.889,341.2
1675.9492,4.889,342.8
1658.7648,4.896,338.8
1657.1412,4.884,339.3
1674.825,4.89,342.5
1716.9404,4.886,351.4
1699.003,4.885,347.8
1716.8882,4.897,350.6
1669.3971,4.877,342.3
1716.1768,4.888,351.1
1711.2155,4.885,350.3
1660.9,4.885,340.0
1645.3008,4.888,336.6
1635.5248,4.888,334.6
1688.1717,4.889,345.3
1691.3907,4.887,346.1
1647.93,4.89,337.0
1673.0085,4.899,341.5
1683.6813,4.893,344.1
1665.0009,4.887,340.7
1658.4628,4.898,338.6
1700.8194,4.879,348.6
1699.6986,4.887,347.8
1681.16,4.88,344.5
1694.7922,4.894,346.3
1737.4857,4.871,356.7
1686.6703,4.879,345.7
1699.0074,4.878,348.3
1694.4648,4.886,346.8
1674.578,4.885,342.8
1687.9698,4.887,345.4
1743.0608,4.888,356.6
1696.341,4.89,346.9
1773.772,4.873,364.0
1749.4317,4.869,359.3
1725.706,4.868,354.5
1798.875,4.875,369.0
1704.6553,4.883,349.1
1682.3372,4.882,344.6
1686.6703,4.879,345.7
1685.349,4.878,345.5
1686.4452,4.884,345.3
1690.3524,4.884,346.1
1676.5125,4.875,343.9
1692.3929,4.873,347.3
1730.3496,4.866,355.6
1740.8954,4.871,357.4
1686.404,4.874,346.0
1695.1713,4.881,347.3
1660.7083,4.883,340.1
1675.4603,4.889,342.7
1689.984,4.89,345.6
1672.4778,4.886,342.3
1708.7756,4.892,349.3
1668.5568,4.896,340.8
1638.6657,4.893,334.9
1678.3974,4.899,342.6
1665.2965,4.885,340.9
1744.1452,4.876,357.7
1687.1582,4.879,345.8
1693.692,4.888,346.5
1714.1465,4.885,350.9
1686.7905,4.885,345.3
1699.1468,4.877,348.4
1703.3184,4.896,347.9
1691.2225,4.895,345.5
1670.218,4.898,341.0
1654.4376,4.889,338.4
1682.1054,4.887,344.2
1699.6862,4.894,347.3
1642.551,4.89,335.9
1656.468,4.895,338.4
1682.0678,4.894,343.7
1686.2428,4.882,345.4
1710.1722,4.889,349.8
1718.8948,4.886,351.8
1714.986,4.886,351.0
1701.2961,4.893,347.7
1674.0895,4.885,342.7
1690.5,4.9,345.0
1633.0496,4.907,332.8
1658.2377,4.893,338.9
1710.313,4.895,349.4
1664.6802,4.899,339.8
1637.7357,4.899,334.3
1684.8675,4.905,343.5
1658.4628,4.898,338.6
1649.5136,4.886,337.6
1694.874,4.89,346.6
1682.3049,4.889,344.1
1661.3885,4.885,340.1
1725.817,4.889,353.0
1673.0158,4.889,342.2
1718.132,4.888,351.5
1694.6696,4.888,346.7
1714.635,4.885,351.0
1717.5057,4.889,351.3
1683.3905,4.895,343.9
1703.3944,4.892,348.2
1689.984,4.89,345.6
1708.5617,4.883,349.9
1732.755,4.881,355.0
1716.589,4.885,351.4
1712.3304,4.884,350.6
1716.5909,4.867,352.7
1751.4024,4.884,358.6
1704.165,4.89,348.5
1681.5258,4.891,343.8
1699.8282,4.893,347.4
1701.2961,4.893,347.7
1699.1968,4.894,347.2
1709.8235,4.895,349.3
1713.2901,4.877,351.3
1716.1768,4.888,351.1
1735.7288,4.888,355.1
1728.1782,4.886,353.7
1698.5024,4.892,347.2
1696.87,4.9,346.3
1682.17,4.9,343.3
1671.4944,4.896,341.4
1671.4327,4.903,340.9
1681.3804,4.892,343.7
1674.9681,4.899,341.9
1657.5208,4.888,339.1
1678.006,4.895,342.8
1653.6471,4.891,338.1
1687.9698,4.887,345.4
1693.9127,4.883,346.9
1722.8253,4.893,352.1
1726.6781,4.879,353.9
1731.1434,4.893,353.8
1669.9809,4.893,341.3
1683.4935,4.901,343.5
1665.8098,4.898,340.1
1689.7816,4.888,345.7
1682.463,4.898,343.5
1664.808,4.885,340.8
1683.4426,4.898,343.7
1684.62,4.9,343.8
1638.1764,4.893,334.8
1717.7805,4.887,351.5
1726.1138,4.894,352.7
1686.4666,4.877,345.8
1713.8788,4.894,350.2
1670.0256,4.896,341.1
1655.1508,4.894,338.2
1664.1093,4.893,340.1
1696.1774,4.898,346.3
1686.09,4.9,344.1
1657.6345,4.897,338.5
1655.862,4.899,338.0
1656.1654,4.897,338.2
1684.7661,4.899,343.9
1652.82,4.89,338.0
1656.5036,4.898,338.2
1693.4057,4.907,345.1
1649.5824,4.892,337.2
1695.1385,4.895,346.3
1711.292,4.895,349.6
1718.1912,4.884,351.8
1705.143,4.89,348.7
1725.4084,4.892,352.7
1711.9798,4.883,350.6
1678.4452,4.892,343.1
1680.8382,4.889,343.8
1692.7751,4.891,346.1
1683.945,4.881,345.0
1697.3308,4.883,347.6
1724.43,4.892,352.5
1670.5713,4.889,341.7
1778.5226,4.874,364.9
1724.4212,4.874,353.8
1763.846,4.886,361.0
1742.3476,4.886,356.6
1753.1532,4.878,359.4
1709.2648,4.892,349.4
1731.5118,4.883,354.6
1720.302,4.89,351.8
1689.1495,4.889,345.5
1683.0466,4.894,343.9
1699.97,4.892,347.5
1730.5184,4.894,353.6
1716.2163,4.877,351.9
1761.5724,4.877,361.2
1698.588,4.881,348.0
1692.429,4.89,346.1
1678.2871,4.883,343.7
1683.3372,4.892,344.1
1665.045,4.89,340.5
1664.7045,4.889,340.5
1682.5572,4.894,343.8
1703.9352,4.902,347.6
1668.8312,4.904,340.3
1677.9075,4.899,342.5
1696.464,4.896,346.5
1714.9294,4.897,350.2
1679.715,4.89,343.5
1694.5888,4.892,346.4
1677.2003,4.877,343.9
1691.7969,4.891,345.9
1683.4569,4.881,344.9
1713.658,4.885,350.8
1662.5315,4.897,339.5
1675.2162,4.894,342.3
1657.8216,4.899,338.4
1661.4924,4.881,340.4
1669.6396,4.892,341.3
1656.3858,4.902,337.9
1687.2156,4.899,344.4
1656.8064,4.896,338.4
1634.15,4.9,333.5
1652.107,4.885,338.2
1694.4459,4.893,346.3
1697.892,4.879,348.0
1682.0678,4.894,343.7
1709.61,4.9,348.9
1683.8264,4.892,344.2
1684.13,4.9,343.7
1673.4528,4.896,341.8
1678.1526,4.894,342.9
1645.91,4.9,335.9
1670.174,4.895,341.2
1661.1364,4.903,338.8
1656.538,4.901,338.0
1668.7905,4.901,340.5
1712.8995,4.901,349.5
1684.98,4.884,345.0
1701.0898,4.891,347.8
1696.3208,4.897,346.4
1699.3389,4.893,347.3
1730.0872,4.868,355.4
1732.0001,4.883,354.7
1667.5344,4.893,340.8
1663.4706,4.894,339.9
1681.7612,4.886,344.2
1700.3942,4.889,347.8
1676.4381,4.889,342.9
1675.212,4.884,343.0
1686.7616,4.892,344.8
1733.6818,4.874,355.7
1725.3486,4.878,353.7
1718.9522,4.882,352.1
1735.1955,4.881,355.5
1710.0895,4.879,350.5
1740.3932,4.886,356.2
1672.5748,4.892,341.9
1656.9204,4.892,338.7
1702.209,4.89,348.1
1700.8888,4.882,348.4
1759.961,4.882,360.5
1730.0872,4.868,355.4
1718.3838,4.879,352.2
1723.9976,4.888,352.7
1678.8296,4.886,343.6
1704.4452,4.881,349.2
1700.8068,4.893,347.6
1696.3208,4.897,346.4
1648.5426,4.902,336.3
1671.923,4.903,341.0
1675.9479,4.899,342.1
1675.1675,4.891,342.5
1667.739,4.885,341.4
1667.1936,4.892,340.8
1716.741,4.891,351.0
1699.2151,4.873,348.7
1701.024,4.888,348.0
1708.2,4.875,350.4
1692.8067,4.877,347.1
1691.6536,4.892,345.8
1660.7514,4.886,339.9
1709.1228,4.886,349.8
1657.969,4.885,339.4
1676.3339,4.883,343.3
1699.1334,4.891,347.4
1674.0424,4.892,342.2
1652.0284,4.892,337.7
1675.0208,4.892,342.4
1698.5196,4.878,348.2
1689.2928,4.888,345.6
1703.3298,4.882,348.9
1706.1863,4.879,349.7
1693.9762,4.886,346.7
1658.1591,4.887,339.3
1656.6528,4.884,339.2
1653.496,4.892,338.0
1658.5381,4.891,339.1
1673.2111,4.891,342.1
1682.2656,4.896,343.6
1635.6789,4.887,334.7
1662.0024,4.894,339.6
1701.0898,4.891,347.8
1682.8825,4.885,344.5
1692.9513,4.869,347.7
1710.8,4.888,350.0
1671.4509,4.883,342.3
1703.12,4.88,349.0
1715.1606,4.874,351.9
1666.762,4.885,341.2
1676.6844,4.894,342.6
1711.5658,4.886,350.3
1697.5375,4.885,347.5
1703.1195,4.887,348.5
1691.8176,4.884,346.4
1683.7156,4.886,344.6
1690.65,4.875,346.8
1731.6454,4.882,354.7
1734.2193,4.881,355.3
1743.136,4.88,357.2
1751.0121,4.887,358.3
1717.3272,4.876,352.2
1700.2606,4.883,348.2
1676.5375,4.895,342.5
1691.594,4.889,346.0
1699.4808,4.892,347.4
1688.8623,4.891,345.3
1717.1358,4.881,351.8
1664.556,4.89,340.4
1696.7786,4.873,348.2
1716.3745,4.883,351.5
1709.739,4.878,350.5
1707.65,4.879,350.0
1724.0775,4.891,352.5
1680.6504,4.897,343.2
1687.8508,4.898,344.6
1675.4112,4.896,342.2
1659.7812,4.899,338.8
1693.44,4.9,345.6
1662.94,4.891,340.0
1656.9575,4.895,338.5
1653.9487,4.889,338.3
1678.4448,4.902,342.4
1698.7957,4.883,347.9
1687.9104,4.884,345.6
1742.2155,4.887,356.5
1679.028,4.888,343.5
1714.7846,4.891,350.6
1682.2498,4.886,344.3
1688.1954,4.899,344.6
1677.9075,4.899,342.5
1679.7669,4.893,343.3
1679.0826,4.901,342.6
1659.63,4.9,338.7
1655.7912,4.893,338.4
1691.2794,4.898,345.3
1651.2356,4.894,337.4
1655.265,4.89,338.5
1715.6975,4.895,350.5
1689.2645,4.895,345.1
1686.705,4.889,345.0
1684.6599,4.893,344.3
1709.6114,4.886,349.9
1693.44,4.9,345.6
1673.1568,4.898,341.6
1662.57,4.9,339.3
1648.8789,4.903,336.3
1666.407,4.894,340.5
1699.6225,4.891,347.5
1681.8267,4.899,343.3
1643.9868,4.887,336.4
1669.1715,4.905,340.3
1691.0784,4.896,345.4
1685.2664,4.882,345.2
1686.9618,4.894,344.7
1699.8282,4.893,347.4
1661.0913,4.887,339.9
1724.8392,4.889,352.8
1676.0952,4.888,342.9
1685.4684,4.884,345.1
1747.528,4.88,358.1
1741.7661,4.883,356.7
1715.4858,4.893,350.6
1677.6123,4.901,342.3
1686.2161,4.889,344.9
1722.2341,4.883,352.7
1726.104,4.876,354.0
1731.8227,4.877,355.1
1747.1374,4.883,357.8
1728.6297,4.879,354.3
1745.9337,4.881,357.7
1703.7426,4.893,348.2
1718.9522,4.882,352.1
1725.5997,4.887,353.1
1698.9916,4.892,347.3
1669.536,4.896,341.0
1720.0272,4.892,351.6
1717.9176,4.886,351.6
1737.992,4.882,356.0
1754.7673,4.873,360.1
1744.3051,4.871,358.1
1693.1212,4.892,346.1
1666.9586,4.877,341.8
1731.6327,4.893,353.9
1654.776,4.89,338.4
1653.9852,4.892,338.1
1684.568,4.897,344.0
1669.2384,4.898,340.8
1668.0672,4.896,340.7
1674.7268,4.894,342.2
1684.8612,4.878,345.4
1694.42,4.9,345.8
1658.6478,4.887,339.4
1717.092,4.892,351.0
1670.7663,4.881,342.3
1686.528,4.88,345.6
1727.7398,4.882,353.9
1687.6828,4.889,345.2
1666.762,4.885,341.2
1640.4688,4.894,335.2
1697.85,4.9,346.5
1673.8953,4.893,342.1
1673.6466,4.898,341.7
1659.2434,4.883,339.8
1678.1024,4.901,342.4
1675.8454,4.903,341.8
1663.1944,4.886,340.4
1705.0044,4.884,349.1
1703.5353,4.891,348.3
1662.5574,4.887,340.2
1692.5718,4.889,346.2
1728.914,4.895,353.2
1695.1584,4.888,346.8
1652.7834,4.887,338.2
1716.3985,4.897,350.5
1681.4834,4.898,343.3
1639.2288,4.902,334.4
1662.4192,4.901,339.2
1678.8873,4.899,342.7
1656.0926,4.891,338.6
1698.1366,4.898,346.7
1650.5034,4.902,336.7
1709.12,4.9,348.8
1684.5489,4.887,344.7
1718.2834,4.894,351.1
1704.862,4.892,348.5
1677.975,4.875,344.2
1732.9302,4.887,354.6
1676.6348,4.891,342.8
1659.7056,4.893,339.2
1698.5145,4.885,347.7
1703.7482,4.886,348.7
1714.3596,4.887,350.8
1731.335,4.877,355.0
1689.1098,4.879,346.2
1730.0469,4.883,354.3
1706.448,4.87,350.4
1755.36,4.876,360.0
1736.212,4.877,356.0
1689.006,4.89,345.4
1734.175,4.885,355.0
1693.2032,4.888,346.4
1698.7957,4.883,347.9
1722.6675,4.887,352.5
1686.2428,4.882,345.4
1679.5168,4.888,343.6
1692.164,4.885,346.4
1701.8652,4.882,348.6
1707.3,4.878,350.0
1710.423,4.873,351.0
1744.0764,4.884,357.1
1666.3192,4.888,340.9
1662.08,4.9,339.2
1667.0451,4.893,340.7
1664.7045,4.889,340.5
1687.395,4.891,345.0
1692.1428,4.892,345.9
1667.6196,4.899,340.4
1660.7933,4.889,339.7
1664.9388,4.894,340.2
1723.9165,4.885,352.9
1682.3372,4.882,344.6
