1870.5025,5.035,371.5
1934.3868,5.001,386.8
1874.027,5.035,372.2
1830.8658,5.034,363.7
1887.3912,5.009,376.8
1985.9145,4.971,399.5
1883.9916,5.028,374.7
1890.6572,5.023,376.4
1905.5624,5.012,380.2
1977.3644,4.972,397.7
1931.5089,5.013,385.3
1918.7119,5.011,382.9
1955.0628,5.004,390.7
1899.4443,5.021,378.3
1955.1232,5.008,390.4
1922.337,5.01,383.7
1961.8923,5.001,392.3
1948.0001,5.009,388.9
1959.958,5.005,391.6
1894.5504,5.028,376.8
1809.8542,5.047,358.6
1896.6848,5.023,377.6
1964.4272,4.996,393.2
1845.4117,5.027,367.1
1883.4976,5.024,374.9
1924.3064,5.006,384.4
2011.1616,4.988,403.2
1905.4035,5.005,380.7
1907.98,5.021,380.0
1939.1428,5.012,386.9
1848.9306,5.027,367.8
1980.7074,4.998,396.3
1933.3984,5.014,385.6
1960.2405,5.007,391.5
1963.3532,5.006,392.2
1802.4828,5.066,355.8
