1817.7412,4.268,425.9
1825.744,4.24,430.6
1843.6915,4.255,433.3
1819.8467,4.249,428.3
1801.578,4.244,424.5
1893.936,4.22,448.8
1871.1693,4.221,443.3
1854.3686,4.259,435.4
1593.2885,4.405,361.7
1573.7771,4.417,356.3
1586.9148,4.413,359.6
1562.636,4.408,354.5
1593.6144,4.412,361.2
1572.636,4.42,355.8
1559.0232,4.419,352.8
1562.2929,4.417,353.7
1582.7516,4.388,360.7
1599.4913,4.393,364.1
1591.814,4.39,362.6
1595.765,4.39,363.5
1568.7518,4.429,354.2
1590.526,4.412,360.5
1577.7524,4.417,357.2
1561.7613,4.423,353.1
1542.493,4.435,347.8
1566.804,4.426,354.0
1583.725,4.43,357.5
1546.146,4.41,350.6
1604.6652,4.406,364.2
1606.7733,4.413,364.1
1617.1344,4.392,368.2
1606.0749,4.399,365.1
1596.4989,4.409,362.1
1577.2418,4.423,356.6
1567.6878,4.431,353.8
1586.6136,4.422,358.8
1562.8224,4.416,353.9
1580.7101,4.429,356.9
1598.8336,4.424,361.4
1559.9955,4.413,353.5
1605.943,4.418,363.5
1599.948,4.41,362.8
1610.015,4.411,365.0
1594.6745,4.387,363.5
1633.6749,4.381,372.9
1573.1919,4.403,357.3
1578.882,4.398,359.0
1615.0098,4.391,367.8
1610.2548,4.396,366.3
1584.8723,4.411,359.3
1579.4828,4.396,359.3
1657.392,4.38,378.4
1646.625,4.391,375.0
1641.4972,4.382,374.6
1633.6749,4.381,372.9
1603.1462,4.397,364.6
1592.1696,4.408,361.2
1606.2278,4.391,365.8
1608.4908,4.402,365.4
1583.2719,4.409,359.1
1612.6612,4.387,367.6
1623.2576,4.373,371.2
1633.4427,4.371,373.7
1650.0,4.4,375.0
1617.9426,4.374,369.9
1640.4285,4.385,374.1
1596.2427,4.401,362.7
1550.6382,4.414,351.3
1567.4193,4.419,354.7
1574.9997,4.413,356.9
1558.1394,4.419,352.6
1544.8085,4.415,349.9
1573.164,4.419,356.0
1618.2944,4.388,368.8
1637.3376,4.392,372.8
1600.5195,4.391,364.5
1592.892,4.41,361.2
1578.0352,4.403,358.4
1613.8434,4.407,366.2
1584.4608,4.416,358.8
1558.053,4.41,353.3
1565.3872,4.427,353.6
1562.1984,4.428,352.8
1595.178,4.42,360.9
1559.515,4.393,355.0
1610.468,4.405,365.6
1618.0242,4.398,367.9
1619.64,4.4,368.1
1607.472,4.392,366.0
1601.5038,4.407,363.4
1561.2114,4.434,352.1
1576.8246,4.407,357.8
1610.5426,4.427,363.8
1548.4923,4.423,350.1
1555.9208,4.424,351.7
1571.0496,4.423,355.2
1575.6288,4.416,356.8
1598.0706,4.417,361.8
1586.1956,4.411,359.6
1613.764,4.39,367.6
1607.5788,4.414,364.2
1593.454,4.414,361.0
1574.5016,4.424,355.9
1561.575,4.43,352.5
1563.786,4.41,354.6
1564.143,4.431,353.0
1558.05,4.42,352.5
1573.2684,4.428,355.3
1566.7012,4.412,355.1
1552.6656,4.416,351.6
1609.08,4.4,365.7
1602.6408,4.392,364.9
1621.017,4.393,369.0
1611.8878,4.373,368.6
1601.7348,4.404,363.7
1575.4824,4.428,355.8
1563.7056,4.416,354.1
1587.5991,4.399,360.9
1557.436,4.412,353.0
1601.3926,4.373,366.2
1623.861,4.39,369.9
1658.981,4.39,377.9
1627.26,4.398,370.0
1630.7784,4.398,370.8
1593.4126,4.409,361.4
1589.805,4.41,360.5
1615.2332,4.412,366.1
1588.0025,4.405,360.5
1603.2843,4.401,364.3
1586.8412,4.403,360.4
1628.7632,4.369,372.8
1641.3105,4.371,375.5
1624.896,4.368,372.0
1651.4528,4.384,376.7
1571.4826,4.418,355.7
1570.4325,4.425,354.9
1590.2337,4.421,359.7
1580.9672,4.426,357.2
1553.7665,4.433,350.5
1576.443,4.422,356.5
1614.433,4.399,367.0
1630.142,4.388,371.5
1595.5944,4.398,362.8
1603.2666,4.407,363.8
1579.9372,4.412,358.1
1546.8334,4.417,350.2
1564.7688,4.424,353.7
1582.38,4.425,357.6
1571.1423,4.427,354.9
1570.52,4.424,355.0
1565.6454,4.434,353.1
1587.159,4.41,359.9
1618.2477,4.401,367.7
1639.2016,4.397,372.8
1596.492,4.392,363.5
1634.0913,4.401,371.3
1584.038,4.405,359.6
1572.9054,4.422,355.7
1575.017,4.418,356.5
1562.2698,4.402,354.9
1553.6932,4.429,350.8
1555.632,4.432,351.0
1543.8132,4.421,349.2
1590.1347,4.389,362.3
1603.0546,4.421,362.6
1568.0763,4.401,356.3
1582.6395,4.395,360.1
1578.339,4.41,357.9
1544.8608,4.424,349.2
1577.038,4.415,357.2
1579.8956,4.423,357.2
1549.3926,4.418,350.7
1551.6921,4.417,351.3
1590.8968,4.429,359.2
1551.968,4.409,352.0
1560.3372,4.404,354.3
1598.4676,4.412,362.3
1596.861,4.41,362.1
1609.302,4.397,366.0
1604.6046,4.401,364.6
1605.24,4.41,364.0
1599.5852,4.409,362.8
1607.943,4.415,364.2
1611.124,4.408,365.5
1624.8492,4.401,369.2
1615.0912,4.408,366.4
1571.4693,4.413,356.1
1644.5583,4.389,374.7
1651.3044,4.372,377.7
1654.3924,4.364,379.1
1649.238,4.37,377.4
1624.92,4.4,369.3
1593.454,4.414,361.0
1621.366,4.388,369.5
1599.7635,4.401,363.5
1602.1752,4.404,363.8
1584.36,4.401,360.0
1632.1322,4.357,374.6
1636.1739,4.383,373.3
1629.573,4.37,372.9
1611.9968,4.384,367.7
1587.2016,4.404,360.4
1609.0095,4.395,366.1
1599.3234,4.401,363.4
1579.496,4.412,358.0
1590.1784,4.427,359.2
1565.9188,4.426,353.8
1578.4422,4.398,358.9
1593.55,4.396,362.5
1617.0755,4.405,367.1
1576.7143,4.403,358.1
1602.9356,4.382,365.8
1577.8368,4.416,357.3
1552.3947,4.419,351.3
1554.4332,4.401,353.2
1581.2316,4.407,358.8
1606.7175,4.425,363.1
1593.852,4.42,360.6
1566.0005,4.415,354.7
1604.4653,4.397,364.9
1607.7632,4.388,366.4
1610.4739,4.399,366.1
1595.1546,4.398,362.7
1594.898,4.418,361.0
1559.6394,4.422,352.7
1564.9392,4.432,353.1
1552.6224,4.431,350.4
1563.6999,4.431,352.9
1553.9082,4.407,352.6
1606.4629,4.417,363.7
1590.6432,4.416,360.2
1573.7397,4.407,357.1
1592.3292,4.389,362.8
1633.182,4.395,371.6
1605.12,4.4,364.8
1565.2044,4.414,354.6
1552.6656,4.416,351.6
1562.4535,4.405,354.7
1566.97,4.414,355.0
1545.004,4.408,350.5
1537.718,4.42,347.9
1558.8474,4.411,353.4
1565.96,4.4,355.9
1563.0768,4.408,354.6
1581.2793,4.401,359.3
1600.0804,4.391,364.4
1589.154,4.396,361.5
1593.9125,4.397,362.5
1572.5215,4.411,356.5
1545.264,4.41,350.4
1562.3762,4.411,354.2
1585.454,4.42,358.7
1583.9604,4.422,358.2
1583.6784,4.404,359.6
1663.6119,4.363,381.3
1632.295,4.382,372.5
1648.9466,4.382,376.3
1660.9384,4.364,380.6
1591.1652,4.404,361.3
1596.0342,4.398,362.9
1609.1542,4.399,365.8
1611.124,4.408,365.5
1596.5676,4.391,363.6
1565.6041,4.399,355.9
1651.9189,4.369,378.1
1657.458,4.356,380.5
1711.2234,4.318,396.3
1608.5655,4.401,365.5
1598.3856,4.396,363.6
1619.0468,4.396,368.3
1578.2292,4.406,358.2
1557.171,4.41,353.1
1568.7222,4.409,355.8
1574.0442,4.398,357.9
1597.1571,4.389,363.9
1627.948,4.388,371.0
1611.864,4.404,366.0
1612.8122,4.409,365.8
1582.8858,4.419,358.2
1575.9664,4.412,357.2
1606.4629,4.417,363.7
1571.0112,4.408,356.4
1583.1079,4.411,358.9
1573.4208,4.416,356.3
1581.2608,4.412,358.4
1604.6888,4.394,365.2
1635.9881,4.399,371.9
1609.0095,4.395,366.1
1580.2014,4.398,359.3
1598.9374,4.406,362.9
1585.9606,4.403,360.2
1573.7397,4.407,357.1
1571.384,4.414,356.0
1548.8726,4.414,350.9
1538.096,4.43,347.2
1537.718,4.42,347.9
1594.1354,4.411,361.4
1582.68,4.4,359.7
1577.1546,4.403,358.2
1594.1976,4.399,362.4
1609.7406,4.391,366.6
1587.6809,4.409,360.1
1560.7872,4.424,352.8
1546.2808,4.423,349.6
1548.351,4.41,351.1
1589.3495,4.421,359.5
1569.5475,4.425,354.7
1555.798,4.435,350.8
1558.1222,4.429,351.8
1621.6844,4.396,368.9
1607.9829,4.397,365.7
1596.5676,4.391,363.6
1605.5676,4.394,365.4
1614.9468,4.404,366.7
1571.3228,4.399,357.2
1564.676,4.415,354.4
1568.18,4.405,356.0
1586.921,4.402,360.5
1608.496,4.39,366.4
1603.5859,4.397,364.7
1612.498,4.364,369.5
1613.8688,4.376,368.8
1618.4102,4.367,370.6
1637.746,4.379,374.0
1612.8928,4.402,366.4
1588.2748,4.396,361.3
1607.1035,4.397,365.5
1627.2735,4.385,371.1
1614.9456,4.398,367.2
1586.7612,4.404,360.3
1609.7259,4.409,365.1
1599.576,4.38,365.2
1648.516,4.36,378.1
1642.3128,4.376,375.3
1649.3848,4.382,376.4
1640.25,4.374,375.0
1614.9456,4.398,367.2
1597.4301,4.397,363.3
1567.8036,4.399,356.4
1651.5758,4.382,376.9
1603.812,4.382,366.0
1652.3256,4.362,378.8
1635.375,4.375,373.8
1609.0074,4.389,366.6
1622.1832,4.376,370.7
1590.4426,4.402,361.3
1603.762,4.412,363.5
1592.9268,4.404,361.7
1567.112,4.402,356.0
1606.3695,4.383,366.5
1605.4962,4.389,365.8
1662.8223,4.377,379.9
1629.7057,4.361,373.7
1694.0708,4.346,389.8
1565.905,4.411,355.0
1583.1079,4.411,358.9
1563.5305,4.423,353.5
1578.297,4.421,357.0
1569.4338,4.411,355.8
1565.1816,4.404,355.4
1585.7292,4.422,358.6
1575.7135,4.415,356.9
1625.271,4.395,369.8
1596.7344,4.406,362.4
1584.5435,4.415,358.9
1603.5192,4.392,365.1
1601.0631,4.407,363.3
1554.6845,4.423,351.5
1583.4112,4.418,358.4
1572.606,4.41,356.6
1570.426,4.42,355.3
1582.718,4.421,358.0
1567.2445,4.421,354.5
1576.614,4.42,356.7
1589.3587,4.399,361.3
1584.7119,4.391,360.9
1596.8008,4.382,364.4
1571.2635,4.405,356.7
1553.0973,4.421,351.3
1587.1104,4.416,359.4
1588.271,4.418,359.5
1571.752,4.42,355.6
1538.3718,4.413,348.6
1568.308,4.424,354.5
1578.1392,4.428,356.4
1570.855,4.394,357.5
1659.6112,4.372,379.6
1634.1264,4.374,373.6
1640.1875,4.375,374.9
1642.3736,4.382,374.8
1588.9188,4.399,361.2
1597.0456,4.402,362.8
1573.5223,4.399,357.7
1608.7896,4.392,366.3
1601.2944,4.404,363.6
1618.5728,4.384,369.2
1642.938,4.38,375.1
1648.8159,4.377,376.7
1637.876,4.37,374.8
1604.1004,4.396,364.9
1569.1796,4.393,357.2
1574.8305,4.415,356.7
1602.1914,4.398,364.3
1590.687,4.41,360.7
1618.8912,4.392,368.6
1657.2724,4.382,378.2
1620.3532,4.364,371.3
1625.3328,4.368,372.1
1580.8728,4.406,358.8
1571.31,4.42,355.5
1586.3582,4.409,359.8
1577.4305,4.405,358.1
1597.302,4.41,362.2
1560.9492,4.402,354.6
1578.3625,4.415,357.5
1584.1537,4.409,359.3
1611.132,4.402,366.0
1585.0392,4.398,360.4
1595.2848,4.402,362.4
1602.9956,4.399,364.4
1596.782,4.411,362.0
1571.5686,4.417,355.8
1576.1617,4.399,358.3
1579.1925,4.405,358.5
1570.842,4.41,356.2
1582.7165,4.405,359.3
1570.5867,4.413,355.9
1600.16,4.384,365.0
1588.6092,4.386,362.2
1607.469,4.386,366.5
1616.9205,4.395,367.9
1602.1271,4.393,364.7
1553.2907,4.409,352.3
1546.587,4.41,350.7
1549.4944,4.412,351.2
1549.5744,4.416,350.9
1554.7752,4.422,351.6
1566.3159,4.401,355.9
1549.2385,4.405,351.7
1546.2363,4.409,350.7
1595.8204,4.412,361.7
1607.541,4.385,366.6
1596.6528,4.384,364.2
1610.7675,4.395,366.5
1584.985,4.415,359.0
1626.625,4.375,371.8
1754.695,4.306,407.5
1770.7937,4.297,412.1
1657.9962,4.362,380.1
1557.5139,4.401,353.9
1598.5745,4.405,362.9
1596.111,4.397,363.0
1615.4578,4.397,367.4
1596.058,4.409,362.0
1641.808,4.384,374.5
1641.75,4.378,375.0
1596.072,4.38,364.4
1582.2794,4.394,360.1
1601.1828,4.382,365.4
1592.5651,4.403,361.7
1636.898,4.405,371.6
1601.033,4.39,364.7
1639.4976,4.379,374.4
1637.9916,4.361,375.6
1646.4524,4.358,377.8
1604.0323,4.391,365.3
1599.277,4.39,364.3
1576.9325,4.411,357.5
1586.7612,4.404,360.3
1606.1532,4.386,366.2
1595.5602,4.381,364.2
1630.447,4.37,373.1
1621.7728,4.369,371.2
1630.8201,4.371,373.1
1617.1182,4.386,368.7
1599.1272,4.392,364.1
1564.7679,4.419,354.1
1569.6288,4.419,355.2
1590.205,4.405,361.0
1563.5053,4.403,355.1
1563.42,4.404,355.0
1614.3064,4.376,368.9
1611.1908,4.383,367.6
1623.4293,4.377,370.9
1579.2835,4.393,359.5
1597.082,4.39,363.8
1569.3601,4.417,355.3
1584.36,4.401,360.0
1595.4204,4.417,361.2
1567.5112,4.423,354.4
1577.6841,4.423,356.7
1584.1158,4.393,360.6
1600.0804,4.391,364.4
1632.5064,4.392,371.7
1627.206,4.386,371.0
1577.486,4.388,359.5
1567.4848,4.408,355.6
1551.0796,4.414,351.4
1597.8216,4.409,362.4
1574.5376,4.408,357.2
1565.3776,4.412,354.8
1552.1416,4.412,351.8
1546.146,4.41,350.6
1592.1298,4.414,360.7
1591.254,4.38,363.3
1577.5652,4.387,359.6
1587.3612,4.402,360.6
1600.0128,4.386,364.8
1593.57,4.39,363.0
1569.8749,4.411,355.9
1559.817,4.41,353.7
1555.2266,4.402,353.3
1589.5143,4.419,359.7
1551.0,4.4,352.5
1543.5,4.41,350.0
1605.3169,4.409,364.1
1563.5789,4.381,356.9
1582.7188,4.394,360.2
1609.1559,4.393,366.3
1622.2436,4.388,369.7
1593.9475,4.385,363.5
1574.7875,4.405,357.5
1623.0278,4.414,367.7
1580.2758,4.386,360.3
1585.3595,4.405,359.9
1594.9224,4.401,362.4
1571.2944,4.394,357.6
1644.6122,4.367,376.6
1643.8107,4.373,375.9
1614.4422,4.361,370.2
1635.8654,4.381,373.4
1630.2762,4.386,371.7
1589.7986,4.399,361.4
1587.9402,4.389,361.8
1611.2624,4.412,365.2
1617.5026,4.393,368.2
1613.1816,4.392,367.3
1628.046,4.38,371.7
1615.9884,4.377,369.2
1614.7463,4.363,370.1
1661.4304,4.363,380.8
1638.6096,4.386,373.6
1585.08,4.403,360.0
1587.1215,4.405,360.3
1608.3486,4.398,365.7
1587.24,4.409,360.0
1585.7856,4.416,359.1
1576.9707,4.421,356.7
1588.1178,4.398,361.1
1601.6937,4.387,365.1
1595.8521,4.371,365.1
1608.6176,4.376,367.6
1612.716,4.38,368.2
1604.9824,4.384,366.1
1590.2385,4.399,361.5
1564.84,4.408,355.0
1582.5018,4.413,358.6
1559.5426,4.403,354.2
1596.32,4.4,362.8
1583.6292,4.388,360.9
1625.178,4.39,370.2
1603.8,4.4,364.5
1607.1035,4.397,365.5
1599.6413,4.391,364.3
1568.39,4.418,355.0
1575.3,4.425,356.0
1565.0304,4.416,354.4
1578.5874,4.407,358.2
1588.271,4.418,359.5
1556.6341,4.421,352.1
1538.7204,4.414,348.6
1606.664,4.385,366.4
1612.803,4.385,367.8
1591.6036,4.387,362.8
1577.087,4.393,359.0
1586.1447,4.417,359.1
1546.116,4.42,349.8
1568.8224,4.392,357.2
1541.1116,4.412,349.3
1537.4892,4.413,348.4
1546.8472,4.412,350.6
1539.7144,4.408,349.3
1537.3962,4.414,348.3
1584.4785,4.405,359.7
1618.3921,4.399,367.9
1609.7704,4.372,368.2
1582.8785,4.403,359.5
1612.965,4.395,367.0
1600.7342,4.394,364.3
1582.0788,4.402,359.4
1557.0632,4.396,354.2
1636.2852,4.388,372.9
1596.0875,4.403,362.5
1613.8434,4.407,366.2
1590.3949,4.397,361.7
1610.5759,4.373,368.3
1631.3257,4.363,373.9
1640.935,4.37,375.5
1611.8878,4.373,368.6
1594.7496,4.386,363.6
1563.0492,4.398,355.4
1592.7903,4.377,363.9
1612.7322,4.386,367.7
1594.6745,4.387,363.5
1560.7284,4.389,355.6
1607.004,4.41,364.4
1611.1526,4.358,369.7
1660.6569,4.369,380.1
1641.9375,4.375,375.3
1625.75,4.375,371.6
1593.0548,4.391,362.8
1593.8568,4.392,362.9
1585.4839,4.381,361.9
1590.4863,4.407,360.9
1556.1704,4.391,354.4
1573.1646,4.398,357.7
1612.3032,4.392,367.1
1595.9769,4.393,363.3
1603.2212,4.396,364.7
1596.9138,4.398,363.1
1604.0712,4.408,363.9
1589.4814,4.414,360.1
1559.201,4.417,353.0
1569.6695,4.403,356.5
1557.7006,4.414,352.9
1575.3108,4.404,357.7
1563.2176,4.396,355.6
1569.9104,4.384,358.1
1618.9617,4.391,368.7
1616.7495,4.385,368.7
1625.5195,4.385,370.7
1595.7018,4.367,365.4
1559.2834,4.406,353.9
1556.1936,4.401,353.6
1577.5402,4.409,357.8
1585.7194,4.406,359.9
1587.552,4.416,359.5
1542.618,4.41,349.8
1553.2908,4.404,352.7
1580.6534,4.414,358.1
1606.736,4.384,366.5
1625.271,4.395,369.8
1591.0125,4.389,362.5
1623.2586,4.386,370.1
1587.159,4.41,359.9
1560.26,4.42,353.0
1550.4576,4.416,351.1
1588.6432,4.408,360.4
1569.7896,4.412,355.8
1569.984,4.42,355.2
1582.802,4.42,358.1
1572.3008,4.387,358.4
1625.8493,4.393,370.1
1590.3949,4.397,361.7
1616.6325,4.399,367.5
1571.1408,4.374,359.2
1615.782,4.38,368.9
1596.9426,4.386,364.1
1576.632,4.404,358.0
1587.399,4.373,363.0
1583.5779,4.383,361.3
1589.5625,4.385,362.5
1588.353,4.395,361.4
1616.7268,4.379,369.2
1650.6014,4.354,379.1
1645.1131,4.351,378.1
1608.6875,4.375,367.7
1568.3832,4.392,357.1
1571.978,4.391,358.0
1593.1542,4.378,363.9
1602.8259,4.407,363.7
1608.936,4.396,366.0
1616.7656,4.372,369.8
1655.715,4.386,377.5
1609.034,4.37,368.2
1652.7618,4.362,378.9
1632.0036,4.373,373.2
1623.7608,4.372,371.4
1600.4514,4.386,364.9
1601.7672,4.386,365.2
1592.692,4.39,362.8
1547.303,4.402,351.5
1561.8988,4.396,355.3
1571.704,4.405,356.8
1580.5218,4.394,359.7
1568.986,4.39,357.4
1587.0843,4.383,362.1
1592.7822,4.383,363.4
1609.2282,4.398,365.9
1573.047,4.41,356.7
1575.73,4.42,356.5
1569.0974,4.394,357.1
1572.3944,4.402,357.2
1573.8448,4.411,356.8
1585.454,4.42,358.7
1596.7182,4.389,363.8
1602.7045,4.373,366.5
1615.5507,4.377,369.1
1580.1492,4.382,360.6
1576.2432,4.398,358.4
1555.7535,4.401,353.5
1549.856,4.403,352.0
1553.0268,4.407,352.4
1558.2217,4.403,353.9
1582.419,4.414,358.5
1571.31,4.42,355.5
1579.8125,4.375,361.1
1594.7148,4.398,362.6
1595.3625,4.401,362.5
1600.2312,4.377,365.6
1584.6618,4.386,361.3
1585.5576,4.408,359.7
1571.2128,4.416,355.8
1568.745,4.419,355.0
1553.7312,4.404,352.8
1591.23,4.425,359.6
1551.5273,4.399,352.7
1592.049,4.415,360.6
1561.0529,4.411,353.9
1581.231,4.385,360.6
1614.5784,4.397,367.2
1609.8114,4.402,365.7
1608.57,4.395,366.0
1580.92,4.4,359.3
1555.318,4.406,353.0
1559.642,4.412,353.5
1557.9268,4.391,354.8
1581.5625,4.375,361.5
1601.1072,4.389,364.8
1572.6126,4.394,357.9
1591.9664,4.388,362.8
1638.3672,4.362,375.6
1623.3435,4.365,371.9
1633.9435,4.363,374.5
1643.6882,4.382,375.1
1617.2884,4.396,367.9
1606.374,4.389,366.0
1634.5,4.375,373.6
1555.7444,4.396,353.9
1595.0774,4.399,362.6
1615.482,4.378,369.0
1642.1878,4.378,375.1
1635.872,4.36,375.2
1609.034,4.37,368.2
1634.38,4.37,374.0
1616.4261,4.377,369.3
1588.7616,4.384,362.4
1607.1035,4.397,365.5
1602.0985,4.405,363.7
1577.1265,4.387,359.5
1572.942,4.406,357.0
1604.3832,4.374,366.8
1590.5274,4.378,363.3
1620.9018,4.382,369.9
1631.502,4.374,373.0
1579.1235,4.395,359.3
1577.9213,4.399,358.7
1574.347,4.405,357.4
1563.6572,4.396,355.7
1585.0392,4.398,360.4
1553.9953,4.411,352.3
1562.202,4.413,354.0
1572.606,4.41,356.6
1606.4468,4.388,366.1
1603.875,4.375,366.6
1625.754,4.388,370.5
1626.7968,4.392,370.4
1593.8076,4.404,361.9
1570.1454,4.413,355.8
1544.1224,4.408,350.3
1557.521,4.406,353.5
1571.7627,4.399,357.3
1558.662,4.403,354.0
1576.9074,4.406,357.9
1575.486,4.38,359.7
1574.254,4.39,358.6
1586.262,4.388,361.5
1599.138,4.38,365.1
1587.96,4.4,360.9
1532.699,4.417,347.0
1574.5128,4.403,357.6
1573.1496,4.414,356.4
1559.9076,4.414,353.4
1592.8863,4.421,360.3
1561.2504,4.388,355.8
1573.2345,4.413,356.5
1558.4063,4.411,353.3
1595.6136,4.392,363.3
1594.9779,4.371,364.9
1597.3536,4.398,363.2
1602.714,4.379,366.0
1597.9782,4.407,362.6
1568.0248,4.412,355.4
1598.652,4.404,363.0
1581.7605,4.395,359.9
1569.061,4.405,356.2
1614.8729,4.399,367.1
1564.9956,4.401,355.6
1665.3571,4.363,381.7
1613.841,4.37,369.3
1618.318,4.355,371.6
1608.4067,4.379,367.3
1585.32,4.4,360.3
1582.8553,4.381,361.3
1558.467,4.395,354.6
1576.5288,4.389,359.2
1627.7437,4.391,370.7
1581.7472,4.384,360.8
1617.2325,4.365,370.5
1649.3568,4.368,377.6
1626.219,4.354,373.5
1623.544,4.355,372.8
1643.6875,4.375,375.7
1587.5226,4.383,362.2
1593.8568,4.392,362.9
1607.6128,4.384,366.7
1597.0067,4.391,363.7
1615.4131,4.379,368.9
1552.322,4.405,352.4
1617.2332,4.378,369.4
1628.4402,4.374,372.3
1624.653,4.365,372.2
1631.1775,4.379,372.5
1598.0978,4.394,363.7
1585.3134,4.411,359.4
1566.8835,4.415,354.9
1563.8604,4.404,355.1
1573.6758,4.413,356.6
1582.5996,4.401,359.6
1584.837,4.395,360.6
1599.42,4.37,366.0
1601.4628,4.396,364.3
1601.3232,4.392,364.6
1608.7166,4.393,366.2
1584.72,4.402,360.0
1569.888,4.416,355.5
1567.1516,4.417,354.8
1587.4376,4.412,359.8
1588.923,4.41,360.3
1576.9074,4.406,357.9
1563.7056,4.416,354.1
1574.8446,4.377,359.8
1569.9906,4.383,358.2
1639.113,4.385,373.8
1588.9887,4.381,362.7
1563.0492,4.398,355.4
1562.7222,4.407,354.6
1592.253,4.39,362.7
1556.1984,4.416,352.4
1553.82,4.408,352.5
1558.05,4.42,352.5
1551.0888,4.404,352.2
1556.5536,4.412,352.8
1566.9004,4.394,356.6
1571.4234,4.387,358.2
1578.3636,4.388,359.7
1619.3304,4.392,368.7
1578.7566,4.383,360.2
1582.4004,4.398,359.8
1551.7004,4.412,351.7
1583.1396,4.383,361.2
1578.8629,4.409,358.1
1573.0645,4.415,356.3
1559.9958,4.418,353.1
1586.2077,4.383,361.9
1588.4214,4.371,363.4
1650.0866,4.363,378.2
1626.6432,4.368,372.4
1623.78,4.365,372.0
1613.637,4.373,369.0
1578.164,4.396,359.0
1567.4472,4.398,356.4
1603.3706,4.394,364.9
1587.8085,4.385,362.1
1563.8832,4.388,356.4
1587.1909,4.393,361.3
1609.1516,4.387,366.8
1643.4604,4.357,377.2
1655.7016,4.364,379.4
1650.2024,4.361,378.4
1627.236,4.392,370.5
1592.2034,4.402,361.7
1604.3125,4.375,366.7
1565.6384,4.388,356.8
1582.0302,4.386,360.7
1575.8104,4.387,359.2
1568.4326,4.402,356.3
1580.3811,4.379,360.9
1656.8712,4.374,378.8
1628.3096,4.376,372.1
1626.8212,4.372,372.1
1641.8752,4.376,375.2
1610.252,4.39,366.8
1604.1004,4.396,364.9
1579.8421,4.397,359.3
1589.5622,4.402,361.1
1594.9455,4.395,362.9
1585.539,4.386,361.5
1569.4545,4.395,357.1
1610.2432,4.384,367.3
1634.2236,4.386,372.6
1614.1888,4.384,368.2
1620.0625,4.375,370.3
1595.0983,4.393,363.1
1559.724,4.406,354.0
1547.303,4.402,351.5
1546.4966,4.411,350.6
1575.2819,4.399,358.1
1585.0355,4.409,359.5
1570.5704,4.408,356.3
1603.9458,4.374,366.7
1582.3572,4.404,359.3
1586.8773,4.397,360.9
1598.4801,4.383,364.7
1602.8631,4.383,365.7
1586.2794,4.399,360.6
1558.934,4.42,352.7
1565.2808,4.408,355.1
1540.6872,4.407,349.6
1567.335,4.425,354.2
1573.5721,4.409,356.9
1592.2818,4.401,361.8
1578.6036,4.396,359.1
1594.1716,4.382,363.8
1619.541,4.389,369.0
1594.1976,4.399,362.4
1577.5652,4.387,359.6
1604.2494,4.394,365.1
1575.6075,4.395,358.5
1544.2752,4.416,349.7
1584.8723,4.411,359.3
1617.5892,4.404,367.3
1604.54,4.396,365.0
1573.296,4.38,359.2
1583.5008,4.384,361.2
1633.1952,4.368,373.9
1625.7836,4.354,373.4
1623.4182,4.357,372.6
1601.9102,4.378,365.9
1623.496,4.376,371.0
1640.0619,4.377,374.7
1593.9642,4.402,362.1
1579.736,4.376,361.0
1590.7053,4.393,362.1
1603.1952,4.366,367.2
1635.3414,4.347,376.2
1654.9995,4.361,379.5
1639.187,4.37,375.1
1609.5952,4.393,366.4
1604.6916,4.388,365.7
1614.1316,4.391,367.6
1614.767,4.382,368.5
1584.474,4.377,362.0
1580.1974,4.387,360.2
1636.2332,4.354,375.8
1645.0614,4.374,376.1
1586.9678,4.367,363.4
1582.8296,4.387,360.8
1638.1497,4.393,372.9
1588.9132,4.382,362.6
1560.3372,4.404,354.3
1559.1023,4.403,354.1
1580.268,4.408,358.5
1573.9756,4.388,358.7
1571.7876,4.404,356.9
1585.1775,4.385,361.5
1629.9712,4.384,371.8
1596.9408,4.368,365.6
1591.9056,4.383,363.2
1593.207,4.389,363.0
1582.5996,4.401,359.6
1603.8843,4.393,365.1
1558.9912,4.394,354.8
1558.0275,4.395,354.5
1550.818,4.412,351.5
1565.332,4.397,356.0
1593.4176,4.392,362.8
1597.75,4.375,365.2
1575.168,4.395,358.4
1578.882,4.398,359.0
1616.624,4.393,368.0
1609.8759,4.383,367.3
1561.56,4.4,354.9
1561.3194,4.413,353.8
1576.3562,4.402,358.1
1572.3113,4.403,357.1
1569.7896,4.412,355.8
1575.86,4.408,357.5
1554.1449,4.389,354.1
1619.9799,4.389,369.1
1589.542,4.391,362.0
1595.776,4.384,364.0
1603.3014,4.383,365.8
1609.4457,4.401,365.7
1578.005,4.414,357.5
1569.519,4.41,355.9
1561.8988,4.396,355.3
1558.5815,4.409,353.5
1575.2,4.4,358.0
1570.5792,4.392,357.6
1603.056,4.404,364.0
1588.125,4.375,363.0
1619.2836,4.367,370.8
1641.3105,4.371,375.5
1618.8469,4.367,370.7
1578.6784,4.384,360.1
1584.3976,4.406,359.6
1618.096,4.397,368.0
1570.1875,4.375,358.9
1609.9468,4.382,367.4
1611.5584,4.384,367.6
1586.3839,4.369,363.1
1673.1396,4.356,384.1
1630.7019,4.359,374.1
1606.3425,4.371,367.5
1612.431,4.365,369.4
1643.4348,4.372,375.9
1592.6157,4.391,362.7
1615.0656,4.384,368.4
1592.0554,4.381,363.4
1570.0582,4.393,357.4
1591.1792,4.381,363.2
1630.142,4.388,371.5
1566.2406,4.386,357.1
1588.3384,4.378,362.8
1604.394,4.38,366.3
1616.1004,4.388,368.3
1604.54,4.396,365.0
1571.68,4.4,357.2
1597.6584,4.394,363.6
1586.234,4.394,361.0
1571.0955,4.407,356.5
1568.1216,4.416,355.1
1578.6969,4.411,357.9
1568.0261,4.391,357.1
1591.3286,4.379,363.4
1592.481,4.387,363.0
1600.5245,4.379,365.5
1617.2028,4.372,369.9
1614.8808,4.374,369.2
1579.8024,4.392,359.7
1553.6435,4.405,352.7
1549.9425,4.397,352.5
1614.5801,4.403,366.7
1559.3888,4.384,355.7
1537.8768,4.404,349.2
1565.9136,4.416,354.6
1592.2011,4.361,365.1
1591.4514,4.389,362.6
1601.6878,4.393,364.6
1604.2416,4.376,366.6
1595.2503,4.391,363.3
1562.6247,4.403,354.9
1598.3095,4.397,363.5
1569.1631,4.409,355.9
1582.6352,4.406,359.2
1576.6016,4.399,358.4
1584.9456,4.388,361.2
1570.1934,4.402,356.7
1599.5526,4.398,363.7
1589.9811,4.391,362.1
1622.012,4.372,371.0
1607.7646,4.394,365.9
1582.8402,4.398,359.9
1584.919,4.405,359.8
1605.3447,4.397,365.1
1562.7222,4.407,354.6
1582.92,4.397,360.0
1573.6758,4.413,356.6
1588.8704,4.394,361.6
1600.0804,4.391,364.4
1625.6592,4.356,373.2
1598.9181,4.377,365.3
1618.4102,4.367,370.6
1620.81,4.35,372.6
1647.8792,4.378,376.4
1589.4101,4.387,362.3
1585.4337,4.393,360.9
1579.2412,4.388,359.9
1602.0592,4.382,365.6
1581.036,4.404,359.0
1600.4448,4.392,364.4
1630.0377,4.383,371.9
1630.573,4.354,374.5
1627.4525,4.369,372.5
1634.486,4.382,373.0
1580.6648,4.381,360.8
1591.92,4.4,361.8
1597.4458,4.391,363.8
1615.3776,4.392,367.8
1597.7934,4.398,363.3
1565.3915,4.391,356.5
1622.9716,4.364,371.9
1628.3868,4.388,371.1
1606.812,4.395,365.6
1610.3241,4.389,366.9
1593.3954,4.398,362.3
1609.5184,4.388,366.8
1582.749,4.41,358.9
1568.3832,4.392,357.1
1602.342,4.396,364.5
1587.8808,4.401,360.8
1561.1882,4.394,355.3
1565.4156,4.396,356.1
1567.587,4.391,357.0
1589.94,4.38,363.0
1623.3624,4.378,370.8
1608.5475,4.377,367.5
1615.959,4.39,368.1
1573.9065,4.405,357.3
1566.9238,4.399,356.2
1565.4518,4.406,355.3
1585.5576,4.408,359.7
1579.7964,4.403,358.8
1587.7158,4.414,359.7
1555.6931,4.381,355.1
1597.082,4.39,363.8
1591.7632,4.402,361.6
1598.625,4.375,365.4
1611.6996,4.382,367.8
1595.0,4.4,362.5
1560.3489,4.419,353.1
1588.5576,4.398,361.2
1559.6373,4.407,353.9
1583.9362,4.417,358.6
1569.6288,4.419,355.2
1567.6866,4.421,354.6
1559.0757,4.393,354.9
1569.792,4.38,358.4
1635.9123,4.387,372.9
1585.32,4.4,360.3
1578.0456,4.392,359.3
1581.0256,4.382,360.8
1583.56,4.4,359.9
1553.9082,4.407,352.6
1578.9627,4.397,359.1
1571.3428,4.388,358.1
1584.2391,4.397,360.3
1569.0336,4.384,357.9
1582.3128,4.388,360.6
1623.3435,4.365,371.9
1675.0601,4.361,384.1
1645.228,4.364,377.0
1629.5328,4.384,371.7
1566.791,4.39,356.9
1606.8078,4.383,366.6
1599.3567,4.383,364.9
1566.84,4.4,356.1
1568.4928,4.396,356.8
1584.6788,4.397,360.4
1628.3345,4.355,373.9
1622.5184,4.384,370.1
1634.4414,4.362,374.7
1635.1216,4.358,375.2
1642.113,4.365,376.2
1590.6455,4.405,361.1
1611.0132,4.373,368.4
1615.7454,4.393,367.8
1616.7662,4.391,368.2
1586.874,4.38,362.3
1572.7744,4.408,356.8
1563.8799,4.429,353.1
1565.85,4.38,357.5
1621.2408,4.377,370.4
1624.739,4.39,370.1
1595.2704,4.373,364.8
1611.4164,4.386,367.4
1617.5026,4.393,368.2
1597.563,4.401,363.0
1559.8506,4.389,355.4
1567.4848,4.408,355.6
1544.9746,4.418,349.7
1565.6359,4.409,355.1
1607.06,4.415,364.0
1596.2793,4.389,363.7
1609.295,4.385,367.0
1614.784,4.388,368.0
1607.1744,4.384,366.6
1601.0074,4.402,363.7
1569.061,4.405,356.2
1570.857,4.415,355.8
1596.5847,4.419,361.3
1558.3176,4.417,352.8
1578.7542,4.426,356.7
1576.9929,4.431,355.9
1574.7285,4.395,358.3
1617.6026,4.379,369.4
1581.6723,4.407,358.9
1580.3784,4.412,358.2
1603.3014,4.383,365.8
1594.3736,4.408,361.7
1548.782,4.415,350.8
1587.0778,4.411,359.8
1544.1224,4.408,350.3
1574.846,4.42,356.3
1560.7025,4.415,353.5
1584.626,4.414,359.0
1562.6459,4.423,353.3
1554.072,4.395,353.6
1626.4264,4.391,370.4
1608.7812,4.404,365.3
1575.4192,4.408,357.4
1582.8402,4.398,359.9
1576.869,4.417,357.0
1557.3383,4.423,352.1
1544.4586,4.414,349.9
1562.4685,4.415,353.9
1613.111,4.405,366.2
1594.1034,4.377,364.2
1632.5685,4.371,373.5
1646.1599,4.363,377.3
1644.9888,4.368,376.6
1634.4636,4.389,372.4
1613.4676,4.388,367.7
1587.2688,4.392,361.4
1610.0345,4.393,366.5
1591.7665,4.379,363.5
1591.92,4.4,361.8
1567.0074,4.398,356.3
1568.6205,4.405,356.1
1646.1599,4.363,377.3
1664.97,4.37,381.0
1669.1952,4.388,380.4
1633.2136,4.388,372.2
1625.7423,4.407,368.9
1594.275,4.398,362.5
1622.28,4.4,368.7
1583.808,4.38,361.6
1579.4127,4.413,357.9
1560.3253,4.399,354.7
1591.1964,4.398,361.8
1637.1152,4.382,373.6
1613.8353,4.389,367.7
1606.9594,4.393,365.8
1591.9056,4.383,363.2
1594.4044,4.402,362.2
1561.5825,4.425,352.9
1572.8256,4.428,355.2
1575.2023,4.421,356.3
1581.8338,4.421,357.8
1568.8381,4.423,354.7
1570.4325,4.425,354.9
1593.0705,4.385,363.3
1625.6178,4.377,371.4
1610.088,4.38,367.6
1601.2485,4.393,364.5
1598.6336,4.421,361.6
1545.1584,4.416,349.9
1589.2366,4.417,359.8
1607.06,4.415,364.0
1567.3995,4.409,355.5
1557.2592,4.414,352.8
1542.1125,4.425,348.5
1592.6104,4.408,361.3
1596.4989,4.409,362.1
1596.9138,4.398,363.1
1605.862,4.39,365.8
1599.741,4.407,363.0
1566.1702,4.438,352.9
1546.768,4.432,349.0
1572.1076,4.421,355.6
1575.8154,4.419,356.6
1560.0844,4.417,353.2
1570.5704,4.408,356.3
1581.6648,4.423,357.6
1572.12,4.4,357.3
1597.4555,4.385,364.3
1624.9707,4.393,369.9
1590.8472,4.408,360.9
1596.492,4.392,363.5
1605.258,4.404,364.5
1591.4888,4.411,360.8
1560.4344,4.423,352.8
1549.4836,4.417,350.8
1566.4341,4.389,356.9
1592.6708,4.396,362.3
1588.1964,4.397,361.2
1621.476,4.38,370.2
1667.82,4.389,380.0
1629.7632,4.353,374.4
1607.9688,4.379,367.2
1657.4789,4.393,377.3
1611.9383,4.403,366.1
1589.1029,4.391,361.9
1612.4528,4.396,366.8
1600.2195,4.395,364.1
1580.1188,4.388,360.1
1602.6408,4.392,364.9
1597.0944,4.378,364.8
1677.7584,4.376,383.4
1621.1734,4.378,370.3
1617.124,4.36,370.9
1634.3649,4.397,371.7
1576.3562,4.402,358.1
1581.5135,4.387,360.5
1616.8488,4.396,367.8
1565.6652,4.393,356.4
1570.4155,4.415,355.7
1592.1696,4.408,361.2
1562.7951,4.401,355.1
1576.1916,4.404,357.9
1598.8064,4.402,363.2
1606.6638,4.397,365.4
1622.105,4.39,369.5
1597.926,4.402,363.0
1603.7073,4.407,363.9
1581.3696,4.416,358.1
1579.0775,4.417,357.5
1561.4864,4.406,354.4
1579.6394,4.426,356.9
1578.2784,4.416,357.4
1553.4658,4.402,352.9
1628.4544,4.387,371.2
1614.203,4.39,367.7
1639.434,4.38,374.3
1643.6256,4.376,375.6
1608.6306,4.406,365.1
1552.0521,4.413,351.7
1555.3186,4.411,352.6
1572.3662,4.418,355.9
1580.8196,4.412,358.3
1571.8521,4.429,354.9
1576.3236,4.413,357.2
1548.2718,4.401,351.8
1591.6845,4.403,361.5
1601.8114,4.403,363.8
1584.684,4.38,361.8
1588.7925,4.395,361.5
1590.566,4.406,361.0
1539.952,4.415,348.8
1560.9504,4.432,352.2
1555.373,4.43,351.1
1572.878,4.412,356.5
1586.1956,4.411,359.6
1573.9725,4.425,355.7
1591.7826,4.429,359.4
1557.528,4.38,355.6
1612.886,4.39,367.4
1617.369,4.407,367.0
1591.7691,4.413,360.7
1607.3987,4.393,365.9
1592.4905,4.415,360.7
1597.926,4.402,363.0
1606.88,4.4,365.2
1566.9586,4.409,355.4
1598.2488,4.392,363.9
1579.32,4.387,360.0
1619.6557,4.381,369.7
1620.396,4.37,370.8
1633.1945,4.361,374.5
1628.3346,4.362,373.3
1637.1797,4.381,373.7
1625.2467,4.389,370.3
1607.8345,4.399,365.5
1610.763,4.389,367.0
1613.92,4.4,366.8
1594.275,4.398,362.5
1577.3184,4.401,358.4
1628.244,4.377,372.0
1647.7598,4.358,378.1
1619.625,4.375,370.2
1624.609,4.379,371.0
1605.4848,4.401,364.8
1619.6284,4.394,368.6
1609.4376,4.383,367.2
1569.7896,4.412,355.8
1564.68,4.42,354.0
1587.4147,4.423,358.9
1560.261,4.415,353.4
1632.5355,4.385,372.3
1602.9364,4.388,365.3
1605.5648,4.382,366.4
1636.351,4.387,373.0
1619.189,4.394,368.5
1566.378,4.395,356.4
1563.5904,4.402,355.2
1591.8496,4.412,360.8
1565.2911,4.413,354.7
1566.8585,4.405,355.7
1577.1411,4.419,356.9
1580.097,4.377,361.0
1643.6882,4.382,375.1
1622.0533,4.397,368.9
1614.6972,4.383,368.4
1607.3946,4.399,365.4
1563.1716,4.412,354.3
1587.159,4.41,359.9
1546.7004,4.428,349.3
1577.7047,4.433,355.9
1551.6172,4.403,352.4
1586.8629,4.419,359.1
1564.1472,4.416,354.2
1593.524,4.402,362.0
1589.5622,4.402,361.1
1589.5936,4.396,361.6
1638.2821,4.391,373.1
1591.288,4.408,361.0
1574.865,4.43,355.5
1553.6175,4.425,351.1
1562.2048,4.418,353.6
1541.882,4.418,349.0
1552.2309,4.411,351.9
1584.2115,4.419,358.5
1545.1733,4.411,350.3
1569.3966,4.401,356.6
1587.6809,4.409,360.1
1594.8245,4.385,363.7
1566.6264,4.392,356.7
1600.9308,4.403,363.6
1581.2022,4.418,357.9
1583.4668,4.412,358.9
1604.5668,4.413,363.6
1601.3118,4.398,364.1
1605.1951,4.399,364.9
1569.942,4.405,356.4
1655.7596,4.378,378.2
1634.318,4.364,374.5
1658.7564,4.364,380.1
1611.8597,4.367,369.1
1601.964,4.401,364.0
1618.1769,4.377,369.7
1630.9143,4.383,372.1
1621.8254,4.394,369.1
1618.9038,4.398,368.1
1610.4,4.4,366.0
1640.6208,4.368,375.6
1658.0355,4.369,379.5
1617.4038,4.369,370.2
1602.714,4.379,366.0
1599.5002,4.387,364.6
1596.837,4.399,363.0
1599.277,4.39,364.3
1605.7741,4.403,364.7
1569.2628,4.413,355.6
1599.5852,4.409,362.8
1568.658,4.394,357.0
1564.5555,4.401,355.5
1607.618,4.39,366.2
1611.28,4.4,366.2
1607.3252,4.394,365.8
1605.0447,4.401,364.7
1571.5362,4.407,356.6
1572.942,4.406,357.0
1567.1424,4.412,355.2
1592.1298,4.414,360.7
1574.7708,4.426,355.8
1556.9862,4.422,352.1
1578.5514,4.418,357.3
1636.5603,4.377,373.9
1585.9512,4.392,361.1
1584.2391,4.397,360.3
1577.7244,4.396,358.9
1581.8,4.4,359.5
1559.201,4.417,353.0
1555.9332,4.404,353.3
1565.537,4.405,355.4
1575.228,4.405,357.6
1566.7968,4.416,354.8
1543.3176,4.412,349.8
1536.5134,4.414,348.1
1586.3582,4.409,359.8
1619.3304,4.392,368.7
1607.5451,4.391,366.1
1575.6685,4.405,357.7
1586.9964,4.412,359.7
1576.2394,4.414,357.1
1588.84,4.4,361.1
1574.1457,4.423,355.9
1551.1598,4.418,351.1
1560.8767,4.423,352.9
1569.1869,4.419,355.1
1553.6932,4.429,350.8
1554.8736,4.416,352.1
1598.0264,4.412,362.2
1609.449,4.395,366.2
1618.942,4.385,369.2
1589.9656,4.408,360.7
1572.56,4.4,357.4
1548.0804,4.413,350.8
1595.052,4.376,364.5
1581.7194,4.401,359.4
1593.6021,4.401,362.1
1590.4863,4.407,360.9
1630.884,4.37,373.2
1646.2775,4.361,377.5
1644.5058,4.354,377.7
1600.0807,4.373,365.9
1625.5195,4.385,370.7
1608.6322,4.382,367.1
1607.691,4.395,365.8
1597.107,4.418,361.5
1590.676,4.376,363.5
1659.2489,4.363,380.3
1651.5107,4.361,378.7
1643.6875,4.375,375.7
1643.6875,4.375,375.7
1620.3951,4.383,369.7
1591.772,4.373,364.0
1611.134,4.396,366.5
1598.7492,4.397,363.6
1594.12,4.4,362.3
1578.8024,4.388,359.8
1585.221,4.367,363.0
1618.065,4.385,369.0
1614.2835,4.395,367.3
1619.172,4.388,369.0
1601.3118,4.398,364.1
1565.0112,4.406,355.2
1559.1096,4.408,353.7
1559.8105,4.405,354.1
1559.8854,4.399,354.6
1552.9338,4.398,353.1
1552.761,4.41,352.1
1563.76,4.4,355.4
1634.9688,4.388,372.6
1614.8366,4.381,368.6
1592.1935,4.385,363.1
1603.8843,4.393,365.1
1619.6456,4.406,367.6
1580.8196,4.412,358.3
1570.2522,4.422,355.1
1575.5586,4.422,356.3
1578.6358,4.417,357.4
1591.3128,4.424,359.7
1542.9812,4.406,350.2
1599.416,4.394,364.0
1587.3612,4.402,360.6
1576.2084,4.393,358.8
1612.1184,4.376,368.4
1626.2886,4.393,370.2
1582.6352,4.406,359.2
1540.2156,4.431,347.6
1560.5261,4.417,353.3
1562.7304,4.412,354.2
1548.612,4.412,351.0
1557.8772,4.412,353.1
1573.7771,4.417,356.3
1573.3747,4.379,359.3
1580.8016,4.396,359.6
1583.4392,4.396,360.2
1592.0423,4.387,362.9
1596.3544,4.388,363.8
1560.9678,4.417,353.4
1536.4552,4.424,347.3
1568.6595,4.435,353.7
1584.072,4.41,359.2
1602.594,4.41,363.4
1554.5838,4.389,354.2
1608.4908,4.402,365.4
1600.3699,4.393,364.3
1640.488,4.363,376.0
1661.6435,4.367,380.5
1643.4225,4.365,376.5
1629.3318,4.387,371.4
1597.143,4.395,363.4
1598.1053,4.411,362.3
1596.474,4.398,363.0
1609.209,4.41,364.9
1576.4056,4.396,358.6
1619.2417,4.387,369.1
1600.3064,4.382,365.2
1597.6772,4.382,364.6
1623.5204,4.369,371.6
1633.7528,4.373,373.6
1666.9705,4.381,380.5
1596.3402,4.394,363.3
1599.8697,4.411,362.7
1603.667,4.39,365.3
1568.9043,4.391,357.3
1606.301,4.39,365.9
1601.236,4.399,364.0
1621.2717,4.383,369.9
1588.7848,4.372,363.4
1619.4222,4.378,369.9
1613.7308,4.378,368.6
1579.3561,4.403,358.7
1562.5568,4.424,353.2
1580.544,4.41,358.4
1567.9535,4.423,354.5
1571.2128,4.416,355.8
1565.1225,4.425,353.7
1578.339,4.41,357.9
1590.878,4.385,362.8
1576.2888,4.392,358.9
1591.7375,4.391,362.5
1612.278,4.38,368.1
1593.4338,4.386,363.3
1597.7712,4.404,362.8
1560.8502,4.398,354.9
1558.494,4.41,353.4
1558.5815,4.409,353.5
1574.0725,4.403,357.5
1557.7814,4.403,353.8
1562.3384,4.396,355.4
1598.96,4.4,363.4
1608.19,4.406,365.0
1601.0368,4.384,365.2
1592.4188,4.382,363.4
1582.0605,4.413,358.5
1568.9288,4.427,354.4
1579.3038,4.409,358.2
1584.3492,4.412,359.1
1557.083,4.411,353.0
1556.9862,4.422,352.1
1571.3175,4.425,355.1
1585.5088,4.414,359.2
1601.193,4.411,363.0
1580.8196,4.412,358.3
1585.8232,4.388,361.4
1643.2416,4.389,374.4
1581.0948,4.414,358.2
1549.1925,4.425,350.1
1537.4183,4.409,348.7
1569.7154,4.418,355.3
1540.0886,4.423,348.2
1553.4486,4.422,351.3
1568.6,4.4,356.5
1590.7824,4.392,362.2
1614.8124,4.362,370.2
1602.5625,4.375,366.3
1628.8272,4.368,372.9
1649.196,4.392,375.5
1591.2081,4.409,360.9
1597.0968,4.407,362.4
1588.1572,4.414,359.8
1608.7812,4.404,365.3
1599.8374,4.417,362.2
1605.3447,4.397,365.1
1596.8024,4.376,364.9
1632.942,4.372,373.5
1635.3792,4.368,374.4
1657.8836,4.364,379.9
1631.7909,4.383,372.3
1613.2415,4.385,367.9
1572.3519,4.413,356.3
1627.608,4.38,371.6
1597.8198,4.386,364.3
1610.1072,4.392,366.6
1597.6156,4.406,362.6
1582.3586,4.393,360.2
1605.3496,4.391,365.6
1622.1744,4.389,369.6
1609.0828,4.394,366.2
1603.6672,4.384,365.8
1561.4001,4.407,354.3
1618.8375,4.405,367.5
1571.5544,4.412,356.2
1552.314,4.395,353.2
1580.4322,4.406,358.7
1577.2366,4.402,358.3
1582.7976,4.404,359.4
1593.7038,4.394,362.7
1614.7131,4.389,367.9
1627.373,4.39,370.7
1618.239,4.395,368.2
1586.3586,4.398,360.7
1558.0535,4.415,352.9
1574.6742,4.422,356.1
1574.389,4.415,356.6
1587.3874,4.418,359.3
1567.0074,4.398,356.3
1574.6605,4.417,356.5
1569.2292,4.403,356.4
1628.37,4.401,370.0
1612.23,4.405,366.0
1586.4808,4.402,360.4
1596.5785,4.385,364.1
1606.0749,4.399,365.1
1557.952,4.426,352.0
1582.802,4.42,358.1
1557.4276,4.402,353.8
1575.8154,4.419,356.6
1576.0704,4.416,356.9
1539.2101,4.399,349.9
1557.789,4.413,353.0
1620.0254,4.382,369.7
1610.691,4.39,366.9
1564.5364,4.396,355.9
1580.92,4.4,359.3
1631.628,4.392,371.5
1571.704,4.405,356.8
1544.4184,4.424,349.1
1545.5592,4.426,349.2
1575.017,4.418,356.5
1586.8412,4.403,360.4
1605.6954,4.374,367.1
1711.2588,4.317,396.4
1650.7152,4.336,380.7
1667.0232,4.348,383.4
1647.2886,4.351,378.6
1629.2276,4.382,371.8
1650.883,4.379,377.0
1602.04,4.4,364.1
1601.6937,4.387,365.1
1608.8267,4.373,367.9
1632.5068,4.358,374.6
1601.8299,4.373,366.3
1641.375,4.377,375.0
1613.3823,4.383,368.1
1608.706,4.405,365.2
1612.596,4.406,366.0
1601.581,4.406,363.5
1596.2793,4.389,363.7
1602.7175,4.385,365.5
1549.68,4.4,352.2
1635.6849,4.377,373.7
1621.1121,4.359,371.9
1588.0172,4.388,361.9
1593.6021,4.401,362.1
1574.8948,4.409,357.2
1592.1248,4.403,361.6
1553.7312,4.404,352.8
1556.1117,4.407,353.1
1557.5183,4.421,352.3
1556.1124,4.412,352.7
1572.0096,4.396,357.6
1608.7129,4.387,366.7
1611.207,4.395,366.6
1602.9364,4.388,365.3
1637.1797,4.381,373.7
1606.9594,4.393,365.8
1578.339,4.41,357.9
1556.4537,4.423,351.9
1552.4976,4.408,352.2
1565.9775,4.405,355.5
1560.9492,4.402,354.6
1568.39,4.418,355.0
1561.132,4.405,354.4
1614.2589,4.383,368.3
1600.155,4.39,364.5
1586.6625,4.377,362.5
1564.64,4.4,355.6
1565.559,4.415,354.6
1584.88,4.4,360.2
1574.0324,4.414,356.6
1547.028,4.41,350.8
1551.3526,4.406,352.1
1568.658,4.42,354.9
1562.028,4.42,353.4
1554.6999,4.413,352.3
1594.5314,4.406,361.9
1590.6455,4.405,361.1
1623.8336,4.384,370.4
1617.188,4.385,368.8
1580.3186,4.418,357.7
1557.4186,4.427,351.8
1587.8421,4.407,360.3
1563.8445,4.399,355.5
1570.868,4.42,355.4
1561.9354,4.426,352.9
1575.2023,4.421,356.3
1547.392,4.396,352.0
1598.0427,4.377,365.1
1647.0651,4.377,376.3
1639.9992,4.371,375.2
1659.46,4.367,380.0
1594.5411,4.377,364.3
1588.4,4.4,361.0
1596.0654,4.386,363.9
1598.2584,4.386,364.4
1607.0304,4.386,366.4
1602.92,4.4,364.3
1613.6925,4.391,367.5
1643.6256,4.376,375.6
1642.8048,4.368,376.1
1628.2084,4.364,373.1
1621.6416,4.384,369.9
1587.474,4.395,361.2
1596.7269,4.383,364.3
1623.666,4.38,370.7
1618.154,4.39,368.6
1585.8804,4.404,360.1
1598.262,4.38,364.9
1677.7791,4.359,384.9
1655.9578,4.382,377.9
1606.003,4.382,366.5
1608.4896,4.384,366.9
1611.134,4.396,366.5
1597.4858,4.402,362.9
1555.9361,4.409,352.9
1567.774,4.42,354.7
1558.495,4.415,353.0
1561.9149,4.401,354.9
1574.013,4.409,357.0
1590.7053,4.393,362.1
1583.5512,4.389,360.8
1597.0668,4.396,363.3
1634.5005,4.395,371.9
1606.5936,4.392,365.8
1568.9565,4.401,356.5
1561.2318,4.414,353.7
1594.8171,4.419,360.9
1570.9068,4.404,356.7
1555.9299,4.419,352.1
1563.1763,4.417,353.9
1578.4422,4.398,358.9
1632.295,4.382,372.5
1614.36,4.4,366.9
1591.4084,4.412,360.7
1586.3208,4.404,360.2
1608.555,4.407,365.0
1610.2272,4.414,364.8
1558.8372,4.426,352.2
1549.635,4.425,350.2
1587.4698,4.417,359.4
1543.8624,4.406,350.4
1561.6678,4.409,354.2
1574.0666,4.429,355.4
1571.2635,4.405,356.7
1611.1908,4.383,367.6
1626.5634,4.389,370.6
1561.8408,4.407,354.4
1597.0912,4.384,364.3
1592.3856,4.394,362.4
1568.637,4.41,355.7
1540.8792,4.424,348.3
1550.367,4.417,351.0
1577.038,4.415,357.2
1549.3226,4.409,351.4
1598.8742,4.418,361.9
1555.5799,4.403,353.3
1619.2598,4.393,368.6
1624.2808,4.364,372.2
1636.482,4.385,373.2
1636.3256,4.394,372.4
1619.2781,4.411,367.1
1618.7644,4.406,367.4
1607.5788,4.414,364.2
1587.0006,4.401,360.6
1574.7044,4.406,357.4
1583.6765,4.393,360.5
1608.561,4.383,367.0
1652.1788,4.372,377.9
1630.6082,4.381,372.2
1643.25,4.375,375.6
1650.5229,4.363,378.3
1628.9928,4.392,370.9
1591.8417,4.401,361.7
1584.8382,4.406,359.7
1591.92,4.4,361.8
1601.9024,4.396,364.4
1586.921,4.402,360.5
1597.4569,4.373,365.3
1647.1938,4.382,375.9
1605.054,4.395,365.2
1592.0423,4.387,362.9
1614.7131,4.389,367.9
1580.92,4.4,359.3
1584.88,4.4,360.2
1547.808,4.416,350.5
1551.9624,4.414,351.6
1562.463,4.41,354.3
1570.1296,4.408,356.2
1601.9972,4.412,363.1
1573.5223,4.399,357.7
1575.916,4.402,358.0
1594.8446,4.402,362.3
1581.0407,4.393,359.9
1580.318,4.402,359.0
1549.8344,4.418,350.8
1563.972,4.418,354.0
1577.4128,4.421,356.8
1574.6778,4.401,357.8
1604.9304,4.414,363.6
1570.7169,4.401,356.9
1580.6534,4.414,358.1
1586.4009,4.403,360.3
1594.3721,4.391,363.1
1599.2224,4.408,362.8
1622.0652,4.403,368.4
1603.056,4.404,364.0
1591.4016,4.401,361.6
1562.2892,4.412,354.1
1553.115,4.406,352.5
1589.3495,4.421,359.5
1550.548,4.415,351.2
1561.144,4.415,353.6
1554.2586,4.413,352.2
1602.5711,4.387,365.3
1575.8034,4.398,358.3
1582.3586,4.393,360.2
1598.0418,4.383,364.6
1604.1004,4.396,364.9
1577.6475,4.413,357.5
1562.6466,4.418,353.7
1554.8775,4.411,352.5
1549.5426,4.426,350.1
1538.4411,4.417,348.3
1550.4665,4.411,351.5
1593.333,4.41,361.3
1616.796,4.365,370.4
1678.5222,4.386,382.7
1639.5336,4.392,373.3
1649.5693,4.379,376.7
1597.5064,4.396,363.4
1624.564,4.405,368.8
1595.5944,4.398,362.8
1607.3252,4.394,365.8
1587.6302,4.393,361.4
1573.6536,4.392,358.3
1604.6163,4.383,366.1
1652.531,4.366,378.5
1639.0004,4.373,374.8
1633.7532,4.359,374.8
1611.0132,4.373,368.4
1601.6,4.4,364.0
1605.6225,4.405,364.5
1604.8368,4.392,365.4
1608.057,4.39,366.3
1593.4457,4.403,361.9
1588.363,4.406,360.5
1612.9936,4.376,368.6
1603.156,4.385,365.6
1600.2294,4.389,364.6
1610.3259,4.401,365.9
1629.36,4.38,372.0
1592.5934,4.397,362.2
1575.145,4.406,357.5
1549.4836,4.417,350.8
1563.2488,4.406,354.8
1557.3464,4.408,353.3
1582.002,4.419,358.0
1622.3564,4.423,366.8
1588.7012,4.379,362.8
1625.04,4.392,370.0
1603.445,4.393,365.0
1613.6925,4.391,367.5
1616.4873,4.401,367.3
1604.799,4.41,363.9
1566.448,4.42,354.4
1578.6358,4.417,357.4
1575.3,4.425,356.0
1591.256,4.43,359.2
1582.5996,4.401,359.6
1536.5134,4.414,348.1
1599.2022,4.391,364.2
1620.349,4.39,369.1
1613.4066,4.401,366.6
1570.5258,4.398,357.1
1637.51,4.396,372.5
1585.7545,4.411,359.5
1558.9365,4.415,353.1
1562.7346,4.417,353.8
1568.9184,4.417,355.2
1547.2751,4.417,350.3
1543.022,4.42,349.1
1545.6248,4.406,350.8
1606.9273,4.411,364.3
1627.4685,4.395,370.3
1605.9351,4.389,365.9
1606.374,4.389,366.0
1596.0342,4.398,362.9
1573.4037,4.411,356.7
1559.1776,4.432,351.8
1557.9652,4.411,353.2
1615.4334,4.421,365.4
1586.277,4.41,359.7
1585.6004,4.402,360.2
1598.592,4.416,362.0
1616.5968,4.368,370.1
1666.59,4.38,380.5
1652.6346,4.379,377.4
1647.5072,4.384,375.8
1627.3992,4.396,370.2
1595.3084,4.396,362.9
1584.5198,4.399,360.2
1597.8487,4.403,362.9
1610.6077,4.409,365.3
1579.6809,4.399,359.1
1646.1485,4.405,373.7
1606.6193,4.367,367.9
1624.9607,4.367,372.1
1635.492,4.38,373.4
1633.2136,4.388,372.2
1627.236,4.392,370.5
1618.0128,4.392,368.4
1619.0468,4.396,368.3
1636.698,4.395,372.4
1615.6071,4.401,367.1
1594.1034,4.377,364.2
1605.24,4.41,364.0
1583.64,4.399,360.0
1598.9872,4.388,364.4
1595.8245,4.395,363.1
1581.081,4.398,359.5
1590.4064,4.408,360.8
1567.5836,4.412,355.3
1557.3464,4.408,353.3
1573.52,4.42,356.0
1573.6168,4.424,355.7
1558.3128,4.422,352.4
1573.53,4.425,355.6
1585.229,4.39,361.1
1637.577,4.395,372.6
1612.2335,4.399,366.5
1608.5655,4.401,365.5
1624.0921,4.393,369.7
1587.9224,4.406,360.4
1552.2338,4.406,352.3
1588.9632,4.404,360.8
1592.5934,4.397,362.2
1595.9315,4.405,362.3
1549.7635,4.409,351.5
1540.7424,4.416,348.9
1591.5265,4.405,361.3
1611.2736,4.388,367.2
1564.3992,4.408,354.9
1605.933,4.395,365.4
1594.7496,4.386,363.6
1586.4009,4.403,360.3
1538.9202,4.426,347.7
1602.7234,4.414,363.1
1549.5605,4.421,350.5
1562.3814,4.421,353.4
1556.1992,4.406,353.2
1595.097,4.41,361.7
1563.8802,4.414,354.3
1557.9424,4.396,354.4
1609.5952,4.393,366.4
1618.9163,4.379,369.7
1593.592,4.378,364.0
1583.4392,4.396,360.2
1576.512,4.416,357.0
1605.3718,4.414,363.7
1577.2062,4.413,357.4
1578.339,4.41,357.9
1603.917,4.41,363.7
1605.3169,4.409,364.1
1605.4094,4.402,364.7
1604.2502,4.382,366.1
1646.128,4.378,376.0
1637.1152,4.382,373.6
1641.1186,4.367,375.8
1617.9954,4.386,368.9
1593.2096,4.406,361.6
1581.3088,4.384,360.7
1628.8256,4.388,371.2
1643.73,4.395,374.0
1622.5848,4.408,368.1
1587.7856,4.391,361.6
1632.8142,4.374,373.3
1644.5008,4.376,375.8
1622.4048,4.392,369.4
1629.1611,4.383,371.7
1624.04,4.4,369.1
1607.1035,4.397,365.5
1610.4739,4.399,366.1
1593.207,4.389,363.0
1576.5672,4.394,358.8
1553.4675,4.407,352.5
1622.7314,4.418,367.3
1573.2498,4.418,356.1
1570.9656,4.398,357.2
1581.278,4.39,360.2
1573.052,4.394,358.0
1589.6412,4.401,361.2
1566.3461,4.411,355.1
1544.9539,4.423,349.3
1548.5217,4.413,350.9
1567.9702,4.397,356.6
1590.2016,4.416,360.1
1560.6052,4.406,354.2
1549.504,4.402,352.0
1572.2494,4.409,356.6
1623.3144,4.404,368.6
1603.035,4.41,363.5
1606.8504,4.412,364.2
1614.0994,4.379,368.6
1620.0132,4.407,367.6
1600.9578,4.414,362.7
1576.8852,4.422,356.6
1563.6192,4.422,353.6
1602.735,4.425,362.2
1550.3826,4.407,351.8
1568.928,4.432,354.0
1563.177,4.422,353.5
1612.5264,4.401,366.4
1586.6688,4.416,359.3
1611.0608,4.397,366.4
1595.038,4.388,363.5
1622.5055,4.403,368.5
1586.5864,4.417,359.2
1553.3688,4.418,351.6
1564.1484,4.426,353.4
1557.5183,4.421,352.3
1550.912,4.406,352.0
1569.7532,4.402,356.6
1589.76,4.416,360.0
1599.1128,4.398,363.6
1591.6608,4.392,362.4
1583.0085,4.379,361.5
1567.5836,4.412,355.3
1557.1575,4.425,351.9
1563.3515,4.415,354.1
1584.5435,4.415,358.9
1607.004,4.41,364.4
1593.0838,4.402,361.9
1604.1645,4.401,364.5
1596.3626,4.382,364.3
1648.458,4.361,378.0
1633.943,4.37,373.9
1669.6114,4.373,381.8
1635.6208,4.378,373.6
1623.3952,4.384,370.3
1584.9944,4.393,360.8
1583.958,4.395,360.4
1579.0432,4.396,359.2
1599.1356,4.386,364.6
1636.9648,4.391,372.8
1619.4992,4.408,367.4
1607.827,4.381,367.0
1667.1564,4.362,382.2
1641.0625,4.375,375.1
1626.012,4.371,372.0
1625.9468,4.372,371.9
1594.2197,4.393,362.9
1631.4507,4.401,370.7
1581.9979,4.403,359.3
1589.432,4.42,359.6
1574.727,4.411,357.0
1601.6341,4.411,363.1
1549.0605,4.407,351.5
1614.2835,4.395,367.3
1621.0656,4.386,369.6
1616.3576,4.378,369.2
1593.584,4.384,363.5
1656.036,4.395,376.8
1587.52,4.4,360.8
1554.5215,4.415,352.1
1562.904,4.41,354.4
1578.2558,4.411,357.8
1556.4605,4.403,353.5
1586.5552,4.412,359.6
1589.2833,4.411,360.3
1593.207,4.389,363.0
1624.7104,4.384,370.6
1630.4764,4.396,370.9
1616.992,4.394,368.0
1641.2492,4.379,374.8
1561.763,4.418,353.5
1563.084,4.428,353.0
1562.463,4.41,354.3
1587.1636,4.426,358.6
1572.5215,4.411,356.5
1595.0592,4.416,361.2
1586.1096,4.428,358.2
1576.5178,4.378,360.1
1606.8051,4.401,365.1
1589.6049,4.407,360.7
1612.6703,4.393,367.1
1616.7662,4.391,368.2
1593.8076,4.404,361.9
1572.9626,4.411,356.6
1565.0228,4.411,354.8
1576.7649,4.413,357.3
1569.7154,4.418,355.3
1573.164,4.419,356.0
1554.693,4.398,353.5
1602.8259,4.407,363.7
1608.5655,4.401,365.5
1588.8704,4.394,361.6
1600.2948,4.394,364.2
1637.916,4.403,372.0
1617.6563,4.397,367.9
1571.1796,4.406,356.6
1579.9095,4.407,358.5
1585.1004,4.386,361.4
1616.837,4.39,368.3
1589.3874,4.393,361.8
1597.2948,4.393,363.6
1630.1898,4.374,372.7
1607.0076,4.374,367.4
1655.2977,4.371,378.7
1646.179,4.37,376.7
1647.256,4.381,376.0
1601.5038,4.407,363.4
1600.5672,4.402,363.6
1576.9074,4.406,357.9
1566.7605,4.385,357.3
1589.4036,4.404,360.9
1616.932,4.376,369.5
1634.754,4.371,374.0
1631.448,4.368,373.5
1653.1328,4.378,377.6
1600.0502,4.403,363.4
1583.3018,4.414,358.7
1575.3357,4.409,357.3
1590.4064,4.408,360.8
1555.2189,4.397,353.7
1550.9076,4.411,351.6
1572.2547,4.393,357.9
1591.2984,4.391,362.4
1621.2566,4.402,368.3
1611.497,4.391,367.0
1599.5852,4.409,362.8
1570.875,4.425,355.0
1598.8596,4.407,362.8
1578.5048,4.408,358.1
1580.7366,4.413,358.2
1563.6036,4.407,354.8
1590.1655,4.411,360.5
1595.7368,4.424,360.7
1580.3502,4.407,358.6
1595.038,4.388,363.5
1599.416,4.394,364.0
1594.3522,4.397,362.6
1613.5515,4.405,366.3
1617.516,4.405,367.2
1570.426,4.42,355.3
1539.486,4.42,348.3
1548.509,4.418,350.5
1565.472,4.416,354.5
1580.439,4.427,357.0
1547.2751,4.417,350.3
1571.452,4.408,356.5
1602.4918,4.394,364.7
1580.7088,4.408,358.6
1575.966,4.396,358.5
1587.4464,4.384,362.1
1573.3476,4.422,355.8
1562.47,4.42,353.5
1554.6134,4.409,352.6
1597.347,4.415,361.8
1559.9955,4.413,353.5
1564.1498,4.421,353.8
1571.0544,4.428,354.8
1580.592,4.42,357.6
1601.982,4.377,366.0
1601.2175,4.405,363.5
1607.3088,4.406,364.8
1603.9368,4.404,364.2
1628.6219,4.391,370.9
1589.483,4.403,361.0
1598.5484,4.388,364.3
1621.1124,4.404,368.1
1580.442,4.395,359.6
1601.5482,4.383,365.4
1614.4434,4.374,369.1
1630.1376,4.368,373.2
1660.9941,4.363,380.7
1669.2838,4.363,382.6
1646.689,4.39,375.1
1596.2154,4.407,362.2
1622.5055,4.403,368.5
1592.1,4.392,362.5
1613.8434,4.407,366.2
1611.4272,4.398,366.4
1597.4458,4.391,363.8
1642.7887,4.361,376.7
1631.076,4.36,374.1
1673.2159,4.379,382.1
1662.12,4.374,380.0
1598.8064,4.402,363.2
1585.1979,4.407,359.7
1575.9856,4.417,356.8
1580.7088,4.408,358.6
1579.9212,4.433,356.4
1564.668,4.41,354.8
1593.8535,4.409,361.5
1617.5736,4.392,368.3
1604.7552,4.399,364.8
1596.6054,4.402,362.7
1596.5834,4.379,364.6
1611.855,4.386,367.5
1586.16,4.406,360.0
1594.2565,4.415,361.1
1565.9182,4.421,354.2
1565.2911,4.413,354.7
1586.3916,4.414,359.4
1564.054,4.412,354.5
1539.6032,4.414,348.8
1583.12,4.4,359.8
1610.8348,4.388,367.1
1596.643,4.39,363.7
1586.1555,4.395,360.9
1604.3328,4.416,363.3
1593.0512,4.408,361.4
1573.7771,4.417,356.3
1585.9502,4.414,359.3
1566.3614,4.426,353.9
1573.0004,4.426,355.4
1582.419,4.414,358.5
1592.0899,4.409,361.1
1579.2455,4.415,357.7
1591.8417,4.401,361.7
1621.5264,4.392,369.2
1611.1992,4.407,365.6
1577.498,4.42,356.9
1551.1284,4.428,350.3
1569.974,4.415,355.6
1597.0266,4.419,361.4
1553.188,4.42,351.4
1564.0528,4.432,352.9
1579.2084,4.431,356.4
1562.3676,4.406,354.6
1583.4668,4.412,358.9
1607.7494,4.406,364.9
1595.4587,4.411,361.7
1597.4858,4.402,362.9
1643.6882,4.382,375.1
1635.2973,4.383,373.1
1611.4236,4.404,365.9
1587.5784,4.388,361.8
1588.6024,4.403,360.8
1608.496,4.39,366.4
1609.8152,4.396,366.2
1595.5173,4.399,362.7
1624.9129,4.381,370.9
1661.9744,4.384,379.1
1634.8798,4.369,374.2
1600.2948,4.394,364.2
1596.0342,4.398,362.9
1591.2984,4.391,362.4
1584.9597,4.399,360.3
1594.3736,4.408,361.7
1590.4452,4.413,360.4
1601.7516,4.398,364.2
1636.1088,4.384,373.2
1643.2905,4.395,373.9
1639.3702,4.381,374.2
1621.5963,4.391,369.3
1597.8698,4.397,363.4
1551.2504,4.417,351.2
1582.6944,4.416,358.4
1578.9087,4.419,357.3
1561.763,4.418,353.5
1570.5867,4.413,355.9
1590.48,4.418,360.0
1604.2494,4.394,365.1
1612.2936,4.386,367.6
1612.716,4.38,368.2
1603.4485,4.387,365.5
1616.836,4.42,365.8
1594.0908,4.406,361.8
1594.4526,4.407,361.8
1589.844,4.404,361.0
1571.9342,4.423,355.4
1567.599,4.422,354.5
1590.84,4.419,360.0
1590.0456,4.407,360.8
1602.5557,4.399,364.3
1591.869,4.395,362.2
1634.7366,4.398,371.7
1638.875,4.375,374.6
1628.2784,4.396,370.4
1556.1816,4.426,351.6
1571.4092,4.429,354.8
1613.8434,4.407,366.2
1570.7571,4.411,356.1
1576.9677,4.389,359.3
1592.1298,4.414,360.7
1572.285,4.398,357.5
1586.5552,4.412,359.6
1577.2848,4.396,358.8
1595.4204,4.417,361.2
1572.7082,4.414,356.3
1592.13,4.38,363.5
1606.007,4.394,365.5
1625.2893,4.401,369.3
1673.2159,4.379,382.1
1605.9213,4.377,366.9
1643.6882,4.382,375.1
1615.1816,4.376,369.1
1659.9296,4.396,377.6
1624.5061,4.387,370.3
1650.8894,4.393,375.8
1623.3724,4.397,369.2
1583.4392,4.396,360.2
1583.2372,4.393,360.4
1570.9904,4.403,356.8
1655.847,4.398,376.5
1587.6,4.41,360.0
1607.106,4.391,366.0
1629.936,4.41,369.6
1617.096,4.38,369.2
1599.4286,4.411,362.6
1644.852,4.398,374.0
1624.322,4.396,369.5
1565.2044,4.414,354.6
1566.6264,4.392,356.7
1617.5054,4.417,366.2
1569.7532,4.402,356.6
1613.111,4.405,366.2
1594.0144,4.418,360.8
1572.56,4.4,357.4
1583.853,4.418,358.5
1575.73,4.42,356.5
1613.3964,4.389,367.6
1595.8204,4.412,361.7
1666.5324,4.381,380.4
1624.98,4.38,371.0
1654.6842,4.374,378.3
1616.481,4.395,367.8
1626.9696,4.383,371.2
1653.8958,4.401,375.8
1621.6844,4.396,368.9
1645.4011,4.403,373.7
1652.6906,4.406,375.1
1629.5972,4.396,370.7
1618.9831,4.403,367.7
1624.4253,4.413,368.1
1620.08,4.4,368.2
1583.9901,4.389,360.9
1654.518,4.405,375.6
1614.5707,4.391,367.7
1589.9552,4.397,361.6
1647.844,4.406,374.0
1589.9811,4.391,362.1
1644.93,4.41,373.0
1632.2348,4.396,371.3
1579.3506,4.419,357.4
1579.551,4.406,358.5
1596.372,4.405,362.4
1596.8256,4.416,361.6
1594.3736,4.408,361.7
1584.9285,4.421,358.5
1598.2332,4.398,363.4
1628.8101,4.401,370.1
1586.3916,4.414,359.4
1603.6304,4.408,363.8
1614.5655,4.415,365.7
1640.9167,4.391,373.7
1620.648,4.392,369.0
1657.7864,4.388,377.8
1631.5663,4.373,373.1
1657.746,4.374,379.0
1624.0,4.375,371.2
1655.399,4.405,375.8
1611.7838,4.387,367.4
1634.568,4.394,372.0
1625.0045,4.405,368.9
1621.2448,4.396,368.8
1628.1062,4.417,368.6
1621.2566,4.402,368.3
1640.544,4.416,371.5
1595.6268,4.386,363.8
1631.259,4.41,369.9
1600.0056,4.392,364.3
1644.5184,4.416,372.4
1602.4239,4.389,365.1
1627.8122,4.421,368.2
1628.319,4.389,371.0
1625.8977,4.417,368.1
1584.739,4.385,361.4
1600.5951,4.413,362.7
1584.985,4.415,359.0
1618.3134,4.418,366.3
1587.0795,4.427,358.5
1584.919,4.405,359.8
1621.6295,4.415,367.3
1586.751,4.415,359.4
1575.2236,4.436,355.1
1595.538,4.41,361.8
1629.0275,4.385,371.5
1620.1384,4.393,368.8
1652.5208,4.388,376.6
1671.4185,4.395,380.3
1672.7631,4.387,381.3
1660.554,4.393,378.0
1624.7616,4.396,369.6
1601.0985,4.395,364.3
1627.1901,4.399,369.9
1648.7452,4.399,374.8
1632.1664,4.397,371.2
1613.3,4.42,365.0
1601.193,4.411,363.0
1581.36,4.4,359.4
1655.0072,4.411,375.2
1583.2372,4.393,360.4
1620.7386,4.421,366.6
1655.0072,4.411,375.2
1598.184,4.41,362.4
1628.1505,4.385,371.3
1622.8069,4.411,367.9
1603.4172,4.422,362.6
1589.122,4.402,361.0
1633.18,4.414,370.0
1587.3561,4.413,359.7
1639.9815,4.405,372.3
