1807.8786,4.454,405.9
1841.5998,4.458,413.1
1825.39,4.45,410.2
1842.6576,4.438,415.2
1923.174,4.415,435.6
1869.12,4.425,422.4
1802.1696,4.452,404.8
1826.6556,4.452,410.3
1811.1879,4.449,407.1
1607.4138,4.542,353.9
1612.0116,4.546,354.6
1635.6395,4.565,358.3
1581.474,4.58,345.3
1555.9442,4.579,339.8
1551.84,4.575,339.2
1623.1464,4.539,357.6
1676.0169,4.531,369.9
1585.333,4.57,346.9
1556.4435,4.555,341.7
1586.3568,4.569,347.2
1619.4574,4.558,355.3
1650.4896,4.512,365.8
1663.244,4.532,367.0
1633.318,4.57,357.4
1759.0095,4.493,391.5
1724.0635,4.505,382.7
1620.7387,4.531,357.7
1645.353,4.514,364.5
1636.5525,4.565,358.5
1623.61,4.58,354.5
1577.685,4.573,345.0
1604.8071,4.563,351.7
1660.7325,4.519,367.5
1663.3814,4.546,365.9
1591.9904,4.576,347.9
1611.4863,4.569,352.7
1603.8081,4.581,350.1
1664.5552,4.543,366.4
1687.3418,4.553,370.6
1593.9674,4.583,347.8
1583.6299,4.573,346.3
1583.764,4.58,345.8
1571.5125,4.575,343.5
1608.522,4.54,354.3
1623.3624,4.532,358.2
1608.0174,4.554,353.1
1555.404,4.568,340.5
1574.489,4.585,343.4
1546.1496,4.569,338.4
1607.3596,4.538,354.2
1658.475,4.55,364.5
1591.3329,4.561,348.9
1540.8335,4.579,336.5
1567.7376,4.576,342.6
1555.5113,4.571,340.3
1598.622,4.548,351.5
1632.13,4.54,359.5
1578.244,4.568,345.5
1570.1385,4.571,343.5
1566.596,4.57,342.8
1610.6564,4.594,350.6
1616.1584,4.568,353.8
1632.96,4.536,360.0
1596.348,4.548,351.0
1567.6024,4.589,341.6
1571.7411,4.581,343.1
1595.7361,4.571,349.1
1619.6111,4.561,355.1
1666.0208,4.547,366.4
1616.4516,4.574,353.4
1567.0494,4.578,342.3
1544.3021,4.573,337.7
1550.4289,4.583,338.3
1558.3788,4.554,342.2
1617.525,4.55,355.5
1611.762,4.553,354.0
1563.5032,4.577,341.6
1589.5076,4.586,346.6
1555.671,4.589,339.0
1529.386,4.579,334.0
1618.8984,4.536,356.9
1620.6164,4.537,357.2
1563.9435,4.585,341.1
1609.686,4.586,351.0
1572.7624,4.568,344.3
1607.655,4.575,351.4
1644.7536,4.536,362.6
1640.8567,4.529,362.3
1579.4357,4.553,346.9
1608.706,4.565,352.4
1587.5512,4.583,346.4
1603.528,4.54,353.2
1666.7255,4.523,368.5
1642.4559,4.551,360.9
1609.9425,4.575,351.9
1617.5118,4.577,353.4
1578.7008,4.568,345.6
1670.9157,4.527,369.1
1695.658,4.546,373.0
1558.4937,4.561,341.7
1597.914,4.572,349.5
1604.527,4.57,351.1
1646.1066,4.546,362.1
1661.4675,4.521,367.5
1651.3497,4.563,361.9
1601.016,4.56,351.1
1593.7299,4.581,347.9
1558.984,4.592,339.5
1603.0486,4.558,351.7
1678.9761,4.539,369.9
1621.0256,4.574,354.4
1555.826,4.58,339.7
1564.7654,4.574,342.1
1594.884,4.583,348.0
1604.3508,4.563,351.6
1645.0572,4.562,360.6
1623.402,4.555,356.4
1535.7056,4.576,335.6
1583.8356,4.567,346.8
1557.3397,4.571,340.7
1578.726,4.58,344.7
1661.2992,4.554,364.8
1656.1078,4.546,364.3
1576.5284,4.567,345.2
1569.2192,4.583,342.4
1535.7616,4.568,336.2
1551.3825,4.575,339.1
1646.9288,4.532,363.4
1639.662,4.542,361.0
1554.0535,4.591,338.5
1546.8578,4.586,337.3
1565.4496,4.576,342.1
1561.7688,4.584,340.7
1643.5195,4.559,360.5
1655.4708,4.553,363.6
1588.9261,4.583,346.7
1551.4842,4.578,338.9
1556.3868,4.583,339.6
1538.208,4.578,336.0
1612.5183,4.559,353.7
1671.215,4.55,367.3
1617.5118,4.577,353.4
1512.6636,4.588,329.7
1554.8732,4.588,338.9
1566.7101,4.569,342.9
1621.1328,4.564,355.2
1638.3112,4.561,359.2
1599.2214,4.551,351.4
1550.8064,4.576,338.9
1543.4328,4.584,336.7
1528.2603,4.577,333.9
1574.6913,4.563,345.1
1648.1109,4.539,363.1
1673.945,4.55,367.9
1586.137,4.571,347.0
1576.2816,4.561,345.6
1591.1428,4.567,348.4
1672.9044,4.541,368.4
1692.462,4.535,373.2
1637.922,4.565,358.8
1548.12,4.56,339.5
1634.9044,4.577,357.2
1608.7785,4.551,353.5
1646.9226,4.527,363.8
1643.484,4.535,362.4
1596.0852,4.572,349.1
1606.7364,4.562,352.2
1575.864,4.581,344.0
1643.575,4.534,362.5
1677.58,4.534,370.0
1593.5147,4.549,350.3
1605.441,4.57,351.3
1631.2428,4.577,356.4
1633.2576,4.552,358.8
1723.7153,4.523,381.1
1610.1813,4.537,354.9
1541.1968,4.576,336.8
1565.1104,4.571,342.4
1556.8725,4.575,340.3
1581.12,4.575,345.6
1619.0468,4.553,355.6
1662.6654,4.554,365.1
1587.8368,4.568,347.6
1569.335,4.582,342.5
1546.5683,4.577,337.9
1554.2664,4.566,340.4
1627.8003,4.533,359.1
1628.972,4.535,359.2
1565.3277,4.581,341.7
1558.7964,4.582,340.2
1568.7654,4.579,342.6
1622.192,4.576,354.5
1633.1611,4.553,358.7
1632.849,4.542,359.5
1574.4435,4.557,345.5
1562.8249,4.571,341.9
1589.0376,4.582,346.8
1541.0185,4.585,336.1
1586.2652,4.553,348.4
1603.528,4.54,353.2
1590.6618,4.563,348.6
1560.1824,4.578,340.8
1665.8998,4.538,367.1
1544.914,4.564,338.5
1586.554,4.546,349.0
1637.5225,4.555,359.5
1622.236,4.58,354.2
1569.5616,4.584,342.4
1575.864,4.581,344.0
1540.6437,4.573,336.9
1572.7624,4.568,344.3
1645.4788,4.538,362.6
1590.2568,4.554,349.2
1559.3997,4.569,341.3
1547.4375,4.585,337.5
1552.338,4.59,338.2
1631.133,4.569,357.0
1636.156,4.555,359.2
1599.192,4.56,350.7
1589.7564,4.596,345.9
1582.7355,4.581,345.5
1604.2084,4.573,350.8
1602.9819,4.563,351.3
1684.4229,4.539,371.1
1633.5861,4.539,359.9
1622.9088,4.569,355.2
1575.3694,4.561,345.4
1625.4975,4.575,355.3
1595.9517,4.569,349.3
1677.87,4.525,370.8
1665.5327,4.537,367.1
1578.8325,4.575,345.1
1599.3929,4.571,349.9
1619.9624,4.571,354.4
1627.6322,4.549,357.8
1652.6321,4.529,364.9
1671.4186,4.558,366.7
1575.0364,4.564,345.1
1589.446,4.57,347.8
1601.5716,4.572,350.3
1669.116,4.548,367.0
1663.1577,4.533,366.9
1616.6592,4.572,353.6
1556.7744,4.568,340.8
1540.8046,4.583,336.2
1568.296,4.559,344.0
1605.6443,4.537,353.9
1630.458,4.548,358.5
1540.0392,4.578,336.4
1558.029,4.569,341.0
1556.766,4.572,340.5
1602.84,4.56,351.5
1657.3809,4.557,363.7
1665.86,4.564,365.0
1568.882,4.574,343.0
1569.1104,4.576,342.9
1551.6324,4.569,339.6
1555.5712,4.586,339.2
1671.5823,4.551,367.3
1632.8277,4.547,359.1
1593.6018,4.578,348.1
1554.8928,4.584,339.2
1577.4655,4.579,344.5
1599.0954,4.578,349.3
1653.198,4.548,363.5
1603.17,4.548,352.5
1607.1504,4.584,350.6
1588.14,4.59,346.0
1572.3076,4.588,342.7
1559.4768,4.584,340.2
1595.7892,4.549,350.8
1625.6172,4.551,357.2
1591.0344,4.568,348.3
1544.471,4.583,337.0
1565.9406,4.603,340.2
1571.9495,4.595,342.1
1626.7869,4.553,357.3
1640.1356,4.561,359.6
1591.7601,4.557,349.3
1561.9916,4.586,340.6
1559.58,4.587,340.0
1528.5075,4.575,334.1
1572.8661,4.563,344.7
1634.4,4.54,360.0
1636.6767,4.573,357.9
1570.9232,4.592,342.1
1554.8928,4.584,339.2
1535.8275,4.575,335.7
1548.299,4.574,338.5
1639.3172,4.526,362.2
1636.5888,4.536,360.8
1576.5284,4.567,345.2
1566.8212,4.564,343.3
1591.4912,4.568,348.4
1622.6925,4.539,357.5
1672.4503,4.541,368.3
1658.748,4.557,364.0
1607.058,4.572,351.5
1637.5928,4.559,359.2
1610.8575,4.575,352.1
1637.2336,4.558,359.2
1661.8844,4.532,366.7
1654.1968,4.552,363.4
1596.2736,4.566,349.6
1607.2581,4.583,350.7
1593.4725,4.575,348.3
1660.1151,4.557,364.3
1639.1935,4.547,360.5
1623.8226,4.569,355.4
1631.7952,4.553,358.4
1577.1244,4.582,344.2
1598.3109,4.581,348.9
1562.3447,4.583,340.9
1605.0159,4.561,351.9
1620.2696,4.568,354.7
1583.2688,4.568,346.6
1568.6372,4.588,341.9
1563.056,4.565,342.4
1639.748,4.565,359.2
1601.1902,4.567,350.6
1564.5344,4.576,341.9
1543.2176,4.582,336.8
1573.0889,4.561,344.9
1610.0755,4.565,352.7
1580.566,4.588,344.5
1555.0284,4.579,339.6
1555.332,4.588,339.0
1603.42,4.55,352.4
1603.1915,4.561,351.5
1541.3175,4.575,336.9
1584.68,4.58,346.0
1610.648,4.555,353.6
1631.1272,4.541,359.2
1556.2085,4.565,340.9
1591.1181,4.563,348.7
1639.9145,4.549,360.5
1641.4788,4.542,361.4
1596.878,4.556,350.5
1587.161,4.57,347.3
1637.7141,4.553,359.7
1655.3792,4.544,364.3
1570.9392,4.572,343.6
1588.7025,4.585,346.5
1594.581,4.569,349.0
1607.1066,4.554,352.9
1576.7377,4.561,345.7
1599.6615,4.577,349.5
1579.41,4.578,345.0
1592.352,4.56,349.2
1595.088,4.56,349.8
1590.3972,4.578,347.4
1577.107,4.57,345.1
1596.9996,4.572,349.3
1618.847,4.555,355.4
1606.4604,4.569,351.6
1554.5705,4.579,339.5
1579.188,4.584,344.5
1592.6862,4.578,347.9
1607.3112,4.552,353.1
1584.8014,4.583,345.8
1563.5904,4.588,340.8
1547.9414,4.577,338.2
1605.3678,4.562,351.9
1632.373,4.547,359.0
1574.365,4.57,344.5
1590.5988,4.572,347.9
1602.5526,4.554,351.9
1647.7455,4.533,363.5
1610.22,4.568,352.5
1583.4075,4.575,346.1
1616.9132,4.547,355.6
1622.7264,4.548,356.8
1584.5512,4.552,348.1
1599.7428,4.572,349.9
1584.222,4.58,345.9
1624.2519,4.551,356.9
1601.328,4.57,350.4
1563.735,4.575,341.8
1573.6872,4.584,343.3
1585.6202,4.559,347.8
1616.5122,4.569,353.8
1591.4394,4.581,347.4
1581.135,4.583,345.0
1578.8234,4.571,345.4
1631.8617,4.557,358.1
1588.0928,4.574,347.2
1567.7376,4.576,342.6
1555.0425,4.575,339.9
1583.9762,4.574,346.3
1614.24,4.56,354.0
1575.5168,4.576,344.3
1574.2524,4.571,344.4
1559.58,4.587,340.0
1567.831,4.555,344.2
1631.7891,4.567,357.3
1575.8106,4.557,345.8
1570.7116,4.574,343.4
1613.886,4.559,354.0
1657.465,4.541,365.0
1605.6152,4.564,351.8
1598.0686,4.562,350.3
1600.414,4.57,350.2
1648.91,4.555,362.0
1606.695,4.558,352.5
1578.8718,4.554,346.7
1611.2096,4.576,352.1
1600.7004,4.563,350.8
1617.735,4.557,355.0
1585.718,4.583,346.0
1546.7076,4.572,338.3
1566.139,4.57,342.7
1636.911,4.566,358.5
1608.706,4.565,352.4
1580.5404,4.572,345.7
1587.5512,4.583,346.4
1596.9436,4.564,349.9
1607.4,4.56,352.5
1555.4863,4.579,339.7
1574.7188,4.583,343.6
1591.6604,4.579,347.6
1618.8,4.56,355.0
1588.6413,4.569,347.7
1555.3104,4.592,338.7
1551.3652,4.579,338.8
1585.9164,4.573,346.8
1604.8071,4.563,351.7
1593.4506,4.571,348.6
1618.2428,4.561,354.8
1606.527,4.577,351.0
1627.99,4.55,357.8
1616.814,4.548,355.5
1607.1975,4.575,351.3
1585.99,4.564,347.5
1663.9974,4.539,366.6
1629.779,4.555,357.8
1614.6846,4.569,353.4
1608.5349,4.571,351.9
1626.6555,4.545,357.9
1592.5129,4.567,348.7
1579.9602,4.569,345.8
1591.0063,4.589,346.7
1596.5937,4.563,349.9
1605.0159,4.561,351.9
1592.0232,4.584,347.3
1571.6222,4.586,342.7
1583.2688,4.568,346.6
1614.0385,4.553,354.5
1577.8985,4.567,345.5
1567.276,4.58,342.2
1574.0316,4.581,343.6
1608.8711,4.559,352.9
1584.6392,4.568,346.9
1538.8145,4.573,336.5
1570.5888,4.587,342.4
1574.715,4.575,344.2
1602.9045,4.555,351.9
1608.992,4.571,352.0
1578.72,4.576,345.0
1580.8958,4.577,345.4
1599.0513,4.557,350.9
1650.8294,4.534,364.1
1586.5758,4.567,347.4
1612.151,4.567,353.0
1607.6886,4.566,352.1
1656.6525,4.545,364.5
1568.0637,4.557,344.1
1606.5916,4.559,352.4
1610.0755,4.565,352.7
1636.1223,4.541,360.3
1596.8061,4.561,350.1
1558.6783,4.583,340.1
1563.9687,4.569,342.3
1628.9026,4.573,356.2
1604.6328,4.569,351.2
1558.245,4.575,340.6
1553.4481,4.573,339.7
1623.6158,4.562,355.9
1619.662,4.565,354.8
1573.5726,4.577,343.8
1563.5087,4.573,341.9
1564.992,4.576,342.0
1636.2918,4.563,358.6
1572.0808,4.586,342.8
1566.818,4.58,342.1
1575.63,4.575,344.4
1578.935,4.57,345.5
1597.7892,4.556,350.7
1580.1947,4.571,345.7
1550.1885,4.585,338.1
1551.1453,4.577,338.9
1610.5725,4.569,352.5
1610.3414,4.558,353.3
1593.6134,4.561,349.4
1574.832,4.578,344.0
1605.8431,4.553,352.7
1620.8087,4.549,356.3
1603.6444,4.574,350.6
1583.1585,4.569,346.5
1666.5762,4.551,366.2
1589.868,4.536,350.5
1596.8916,4.573,349.2
1596.9153,4.577,348.9
1645.9212,4.548,361.9
1572.768,4.572,344.0
1574.2524,4.571,344.4
1580.3318,4.582,344.9
1610.7498,4.554,353.7
1600.911,4.561,351.0
1592.0232,4.584,347.3
1572.994,4.57,344.2
1573.3315,4.567,344.5
1610.4935,4.543,354.5
1599.2568,4.568,350.1
1577.1254,4.586,343.9
1546.5683,4.577,337.9
1625.5965,4.565,356.1
1619.256,4.56,355.1
1567.8443,4.583,342.1
1581.0216,4.584,344.9
1542.69,4.575,337.2
1595.011,4.565,349.4
1595.1456,4.568,349.2
1574.0316,4.581,343.6
1573.8023,4.579,343.7
1605.8988,4.548,353.1
1644.37,4.55,361.4
1594.6888,4.568,349.1
1572.6328,4.561,344.8
1625.26,4.55,357.2
1632.4148,4.556,358.3
1592.8835,4.555,349.7
1610.8848,4.566,352.8
1627.046,4.555,357.2
1638.455,4.55,360.1
1589.6844,4.572,347.7
1584.3431,4.583,345.7
1574.3462,4.562,345.1
1594.1387,4.543,350.9
1587.0512,4.571,347.2
1562.7096,4.572,341.8
1590.27,4.575,347.6
1597.2285,4.557,350.5
1636.974,4.57,358.2
1574.2602,4.579,343.8
1588.6602,4.573,347.4
1589.9895,4.565,348.3
1609.9298,4.562,352.9
1593.8208,4.576,348.3
1575.7476,4.578,344.2
1550.744,4.588,338.0
1606.7065,4.571,351.5
1622.1922,4.558,355.9
1542.9302,4.573,337.4
1568.5202,4.589,341.8
1572.1995,4.577,343.5
1626.2334,4.554,357.1
1641.717,4.554,360.5
1589.9224,4.574,347.6
1615.605,4.551,355.0
1640.5848,4.527,362.4
1611.2984,4.562,353.2
1601.2962,4.566,350.7
1646.8602,4.567,360.6
1636.9496,4.537,360.8
1615.4508,4.566,353.8
1571.9154,4.551,345.4
1573.9134,4.574,344.1
1621.5213,4.551,356.3
1557.1065,4.573,340.5
1545.7728,4.576,337.8
1562.3548,4.579,341.2
1604.8395,4.545,353.1
1616.8206,4.566,354.1
1568.8768,4.582,342.4
1562.9412,4.562,342.6
1596.9996,4.572,349.3
1643.5195,4.559,360.5
1570.2514,4.582,342.7
1546.1313,4.573,338.1
1569.2233,4.579,342.7
1612.47,4.555,354.0
1607.122,4.58,350.9
1574.0316,4.581,343.6
1541.3412,4.571,337.2
1591.8155,4.565,348.7
1597.8864,4.568,349.8
1582.4655,4.567,346.5
1575.2856,4.574,344.4
1594.3875,4.575,348.5
1609.4848,4.544,354.2
1629.4212,4.554,357.8
1607.9001,4.577,351.3
1582.6855,4.565,346.7
1623.8312,4.546,357.2
1648.746,4.542,363.0
1604.9325,4.553,352.5
1585.0064,4.552,348.2
1617.33,4.524,357.5
1618.1362,4.553,355.4
1565.5601,4.579,341.9
1567.734,4.564,343.5
1587.0956,4.558,348.2
1632.838,4.561,358.0
1576.5379,4.571,344.9
1571.9649,4.587,342.7
1567.0512,4.566,343.2
1613.9376,4.554,354.4
1614.581,4.57,353.3
1547.775,4.586,337.5
1571.5125,4.575,343.5
1605.6798,4.559,352.2
1581.8984,4.568,346.3
1553.4481,4.573,339.7
1571.283,4.581,343.0
1570.9408,4.576,343.3
1618.09,4.558,355.0
1580.8861,4.573,345.7
1554.8069,4.577,339.7
1562.82,4.575,341.6
1606.2825,4.575,351.1
1648.1088,4.544,362.7
1601.9935,4.555,351.7
1606.4235,4.565,351.9
1606.88,4.565,352.0
1638.1342,4.534,361.3
1605.8622,4.566,351.7
1589.316,4.567,348.0
1624.5282,4.562,356.1
1636.2,4.545,360.0
1613.4301,4.559,353.9
1568.424,4.57,343.2
1583.962,4.57,346.6
1612.4662,4.546,354.7
1620.2997,4.581,353.7
1570.7096,4.582,342.8
1581.22,4.57,346.0
1588.1928,4.552,348.9
1598.8752,4.563,350.4
1569.9087,4.581,342.7
1578.0426,4.586,344.1
1609.4108,4.567,352.4
1617.938,4.564,354.5
1570.2514,4.582,342.7
1550.9852,4.586,338.2
1567.28,4.576,342.5
1600.3496,4.562,350.8
1592.487,4.563,349.0
1547.9414,4.577,338.2
1569.3292,4.586,342.2
1585.096,4.568,347.0
1604.5975,4.565,351.5
1600.7642,4.571,350.2
1591.404,4.573,348.0
1581.279,4.557,347.0
1658.56,4.544,365.0
1618.635,4.575,353.8
1613.21,4.57,353.0
1632.1536,4.554,358.4
1629.616,4.552,358.0
1593.6018,4.578,348.1
1580.0928,4.576,345.3
1633.8672,4.536,360.2
1590.3629,4.553,349.3
1559.6074,4.579,340.6
1563.624,4.572,342.0
1608.0407,4.567,352.1
1583.1856,4.552,347.8
1584.419,4.57,346.7
1564.1962,4.571,342.2
1549.3859,4.553,340.3
1605.9456,4.552,352.8
1573.4436,4.566,344.6
1588.802,4.58,346.9
1566.9377,4.567,343.1
1619.0468,4.553,355.6
1611.104,4.577,352.0
1573.7997,4.587,343.1
1547.124,4.58,337.8
1598.129,4.57,349.7
1603.2564,4.556,351.9
1565.902,4.58,341.9
1567.9604,4.582,342.2
1569.7878,4.586,342.3
1613.2288,4.552,354.4
1600.6536,4.537,352.8
1610.2584,4.572,352.2
1586.794,4.565,347.6
1611.2025,4.545,354.5
1604.0796,4.548,352.7
1592.7285,4.565,348.9
1592.008,4.58,347.6
1608.8294,4.546,353.9
1631.5594,4.546,358.9
1612.5714,4.554,354.1
1579.9304,4.561,346.4
1610.3414,4.558,353.3
1609.8856,4.558,353.2
1557.447,4.574,340.5
1574.1396,4.572,344.3
1563.3932,4.574,341.8
1630.4293,4.553,358.1
1588.0548,4.566,347.8
1583.764,4.58,345.8
1551.603,4.577,339.0
1599.4022,4.558,350.9
1610.3414,4.558,353.3
1576.6662,4.582,344.1
1566.48,4.575,342.4
1562.5941,4.573,341.7
1615.4044,4.553,354.8
1593.7752,4.568,348.9
1574.489,4.585,343.4
1578.9448,4.574,345.2
1581.426,4.564,346.5
1598.415,4.55,351.3
1575.5112,4.572,344.6
1563.3932,4.574,341.8
1599.507,4.557,351.0
1646.1066,4.546,362.1
1597.5063,4.563,350.1
1581.1089,4.571,345.9
1616.1584,4.568,353.8
1668.5973,4.533,368.1
1587.336,4.56,348.1
1617.0128,4.573,353.6
1583.6898,4.543,348.6
1618.3356,4.551,355.6
1572.9986,4.574,343.9
1585.096,4.568,347.0
1571.832,4.56,344.7
1595.685,4.55,350.7
1578.8234,4.571,345.4
1568.7654,4.579,342.6
1580.2129,4.579,345.1
1586.372,4.552,348.5
1607.004,4.555,352.8
1578.8454,4.587,344.2
1554.8069,4.577,339.7
1578.03,4.574,345.0
1625.8968,4.562,356.4
1589.0982,4.569,347.8
1555.5712,4.586,339.2
1550.1108,4.578,338.6
1584.5115,4.565,347.1
1599.1176,4.552,351.3
1557.6432,4.584,339.8
1547.124,4.58,337.8
1562.4502,4.586,340.7
1622.0028,4.532,357.9
1595.4057,4.557,350.1
1598.5583,4.553,351.1
1573.456,4.574,344.0
1626.682,4.54,358.3
1630.2608,4.564,357.2
1584.3826,4.562,347.3
1600.1384,4.564,350.6
1661.8156,4.538,366.2
1624.1721,4.561,356.1
1597.1868,4.566,349.8
1572.5424,4.582,343.2
1606.4048,4.543,353.6
1599.5762,4.582,349.1
1560.1914,4.574,341.1
1580.1048,4.584,344.7
1618.6332,4.548,355.9
1607.1066,4.554,352.9
1594.4964,4.574,348.6
1579.392,4.57,345.6
1584.6552,4.572,346.6
1590.6351,4.559,348.9
1585.7077,4.579,346.3
1572.6573,4.581,343.3
1555.2495,4.581,339.5
1603.1915,4.561,351.5
1595.5744,4.564,349.6
1580.205,4.575,345.4
1540.3146,4.587,335.8
1580.8595,4.565,346.3
1624.1148,4.557,356.4
1578.244,4.568,345.5
1594.2823,4.559,349.7
1576.9851,4.567,345.3
1609.0755,4.539,354.5
1637.882,4.556,359.5
1582.3269,4.543,348.3
1594.2052,4.564,349.3
1647.6372,4.554,361.8
1625.4552,4.548,357.4
1598.3128,4.564,350.2
1600.5228,4.556,351.3
1588.86,4.55,349.2
1605.3878,4.553,352.6
1570.597,4.579,343.0
1604.1828,4.586,349.8
1569.1104,4.572,343.2
1591.8672,4.543,350.4
1579.6144,4.568,345.8
1578.72,4.576,345.0
1573.112,4.573,344.0
1599.5427,4.561,350.7
1632.6756,4.558,358.2
1577.3472,4.576,344.7
1555.9104,4.587,339.2
1578.7116,4.572,345.3
1591.1978,4.558,349.1
1582.3552,4.568,346.4
1575.978,4.58,344.1
1574.0303,4.577,343.9
1567.5032,4.562,343.6
1625.0843,4.561,356.3
1566.1338,4.578,342.1
1553.2314,4.594,338.1
1564.882,4.565,342.8
1658.6424,4.517,367.2
1595.6165,4.555,350.3
1578.7817,4.559,346.3
1598.6305,4.561,350.5
1645.0116,4.548,361.7
1634.527,4.553,359.0
1586.424,4.56,347.9
1580.763,4.57,345.9
1624.1502,4.538,357.9
1629.779,4.555,357.8
1575.5032,4.568,344.9
1574.3738,4.586,343.3
1600.8348,4.553,351.6
1619.8989,4.549,356.1
1582.6146,4.578,345.7
1570.4832,4.576,343.2
1579.0569,4.573,345.3
1611.155,4.55,354.1
1594.8219,4.571,348.9
1558.7221,4.559,341.9
1561.905,4.575,341.4
1578.6876,4.564,345.9
1607.4132,4.551,353.2
1552.162,4.58,338.9
1559.032,4.58,340.4
1560.655,4.57,341.5
1591.4847,4.551,349.7
1595.6024,4.568,349.3
1561.6724,4.577,341.2
1552.959,4.581,339.0
1600.4426,4.574,349.9
1638.91,4.55,360.2
1591.0296,4.551,349.6
1581.4548,4.572,345.9
1609.839,4.545,354.2
1674.464,4.544,368.5
1595.279,4.571,349.0
1597.672,4.57,349.6
1617.5808,4.554,355.2
1651.9002,4.562,362.1
1591.5132,4.572,348.1
1592.3186,4.573,348.2
1586.2652,4.553,348.4
1597.9986,4.554,350.9
1568.0817,4.573,342.9
1575.864,4.581,344.0
1571.1606,4.566,344.1
1642.4698,4.546,361.3
1580.3865,4.561,346.5
1577.8048,4.576,344.8
1571.3964,4.572,343.7
1600.56,4.56,351.0
1591.0615,4.555,349.3
1555.9575,4.575,340.1
1592.8137,4.581,347.7
1575.743,4.574,344.5
1597.752,4.552,351.0
1569.225,4.575,343.0
1560.5325,4.575,341.1
1571.626,4.582,343.0
1598.0475,4.575,349.3
1615.3552,4.558,354.4
1582.95,4.575,346.0
1586.704,4.57,347.2
1590.1208,4.568,348.1
1679.9298,4.533,370.6
1612.3107,4.543,354.9
1605.576,4.56,352.1
1609.7829,4.559,353.1
1642.1724,4.554,360.6
1616.103,4.546,355.5
1622.8575,4.565,355.5
1581.279,4.557,347.0
1642.3872,4.542,361.6
1595.685,4.55,350.7
1564.4233,4.573,342.1
1544.9775,4.575,337.7
1593.9077,4.571,348.7
1612.9255,4.555,354.1
1605.9314,4.574,351.1
1588.77,4.572,347.5
1572.8811,4.571,344.1
1612.8145,4.565,353.3
1605.5344,4.556,352.4
1544.52,4.575,337.6
1576.3131,4.573,344.7
1571.609,4.562,344.5
1587.228,4.561,348.0
1579.065,4.577,345.0
1573.3439,4.583,343.3
1567.5022,4.582,342.1
1597.6477,4.553,350.9
1603.6476,4.561,351.6
1554.231,4.578,339.5
1564.4186,4.577,341.8
1603.6845,4.565,351.3
1614.6156,4.524,356.9
1581.9921,4.563,346.7
1574.5536,4.556,345.6
1603.7724,4.551,352.4
1600.855,4.535,353.0
1610.1925,4.555,353.5
1596.516,4.568,349.5
1643.04,4.564,360.0
1621.2992,4.544,356.8
1608.706,4.565,352.4
1559.2916,4.562,341.8
1557.5721,4.569,340.9
1612.9208,4.546,354.8
1599.8201,4.567,350.3
1570.9352,4.568,343.9
1583.306,4.58,345.7
1594.3554,4.554,350.1
1607.9593,4.559,352.7
1573.3382,4.571,344.2
1551.3825,4.575,339.1
1575.7266,4.566,345.1
1592.2451,4.561,349.1
1554.4984,4.564,340.6
1587.2048,4.582,346.4
1552.6368,4.576,339.3
1606.093,4.555,352.6
1602.5526,4.554,351.9
1572.6573,4.581,343.3
1539.7656,4.584,335.9
1586.0268,4.572,346.9
1593.9,4.554,350.0
1600.0325,4.565,350.5
1572.4181,4.567,344.3
1596.4224,4.556,350.4
1631.2714,4.549,358.6
1636.8992,4.552,359.6
1596.595,4.55,350.9
1574.3178,4.554,345.7
1625.552,4.528,359.0
1626.135,4.555,357.0
1596.0308,4.564,349.7
1584.5292,4.569,346.8
1614.1392,4.552,354.6
1579.7253,4.567,345.9
1567.0524,4.574,342.6
1578.3552,4.567,345.6
1600.2441,4.563,350.7
1595.3343,4.549,350.7
1571.5098,4.571,343.8
1578.1423,4.573,345.1
1573.3315,4.567,344.5
1606.15,4.55,353.0
1568.8718,4.562,343.9
1552.0225,4.585,338.5
1541.025,4.566,337.5
1596.0,4.56,350.0
1596.0,4.56,350.0
1584.222,4.58,345.9
1550.2617,4.569,339.3
1582.4925,4.575,345.9
1595.8614,4.557,350.2
1605.2634,4.563,351.8
1544.4408,4.568,338.1
1586.2074,4.562,347.7
1579.5204,4.548,347.3
1645.2072,4.536,362.7
1594.419,4.562,349.5
1596.9436,4.564,349.9
1619.3025,4.555,355.5
1625.195,4.546,357.5
1599.7531,4.559,350.9
1583.6656,4.556,347.6
1606.8591,4.543,353.7
1640.3694,4.549,360.6
1557.006,4.566,341.0
1573.5636,4.569,344.4
1571.9305,4.555,345.1
1642.512,4.56,360.2
1573.3425,4.575,343.9
1575.2856,4.574,344.4
1578.8119,4.567,345.7
1631.9592,4.556,358.2
1581.677,4.57,346.1
1562.9418,4.566,342.3
1583.865,4.575,346.2
1578.156,4.548,347.0
1620.4224,4.562,355.2
1585.1472,4.584,345.8
1544.4967,4.579,337.3
1547.8416,4.574,338.4
1637.163,4.554,359.5
1566.3648,4.576,342.3
1541.2212,4.572,337.1
1545.4728,4.567,338.4
1583.8173,4.563,347.1
1628.5185,4.535,359.1
1578.577,4.565,345.8
1582.7544,4.556,347.4
1599.6346,4.547,351.8
1622.8849,4.537,357.7
1588.1928,4.552,348.9
1597.3336,4.556,350.6
1564.992,4.56,343.2
1597.3783,4.529,352.7
1614.6204,4.538,355.8
1583.8173,4.563,347.1
1556.3296,4.556,341.6
1613.12,4.544,355.0
1587.601,4.549,349.0
1569.6779,4.567,343.7
1544.8576,4.576,337.6
1601.248,4.549,352.0
1592.0092,4.546,350.2
1569.2078,4.559,344.2
1578.8234,4.571,345.4
1583.748,4.551,348.0
1619.088,4.548,356.0
1570.9352,4.568,343.9
1585.4728,4.577,346.4
1559.6305,4.567,341.5
1582.6752,4.544,348.3
1565.655,4.55,344.1
1560.7704,4.569,341.6
1568.6532,4.572,343.1
1568.421,4.566,343.5
1580.1295,4.555,346.9
1597.6124,4.562,350.2
1567.728,4.56,343.8
1583.9887,4.553,347.9
1640.4024,4.524,362.6
1613.7792,4.528,356.4
1615.1499,4.551,354.9
1588.7218,4.547,349.4
1626.0608,4.537,358.4
1632.7724,4.538,359.8
1603.5792,4.566,351.2
1586.9879,4.559,348.1
1590.6722,4.537,350.6
1649.0187,4.539,363.3
1560.2022,4.566,341.7
1571.3852,4.564,344.3
1584.4336,4.574,346.4
1642.4797,4.541,361.7
1585.675,4.55,348.5
1577.414,4.559,346.0
1578.106,4.561,346.0
1577.268,4.552,346.5
1632.1536,4.554,358.4
1574.789,4.558,345.5
1547.664,4.56,339.4
1570.4832,4.576,343.2
1599.0336,4.544,351.9
1579.2185,4.555,346.7
1564.7654,4.574,342.1
1546.031,4.57,338.3
1564.6338,4.551,343.8
1585.822,4.54,349.3
1594.1241,4.569,348.9
1553.343,4.57,339.9
1565.2098,4.554,343.7
1628.095,4.525,359.8
1607.303,4.534,354.5
1578.9579,4.549,347.1
1618.7688,4.542,356.4
1651.3473,4.523,365.1
1590.4996,4.556,349.1
1590.984,4.56,348.9
1573.48,4.528,347.5
1676.052,4.536,369.5
1573.11,4.54,346.5
1568.4795,4.545,345.1
1591.5469,4.559,349.1
1630.937,4.543,359.0
1550.6136,4.566,339.6
1554.3942,4.553,341.4
1580.496,4.56,346.6
1597.216,4.544,351.5
1592.9696,4.567,348.8
1560.9965,4.571,341.5
1554.0528,4.552,341.4
1609.6066,4.529,355.4
1585.1643,4.559,347.7
1554.82,4.573,340.0
1541.025,4.566,337.5
1577.414,4.559,346.0
1605.99,4.556,352.5
1572.5214,4.562,344.7
1569.9035,4.565,343.9
1556.1919,4.573,340.3
1600.5228,4.556,351.3
1603.2144,4.552,352.2
1549.1119,4.571,338.9
1573.1532,4.548,345.9
1596.8028,4.548,351.1
1619.0613,4.539,356.7
1581.7122,4.553,347.4
1571.82,4.556,345.0
1606.4363,4.529,354.7
1647.112,4.535,363.2
1582.4328,4.542,348.4
1584.8166,4.558,347.7
1583.6408,4.552,347.9
1608.6945,4.515,356.3
1545.2525,4.565,338.5
1563.5067,4.557,343.1
1580.3676,4.557,346.8
1615.884,4.539,356.0
1601.0825,4.555,351.5
1590.6351,4.559,348.9
1549.3479,4.569,339.1
1610.848,4.544,354.5
1590.3304,4.549,349.6
1577.6334,4.557,346.2
1561.7992,4.568,341.9
1567.5979,4.553,344.3
1597.8298,4.538,352.1
1582.9934,4.558,347.3
1554.2664,4.566,340.4
1548.2259,4.563,339.3
1604.5344,4.548,352.8
1583.4258,4.554,347.7
1566.0246,4.571,342.6
1557.4668,4.562,341.4
1553.8222,4.558,340.9
1633.6103,4.529,360.7
1625.3888,4.544,357.7
1597.0177,4.559,350.3
1562.1425,4.561,342.5
1619.3282,4.522,358.1
1619.2852,4.546,356.2
1600.1715,4.555,351.3
1608.4152,4.559,352.8
1651.7362,4.534,364.3
1642.8477,4.537,362.1
1567.8195,4.551,344.5
1561.336,4.552,343.0
1617.4062,4.542,356.1
1595.5112,4.556,350.2
1576.6578,4.574,344.7
1545.1344,4.566,338.4
1620.255,4.55,356.1
1617.7808,4.552,355.4
1541.54,4.55,338.8
1560.6602,4.562,342.1
1600.0893,4.547,351.9
1600.0486,4.534,352.9
1566.2515,4.565,343.1
1555.171,4.57,340.3
1560.7704,4.569,341.6
1606.3536,4.548,353.2
1589.6312,4.547,349.6
1576.5165,4.563,345.5
1552.4156,4.574,339.4
1564.168,4.547,344.0
1599.325,4.55,351.5
1593.3996,4.563,349.2
1595.3712,4.553,350.4
1605.4962,4.543,353.4
1633.1322,4.539,359.8
1605.2435,4.541,353.5
1627.5996,4.554,357.4
1578.5251,4.553,346.7
1638.6832,4.528,361.9
1593.0225,4.545,350.5
1578.156,4.548,347.0
1591.4108,4.556,349.3
1606.0812,4.514,355.8
1592.7448,4.552,349.9
1594.7136,4.572,348.8
1574.3568,4.566,344.8
1587.7785,4.543,349.5
1597.5238,4.541,351.8
1550.5074,4.563,339.8
1569.7638,4.554,344.7
1574.6635,4.555,345.7
1632.4437,4.551,358.7
1573.4338,4.562,344.9
1549.8175,4.565,339.5
1567.5078,4.566,343.3
1597.9779,4.541,351.9
1596.4224,4.556,350.4
1547.9772,4.569,338.8
1551.5268,4.566,339.8
1575.615,4.567,345.0
1604.2275,4.551,352.5
1579.9992,4.552,347.1
1578.5621,4.561,346.1
1582.32,4.56,347.0
1794.9981,4.431,405.1
1609.8643,4.531,355.3
1601.6418,4.554,351.7
1568.385,4.55,344.7
1623.24,4.509,360.0
1620.1944,4.546,356.4
1590.7853,4.549,349.7
1577.068,4.558,346.0
1610.0595,4.529,355.5
1619.3079,4.527,357.7
1581.6873,4.549,347.7
1578.1205,4.565,345.7
1583.8173,4.563,347.1
1620.326,4.54,356.9
1588.8366,4.563,348.2
1548.4796,4.549,340.4
1594.5256,4.561,349.6
1589.0368,4.544,349.7
1582.4328,4.542,348.4
1548.8154,4.554,340.1
1550.0706,4.551,340.6
1577.8985,4.567,345.5
1593.4369,4.541,350.9
1584.5768,4.556,347.8
1544.6932,4.562,338.6
1561.3444,4.564,342.1
1594.0695,4.561,349.5
1616.694,4.54,356.1
1574.012,4.565,344.8
1570.482,4.572,343.5
1574.3708,4.574,344.2
1607.3134,4.543,353.8
1637.09,4.55,359.8
1570.095,4.551,345.0
1578.4516,4.541,347.6
1641.4902,4.527,362.6
1609.7845,4.541,354.5
1601.4534,4.547,352.2
1574.6582,4.534,347.3
1651.185,4.53,364.5
1611.5016,4.542,354.8
1592.4638,4.546,350.3
1608.6276,4.548,353.7
1592.4252,4.542,350.6
1585.488,4.556,348.0
1575.0364,4.564,345.1
1577.6334,4.557,346.2
1584.4167,4.549,348.3
1592.045,4.55,349.9
1582.4655,4.567,346.5
1564.1964,4.563,342.8
1605.12,4.56,352.0
1626.7776,4.539,358.4
1586.424,4.56,347.9
1553.3664,4.558,340.8
1566.0243,4.567,342.9
1614.9135,4.535,356.1
1602.4071,4.551,352.1
1554.3888,4.561,340.8
1591.5995,4.567,348.5
1586.184,4.558,348.0
1594.2153,4.551,350.3
1561.115,4.558,342.5
1565.7852,4.557,343.6
1599.3634,4.567,350.2
1613.3754,4.546,354.9
1624.2192,4.542,357.6
1622.4024,4.542,357.2
1585.675,4.55,348.5
1623.0456,4.554,356.4
1646.1125,4.541,362.5
1584.5768,4.556,347.8
1612.4193,4.551,354.3
1591.3734,4.539,350.6
1648.4575,4.525,364.3
1583.142,4.565,346.8
1572.0738,4.566,344.3
1568.984,4.561,344.0
1598.1819,4.539,352.1
1607.0475,4.559,352.5
1591.6536,4.558,349.2
1576.8316,4.556,346.1
1595.0046,4.539,351.4
1613.6304,4.548,354.8
1580.8595,4.565,346.3
1578.216,4.56,346.1
1556.3088,4.572,340.4
1615.786,4.54,355.9
1587.873,4.555,348.6
1551.9834,4.566,339.9
1567.734,4.564,343.5
1589.9895,4.565,348.3
1614.384,4.545,355.2
1579.1576,4.568,345.7
1563.3932,4.574,341.8
1563.397,4.57,342.1
1609.5849,4.543,354.3
1649.0187,4.539,363.3
1593.264,4.56,349.4
1614.24,4.56,354.0
1602.3602,4.529,353.8
1648.109,4.534,363.5
1583.5985,4.565,346.9
1575.3187,4.549,346.3
1633.3778,4.546,359.3
1635.5136,4.528,361.2
1610.136,4.56,353.1
1593.2924,4.564,349.1
1559.9752,4.564,341.8
1619.0272,4.544,356.3
1587.0956,4.558,348.2
1593.559,4.57,348.7
1564.1929,4.559,343.1
1576.575,4.55,346.5
1633.473,4.545,359.4
1580.8861,4.573,345.7
1564.992,4.56,343.2
1611.3414,4.566,352.9
1615.5894,4.542,355.7
1607.0475,4.559,352.5
1558.7171,4.567,341.3
1573.4586,4.578,343.7
1590.0976,4.564,348.4
1626.4619,4.547,357.7
1568.8776,4.566,343.6
1567.7376,4.576,342.6
1558.4859,4.569,341.1
1613.7846,4.551,354.6
1631.6982,4.554,358.3
1599.192,4.56,350.7
1601.2213,4.571,350.3
1609.2306,4.542,354.3
1669.6735,4.531,368.5
1591.5546,4.546,350.1
1609.0824,4.548,353.8
1604.2275,4.551,352.5
1668.4836,4.529,368.4
1602.2412,4.557,351.6
1610.1438,4.551,353.8
1604.1037,4.561,351.7
1662.7556,4.553,365.2
1585.4036,4.561,347.6
1574.5968,4.572,344.4
1576.65,4.57,345.0
1591.4108,4.556,349.3
1636.156,4.555,359.2
1589.533,4.565,348.2
1582.9934,4.558,347.3
1583.3789,4.567,346.7
1639.5687,4.543,360.9
1589.695,4.555,349.0
1580.7834,4.578,345.3
1552.6632,4.568,339.9
1607.4408,4.564,352.2
1603.1113,4.553,352.1
1564.992,4.56,343.2
1588.1082,4.578,346.9
1589.355,4.575,347.4
1597.0878,4.554,350.7
1617.4254,4.551,355.4
1565.225,4.57,342.5
1592.0028,4.559,349.2
1626.201,4.545,357.8
1641.7614,4.534,362.1
1597.2576,4.548,351.2
1605.12,4.56,352.0
1631.4864,4.542,359.2
1675.313,4.534,369.5
1630.1682,4.551,358.2
1621.9445,4.565,355.3
1601.3936,4.552,351.8
1614.795,4.55,354.9
1605.4904,4.552,352.7
1593.492,4.579,348.0
1593.534,4.566,349.0
1593.1573,4.561,349.3
1631.601,4.555,358.2
1596.1665,4.567,349.5
1572.9986,4.574,343.9
1593.382,4.58,347.9
1641.64,4.55,360.8
1636.3894,4.562,358.7
1596.8064,4.578,348.8
1598.613,4.574,349.5
1592.2896,4.552,349.8
1611.7107,4.549,354.3
1612.8294,4.578,352.3
1581.5775,4.575,345.7
1559.0432,4.576,340.7
1614.24,4.56,354.0
1624.1721,4.561,356.1
1576.193,4.57,344.9
1611.4894,4.582,351.7
1628.2504,4.552,357.7
1684.1736,4.542,370.8
1621.7364,4.558,355.8
1620.065,4.57,354.5
1607.5665,4.545,353.7
1662.1065,4.545,365.7
