1831.896,3.96,462.6
1851.9995,4.013,461.5
1848.3381,4.019,459.9
1862.5829,4.073,457.3
1816.452,3.96,458.7
1832.4114,3.974,461.1
1851.8101,3.997,463.3
1739.4537,4.119,422.3
1575.8847,4.199,375.3
1575.5681,4.187,376.3
1589.3215,4.199,378.5
1623.2326,4.202,386.3
1644.6915,4.201,391.5
1626.261,4.186,388.5
1653.4224,4.188,394.8
1621.0788,4.191,386.8
1615.8189,4.231,381.9
1651.9464,4.212,392.2
1600.2572,4.163,384.4
1607.8768,4.208,382.1
1589.0994,4.214,377.1
1591.3727,4.229,376.3
1587.7456,4.216,376.6
1620.3264,4.224,383.6
1631.28,4.2,388.4
1634.7756,4.209,388.4
1611.7964,4.226,381.4
1602.5856,4.224,379.4
1623.3,4.2,386.5
1608.21,4.175,385.2
1617.395,4.175,387.4
1600.193,4.165,384.2
1607.3424,4.176,384.9
1554.228,4.212,369.0
1600.423,4.205,380.6
1602.4064,4.208,380.8
1591.1635,4.195,379.3
1581.72,4.2,376.6
1598.537,4.21,379.7
1576.7245,4.199,375.5
1554.2188,4.204,369.7
1563.9844,4.202,372.2
1577.2955,4.205,375.1
1564.965,4.19,373.5
1589.4855,4.195,378.9
1584.219,4.145,382.2
1558.5966,4.143,376.2
1613.2197,4.161,387.7
1565.2476,4.164,375.9
1581.8298,4.142,381.9
1573.076,4.118,382.0
1577.3729,4.139,381.1
1593.4104,4.156,383.4
1578.4496,4.144,380.9
1575.5829,4.143,380.3
1598.697,4.131,387.0
1579.905,4.15,380.7
1589.2211,4.157,382.3
1578.4216,4.168,378.7
1573.1808,4.128,381.1
1599.612,4.11,389.2
1577.136,4.12,382.8
1595.338,4.133,386.0
1572.2586,4.131,380.6
1586.333,4.13,384.1
1570.1616,4.144,378.9
1580.388,4.148,381.0
1554.371,4.123,377.0
1577.7216,4.128,382.2
1570.6813,4.141,379.3
1579.4625,4.125,382.9
1556.1104,4.108,378.8
1568.0814,4.106,381.9
1557.3259,4.121,377.9
1574.7543,4.143,380.1
1574.8392,4.114,382.8
1549.9484,4.108,377.3
1611.512,4.111,392.0
1622.9038,4.118,394.1
1612.6722,4.091,394.2
1598.3352,4.092,390.6
1624.4774,4.043,401.8
1645.9248,4.058,405.6
1625.7008,4.028,403.6
1588.9102,4.042,393.1
1603.537,4.03,397.9
1607.9424,4.036,398.4
1612.5447,4.069,396.3
1611.8461,4.057,397.3
1600.9763,4.081,392.3
1609.25,4.1,392.5
1612.5132,4.101,393.2
1628.4138,4.069,400.2
1620.2758,4.069,398.2
1590.601,4.09,388.9
1580.7396,4.092,386.3
1598.8344,4.087,391.2
1614.9225,4.075,396.3
1588.6565,4.085,388.9
1629.6793,4.061,401.3
1656.4891,4.067,407.3
1604.226,4.082,393.0
1601.5173,4.097,390.9
1570.03,4.078,385.0
1583.5365,4.095,386.7
1623.7419,4.089,397.1
1628.4255,4.107,396.5
1615.6588,4.109,393.2
1586.7698,4.114,385.7
1579.1415,4.107,384.5
1578.5249,4.099,385.1
1558.8912,4.111,379.2
1584.4125,4.125,384.1
1565.088,4.11,380.8
1593.6486,4.101,388.6
1593.3036,4.116,387.1
1560.026,4.138,377.0
1539.6237,4.131,372.7
1558.1772,4.132,377.1
1633.6404,4.116,396.9
1567.0548,4.126,379.8
1571.0112,4.104,382.8
1546.1754,4.098,377.3
1575.8828,4.106,383.8
1596.7124,4.111,388.4
1570.8707,4.109,382.3
1579.1248,4.136,381.8
1577.8018,4.111,383.8
1567.4016,4.128,379.7
1584.0566,4.123,384.2
1624.4436,4.124,393.9
1580.6226,4.097,385.8
1590.2517,4.087,389.1
1601.7448,4.084,392.2
1561.7764,4.097,381.2
1586.4096,4.112,385.8
1573.53,4.13,381.0
1588.39,4.115,386.0
1556.9637,4.107,379.1
1556.536,4.12,377.8
1544.207,4.13,373.9
1571.12,4.1,383.2
1589.7212,4.093,388.4
1557.2468,4.111,378.8
1567.4016,4.128,379.7
1584.5622,4.134,383.3
1568.376,4.11,381.6
1570.3269,4.099,383.1
1575.153,4.086,385.5
1622.184,4.112,394.5
1596.4256,4.123,387.2
1584.0352,4.091,387.2
1609.74,4.065,396.0
1582.452,4.068,389.0
1606.542,4.06,395.7
1590.9205,4.043,393.5
1616.4114,4.038,400.3
1591.761,4.071,391.0
1600.5996,4.079,392.4
1576.0192,4.064,387.8
1596.4991,4.051,394.1
1618.4529,4.023,402.3
1607.0232,4.052,396.6
1580.3544,4.008,394.3
1602.9712,4.052,395.6
1603.1391,4.029,397.9
1607.6256,4.072,394.8
1617.6288,4.036,400.8
1629.7008,4.056,401.8
1606.836,4.07,394.8
1579.008,4.096,385.5
1577.2952,4.099,384.8
1573.2028,4.082,385.4
1585.2355,4.045,391.9
1592.5165,4.045,393.7
1569.1668,4.038,388.6
1621.6053,4.053,400.1
1597.7844,4.044,395.1
1606.9872,4.056,396.2
1596.147,4.046,394.5
1600.5192,4.054,394.8
1569.7625,4.051,387.5
1563.4208,4.064,384.7
1571.2944,4.056,387.4
1579.1248,4.048,390.1
1543.9072,4.048,381.4
1574.2961,4.069,386.9
1552.6139,4.057,382.7
1572.7116,4.044,388.9
1616.6137,4.069,397.3
1557.59,4.1,379.9
1569.963,4.062,386.5
1557.6132,4.069,382.8
1582.3416,4.074,388.4
1565.2166,4.091,382.6
1544.5134,4.122,374.7
1564.834,4.09,382.6
1607.5875,4.075,394.5
1592.51,4.075,390.8
1554.121,4.106,378.5
1588.2245,4.105,386.9
1597.728,4.08,391.6
1577.2746,4.062,388.3
1597.36,4.1,389.6
1565.8592,4.064,385.3
1593.2583,4.051,393.3
1596.7042,4.067,392.6
1579.5288,4.072,387.9
1578.772,4.069,388.0
1547.3154,4.058,381.3
1571.509,4.066,386.5
1542.8259,4.059,380.1
1581.0804,4.076,387.9
1594.0902,4.078,390.9
1567.1196,4.062,385.8
1569.7984,4.021,390.4
1614.4128,4.032,400.4
1611.9741,4.037,399.3
1594.332,4.02,396.6
1605.5473,4.031,398.3
1600.7376,4.026,397.6
1584.96,4.064,390.0
1593.7986,4.038,394.7
1605.7894,4.054,396.1
1641.465,4.053,405.0
1597.3408,4.048,394.6
1590.84,4.05,392.8
1631.663,4.07,400.9
1627.1931,4.069,399.9
1607.7075,4.065,395.5
1579.5858,4.069,388.2
1593.4445,4.091,389.5
1606.404,4.072,394.5
1625.0022,4.086,397.7
1623.7651,4.087,397.3
1578.6276,4.054,389.4
1605.6396,4.068,394.7
1615.9439,4.051,398.9
1620.0868,4.087,396.4
1570.1625,4.105,382.5
1576.4903,4.081,386.3
1541.5848,4.088,377.1
1552.44,4.08,380.5
1556.48,4.096,380.0
1576.2528,4.122,382.4
1608.7274,4.126,389.9
1579.7554,4.129,382.6
1580.6259,4.113,384.3
1582.4016,4.108,385.2
1587.7176,4.109,386.4
1588.515,4.11,386.5
1579.261,4.085,386.6
1602.8767,4.061,394.7
1611.8234,4.093,393.8
1593.967,4.085,390.2
1589.0454,4.086,388.9
1592.9175,4.075,390.9
1594.1562,4.074,391.3
1569.6135,4.095,383.3
1550.2864,4.084,379.6
1588.041,4.095,387.8
1603.672,4.091,392.0
1556.928,4.08,381.6
1574.252,4.12,382.1
1578.624,4.111,384.0
1550.9435,4.115,376.9
1583.3232,4.104,385.8
1582.5271,4.103,385.7
1561.2606,4.086,382.1
1565.7618,4.101,381.8
1600.7168,4.096,390.8
1575.1064,4.088,385.3
1575.805,4.093,385.0
1542.9295,4.109,375.5
1579.4887,4.093,385.9
1559.2176,4.086,381.6
1572.725,4.085,385.0
1583.3874,4.083,387.8
1588.8944,4.072,390.2
1565.322,4.07,384.6
1584.36,4.075,388.8
1582.0341,4.089,386.9
1582.529,4.085,387.4
1604.1475,4.087,392.5
1633.7475,4.025,405.9
1617.233,4.033,401.0
1589.5593,4.011,396.3
1611.2147,4.021,400.7
1639.8294,4.037,406.2
1606.8,4.017,400.0
1597.7844,4.044,395.1
1586.648,4.06,390.8
1560.06,4.05,385.2
1603.6776,4.062,394.8
1607.312,4.064,395.5
1592.998,4.07,391.4
1575.4971,4.047,389.3
1605.156,4.074,394.0
1591.0854,4.062,391.7
1597.985,4.01,398.5
1609.6,4.0,402.4
1588.5492,4.038,393.4
1620.454,4.036,401.5
1609.5568,4.036,398.8
1607.1552,4.032,398.6
1623.676,4.019,404.0
1591.8336,4.032,394.8
1575.6498,4.062,387.9
1569.78,4.05,387.6
1567.825,4.046,387.5
1578.584,4.027,392.0
1586.7495,4.053,391.5
1593.7808,4.072,391.4
1604.619,4.083,393.0
1582.9778,4.061,389.8
1566.5208,4.071,384.8
1585.0548,4.058,390.6
1603.2456,4.092,391.8
1558.305,4.074,382.5
1573.2314,4.061,387.4
1550.7072,4.032,384.6
1552.9563,4.041,384.3
1549.856,4.07,380.8
1567.7732,4.087,383.6
1593.3576,4.073,391.2
1637.748,4.074,402.0
1606.8112,4.072,394.6
1581.285,4.065,389.0
1571.1621,4.063,386.7
1603.92,4.075,393.6
1582.8048,4.071,388.8
1554.6896,4.072,381.8
1562.1861,4.097,381.3
1569.6222,4.078,384.9
1595.2969,4.079,391.1
1613.0664,4.092,394.2
1551.5962,4.081,380.2
1549.2042,4.079,379.8
1583.7752,4.084,387.8
1587.1778,4.097,387.4
1542.0875,4.085,377.5
1572.95,4.075,386.0
1574.1936,4.074,386.4
1577.0088,4.094,385.2
1561.882,4.06,384.7
1587.1389,4.079,389.1
1568.578,4.07,385.4
1586.893,4.07,389.9
1576.0602,4.082,386.1
1575.5385,4.087,385.5
1566.5216,4.088,383.2
1536.9887,4.091,375.7
1589.6124,4.051,392.4
1619.232,4.04,400.8
1623.6564,4.047,401.2
1621.6288,4.048,400.6
1615.0992,4.056,398.2
1631.3296,4.054,402.4
1668.6649,4.061,410.9
1631.637,4.074,400.5
1627.3884,4.092,397.7
1620.5972,4.078,397.4
1589.8368,4.064,391.2
1598.358,4.065,393.2
1610.9171,4.069,395.9
1642.2376,4.072,403.3
1620.6827,4.069,398.3
1609.9226,4.043,398.2
1583.5911,4.047,391.3
1615.9244,4.054,398.6
1570.3875,4.125,380.7
1588.3992,4.077,389.6
1619.6468,4.036,401.3
1607.76,4.06,396.0
1640.644,4.04,406.1
1589.415,4.065,391.0
1603.833,4.081,393.0
1571.4272,4.088,384.4
1595.068,4.111,388.0
1603.182,4.116,389.5
1584.5245,4.121,384.5
1573.1352,4.116,382.2
1551.592,4.12,376.6
1546.3488,4.128,374.6
1654.4526,4.062,407.3
1581.8791,4.127,383.3
1577.3076,4.114,383.4
1585.1748,4.141,382.8
1573.5272,4.102,383.6
1566.0685,4.073,384.5
1590.384,4.08,389.8
1596.4872,4.081,391.2
1567.4022,4.101,382.2
1581.816,4.08,387.7
1556.2425,4.075,381.9
1577.1444,4.069,387.6
1576.904,4.06,388.4
1573.0344,4.071,386.4
1608.4872,4.068,395.4
1571.2389,4.059,387.1
1590.7765,4.055,392.3
1611.465,4.054,397.5
1583.6724,4.068,389.3
1577.0855,4.049,389.5
1576.4485,4.037,390.5
1586.287,4.057,391.0
1578.0692,4.063,388.4
1603.7868,4.084,392.7
1570.0212,4.059,386.8
1563.7836,4.066,384.6
1567.3788,4.069,385.2
1607.6736,4.068,395.2
1565.729,4.07,384.7
1552.8842,4.093,379.4
1561.5891,4.089,381.9
1565.7334,4.102,381.7
1572.192,4.12,381.6
1567.2312,4.107,381.6
1546.4598,4.089,378.2
1578.573,4.079,387.0
1592.424,4.08,390.3
1621.8776,4.072,398.3
1603.483,4.039,397.0
1635.392,4.048,404.0
1606.3439,4.033,398.3
1597.4073,4.041,395.3
1603.0618,4.078,393.1
1629.6408,4.068,400.6
1630.9677,4.101,397.7
1614.569,4.07,396.7
1657.71,4.068,407.5
1603.1464,4.072,393.7
1619.046,4.07,397.8
1635.3792,4.056,403.2
1637.8145,4.055,403.9
1638.15,4.075,402.0
1577.996,4.067,388.0
1591.52,4.06,392.0
1608.3765,4.077,394.5
1599.6518,4.087,391.4
1580.118,4.062,389.0
1589.685,4.045,393.0
1583.145,4.05,390.9
1588.242,4.062,391.0
1600.881,4.058,394.5
1587.7568,4.067,390.4
1591.37,4.07,391.0
1580.7722,4.046,390.7
1572.1412,4.054,387.8
1589.9788,4.054,392.2
1598.064,4.056,394.0
1618.722,4.06,398.7
1584.1637,4.063,389.9
1590.197,4.067,391.0
1575.7651,4.027,391.3
1589.2805,4.045,392.9
1580.6125,4.079,387.5
1573.9486,4.066,387.1
1562.9468,4.084,382.7
1583.5911,4.047,391.3
1615.431,4.065,397.4
1575.09,4.07,387.0
1582.1152,4.064,389.3
1558.5952,4.042,385.6
1571.7534,4.053,387.8
1575.5275,4.045,389.5
1550.0837,4.061,381.7
1578.8832,4.036,391.2
1568.2465,4.045,387.7
1572.2432,4.048,388.4
1570.8255,4.035,389.3
1584.5445,4.035,392.7
1610.0046,4.023,400.2
1580.5975,4.027,392.5
1587.417,4.03,393.9
1609.5919,4.027,399.7
1608.7925,4.025,399.7
1583.8551,4.023,393.7
1568.8226,4.034,388.9
1586.508,4.04,392.7
1577.2023,4.041,390.3
1570.6071,4.049,387.9
1616.6592,4.064,397.8
1549.6395,4.045,383.1
1540.0632,4.056,379.7
1570.9428,4.053,387.6
1559.6724,4.026,387.4
1568.6,4.048,387.5
1560.6162,4.042,386.1
1589.5996,4.052,392.3
1607.567,4.03,398.9
1600.7517,4.023,397.9
1631.714,4.019,406.0
1603.599,4.01,399.9
1647.912,4.039,408.0
1633.273,4.01,407.3
1623.248,4.01,404.8
1659.6438,4.003,414.6
1618.0494,4.019,402.6
1615.6368,4.016,402.3
1640.5068,4.012,408.9
1622.4768,4.032,402.4
1620.8576,4.016,403.6
1618.4493,4.029,401.7
1605.9594,4.029,398.6
1624.4858,4.039,402.2
1604.2908,4.039,397.2
1596.1368,4.047,394.4
1602.8188,4.093,391.6
1590.2121,4.089,388.9
1598.9194,4.082,391.7
1569.6261,4.123,380.7
1599.8196,4.119,388.4
1591.478,4.123,386.0
1583.2882,4.121,384.2
1576.9796,4.111,383.6
1569.0426,4.101,382.6
1593.3848,4.094,389.2
1604.664,4.104,391.0
1614.327,4.134,390.5
1581.4216,4.114,384.4
1592.7665,4.121,386.5
1595.913,4.11,388.3
1591.9862,4.102,388.1
1587.0638,4.102,386.9
1600.9848,4.122,388.4
1599.957,4.113,389.0
1618.3927,4.117,393.1
1605.0839,4.123,389.3
1564.7437,4.121,379.7
1534.3273,4.139,370.7
1553.7558,4.117,377.4
1618.176,4.128,392.0
1579.7554,4.129,382.6
1553.035,4.114,377.5
1553.632,4.132,376.0
1613.0994,4.114,392.1
1572.0176,4.112,382.3
1578.8412,4.118,383.4
1558.0817,4.123,377.9
1563.3586,4.099,381.4
1575.9,4.12,382.5
1576.3993,4.117,382.9
1567.7536,4.117,380.8
1575.9448,4.132,381.4
1558.0368,4.112,378.9
1590.6875,4.105,387.5
1576.0655,4.099,384.5
1572.987,4.134,380.5
1574.1285,4.137,380.5
1585.7058,4.123,384.6
1590.0219,4.131,384.9
1564.3962,4.119,379.8
1555.8143,4.117,377.9
1597.2502,4.123,387.4
1601.5356,4.116,389.1
1580.0148,4.134,382.2
1612.872,4.104,393.0
1614.4261,4.109,392.9
1618.3582,4.094,395.3
1626.6672,4.083,398.4
1632.7716,4.119,396.4
1581.7788,4.116,384.3
1609.2288,4.122,390.4
1641.5104,4.112,399.2
1611.823,4.135,389.8
1613.3508,4.122,391.4
1608.8044,4.102,392.2
1610.8554,4.102,392.7
1612.4535,4.077,395.5
1595.5648,4.087,390.4
1581.9664,4.124,383.6
1599.2444,4.108,389.3
1608.552,4.062,396.0
1630.8076,4.076,400.1
1608.2792,4.084,393.8
1627.2634,4.102,396.7
1616.2512,4.098,394.4
1633.0966,4.094,398.9
1628.043,4.105,396.6
1607.737,4.133,389.0
1609.7796,4.134,389.4
1592.448,4.147,384.0
1563.582,4.164,375.5
1578.66,4.15,380.4
1561.329,4.158,375.5
1587.698,4.165,381.2
1577.9335,4.147,380.5
1561.553,4.13,378.1
1579.905,4.15,380.7
1573.4004,4.134,380.6
1571.1644,4.139,379.6
1537.3092,4.137,371.6
1593.5652,4.122,386.6
1593.354,4.13,385.8
1576.9267,4.127,382.1
1586.97,4.122,385.0
1575.076,4.12,382.3
1569.1392,4.112,381.6
1582.602,4.116,384.5
1629.4096,4.123,395.2
1579.779,4.098,385.5
1590.7834,4.118,386.3
1580.334,4.137,382.0
1576.1928,4.124,382.2
1602.8778,4.129,388.2
1595.6128,4.138,385.6
1559.3085,4.135,377.1
1564.857,4.13,378.9
1595.7006,4.119,387.4
1572.226,4.132,380.5
1572.435,4.15,378.9
1581.531,4.151,381.0
1565.3421,4.151,377.1
1546.864,4.136,374.0
1546.705,4.15,372.7
1549.401,4.145,373.8
1584.9508,4.148,382.1
1568.32,4.16,377.0
1563.0953,4.121,379.3
1533.425,4.15,369.5
1549.6173,4.169,371.7
1582.5936,4.144,381.9
1605.3039,4.113,390.3
1594.053,4.119,387.0
1577.1067,4.121,382.7
1620.606,4.108,394.5
1617.6084,4.089,395.6
1619.9538,4.097,395.4
1617.1584,4.092,395.2
1583.1948,4.092,386.9
1609.49,4.085,394.0
1606.2372,4.084,393.3
1628.5071,4.101,397.1
1594.2036,4.094,389.4
1625.2535,4.099,396.5
1612.563,4.098,393.5
1601.712,4.086,392.0
1593.325,4.075,391.0
1648.2231,4.097,402.3
1604.226,4.082,393.0
1623.996,4.101,396.0
1614.612,4.098,394.0
1601.1996,4.092,391.3
1580.9164,4.084,387.1
1613.265,4.105,393.0
1609.9128,4.084,394.2
1604.7213,4.101,391.3
1578.8682,4.131,382.2
1564.299,4.122,379.5
1567.965,4.11,381.5
1567.434,4.114,381.0
1599.089,4.115,388.6
1603.311,4.11,390.1
1607.212,4.12,390.1
1584.144,4.104,386.0
1578.514,4.115,383.6
1588.9015,4.111,386.5
1587.216,4.128,384.5
1567.2621,4.091,383.1
1567.434,4.114,381.0
1595.1887,4.123,386.9
1580.5206,4.131,382.6
1564.3056,4.134,378.4
1554.647,4.115,377.8
1558.5437,4.109,379.3
1579.2812,4.117,383.6
1572.3377,4.141,379.7
1577.6176,4.156,379.6
1578.0744,4.116,383.4
1568.9271,4.119,380.9
1581.9574,4.138,382.3
1573.8912,4.144,379.8
1568.7052,4.126,380.2
1559.52,4.104,380.0
1592.9888,4.112,387.4
1554.545,4.118,377.5
1586.1952,4.063,390.4
1686.0844,4.004,421.1
1593.54,4.086,390.0
1612.7716,4.084,394.9
1593.516,4.107,388.0
1561.8616,4.108,380.2
1628.6487,4.089,398.3
1603.3464,4.086,392.4
1620.6696,4.104,394.9
1547.3382,4.087,378.6
1607.61,4.1,392.1
1644.9111,4.101,401.1
1632.5057,4.109,397.3
1552.686,4.124,376.5
1615.1764,4.133,390.8
1607.3604,4.113,390.8
1564.9918,4.126,379.3
1639.842,4.044,405.5
1675.9072,4.052,413.6
1653.624,4.053,408.0
1599.2094,4.062,393.7
1656.0758,4.061,407.8
1621.4229,4.077,397.7
1613.7924,4.098,393.8
1571.3418,4.074,385.7
1599.2431,4.087,391.3
1630.1963,4.097,397.9
1569.6676,4.076,385.1
1569.168,4.08,384.6
1582.0777,4.087,387.1
1601.0228,4.078,392.6
1583.2824,4.088,387.3
1582.7678,4.073,388.6
1615.8636,4.062,397.8
1603.4549,4.079,393.1
1607.4771,4.083,393.7
1582.5385,4.063,389.5
1603.8089,4.049,396.1
1615.9244,4.054,398.6
1619.0076,4.074,397.4
1589.454,4.086,389.0
1580.0342,4.087,386.6
1597.9992,4.088,390.9
1597.9812,4.089,390.8
1586.3607,4.077,389.1
1578.0795,4.083,386.5
1590.519,4.094,388.5
1597.7082,4.103,389.4
1568.924,4.09,383.6
1548.2736,4.083,379.2
1542.42,4.1,376.2
1545.0756,4.094,377.4
1550.3151,4.083,379.7
1593.5768,4.084,390.2
1594.4149,4.121,386.9
1602.1242,4.182,383.1
1572.7814,4.163,377.8
1561.608,4.14,377.2
1555.358,4.13,376.6
1593.8474,4.127,386.2
1590.9585,4.127,385.5
1576.96,4.096,385.0
1575.499,4.105,383.8
1553.79,4.116,377.5
1606.8864,4.116,390.4
1586.313,4.099,387.0
1570.9275,4.107,382.5
1575.418,4.108,383.5
1600.62,4.12,388.5
1565.088,4.11,380.8
1564.0636,4.103,381.2
1604.7624,4.119,389.6
1595.4456,4.129,386.4
1575.7194,4.126,381.9
1574.664,4.12,382.2
1571.2242,4.111,382.2
1573.458,4.119,382.0
1587.5976,4.143,383.2
1553.0625,4.125,376.5
1541.8862,4.126,373.7
1589.3612,4.109,386.8
1551.1242,4.097,378.6
1558.8028,4.126,377.8
1583.8254,4.131,383.4
1584.0573,4.137,382.9
1570.254,4.116,381.5
1586.4792,4.152,382.1
1603.8627,4.103,390.9
1594.8789,4.101,388.9
1615.083,4.094,394.5
1598.017,4.087,391.0
1587.8787,4.083,388.9
1635.9721,4.093,399.7
1642.46,4.1,400.6
1608.103,4.066,395.5
1606.5816,4.056,396.1
1621.5573,4.061,399.3
1593.325,4.075,391.0
1612.5756,4.066,396.6
1580.14,4.1,385.4
1600.6302,4.077,392.6
1567.488,4.082,384.0
1631.7631,4.103,397.7
1616.2357,4.099,394.3
1570.5349,4.091,383.9
1565.1558,4.121,379.8
1604.735,4.075,393.8
1628.0384,4.064,400.6
1581.2603,4.087,386.9
1566.3104,4.096,382.4
1561.0422,4.094,381.3
1583.7336,4.086,387.6
1611.48,4.132,390.0
1611.2468,4.124,390.7
1588.1145,4.165,381.3
1605.3792,4.128,388.9
1589.991,4.146,383.5
1577.0928,4.159,379.2
1581.2988,4.236,373.3
1605.8448,4.272,375.9
1583.2878,4.278,370.1
1591.2146,4.258,373.7
1564.7089,4.267,366.7
1591.155,4.275,372.2
1559.6754,4.286,363.9
1597.368,4.294,372.0
1578.582,4.278,369.0
1573.3186,4.273,368.2
1573.8138,4.293,366.6
1559.7692,4.271,365.2
1566.6864,4.232,370.2
1598.28,4.206,380.0
1573.352,4.18,376.4
1580.6714,4.214,375.1
1583.55,4.25,372.6
1594.0748,4.252,374.9
1572.4213,4.219,372.7
1572.5628,4.241,370.8
1576.6818,4.259,370.2
1610.6136,4.234,380.4
1590.5736,4.228,376.2
1572.4558,4.243,370.6
1582.81,4.15,381.4
1551.9025,4.111,377.5
1585.5072,4.168,380.4
1581.0014,4.142,381.7
1582.9428,4.146,381.8
1540.1524,4.148,371.3
1573.6478,4.139,380.2
1608.904,4.136,389.0
1548.144,4.135,374.4
1567.4346,4.127,379.8
1569.813,4.13,380.1
1564.2048,4.112,380.4
1596.6208,4.096,389.8
1564.9416,4.101,381.6
1616.5668,4.126,391.8
1620.5562,4.111,394.2
1622.5098,4.138,392.1
1606.861,4.135,388.6
1615.8037,4.123,391.9
1602.28,4.1,390.8
1612.94,4.1,393.4
1636.178,4.111,398.0
1615.9605,4.115,392.7
1594.8144,4.104,388.6
1601.536,4.096,391.0
1617.4344,4.101,394.4
1609.4565,4.111,391.5
1578.6375,4.125,382.7
1595.5756,4.124,386.9
1583.7956,4.132,383.3
1597.8444,4.132,386.7
1614.4016,4.148,389.2
1576.1013,4.127,381.9
1600.788,4.13,387.6
1618.74,4.14,391.0
1549.296,4.176,371.0
1572.3624,4.152,378.7
1587.8376,4.161,381.6
1583.1982,4.174,379.3
1568.3778,4.169,376.2
1608.122,4.19,383.8
1568.538,4.185,374.8
1584.1416,4.182,378.8
1607.0544,4.172,385.2
1570.1256,4.167,376.8
1564.9194,4.191,373.4
1600.7232,4.208,380.4
1618.8536,4.207,384.8
1599.171,4.215,379.4
1565.712,4.192,373.5
1558.68,4.19,372.0
1563.9844,4.202,372.2
1585.7832,4.222,375.6
1570.5675,4.205,373.5
1574.3551,4.231,372.1
1568.152,4.22,371.6
1553.4358,4.219,368.2
1559.492,4.232,368.5
1586.9517,4.233,374.9
1613.744,4.24,380.6
1543.2368,4.249,363.2
1565.84,4.232,370.0
1568.1672,4.236,370.2
1547.0252,4.228,365.9
1546.0887,4.251,363.7
1587.5405,4.255,373.1
1552.494,4.236,366.5
1590.9762,4.246,374.7
1557.4905,4.245,366.9
1570.6028,4.238,370.6
1582.3171,4.241,373.1
1596.3124,4.241,376.4
1583.6544,4.248,372.8
1576.1685,4.245,371.3
1582.8048,4.248,372.6
1578.0761,4.241,372.1
1597.7727,4.237,377.1
1591.1643,4.267,372.9
1562.3286,4.242,368.3
1563.632,4.249,368.0
1609.9704,4.219,381.6
1614.0429,4.233,381.3
1606.9149,4.241,378.9
1628.5581,4.251,383.1
1601.5402,4.238,377.9
1590.7614,4.233,375.8
1598.9508,4.239,377.2
1602.8571,4.237,378.3
1578.5861,4.231,373.1
1611.3157,4.217,382.1
1617.0472,4.232,382.1
1570.3906,4.234,370.9
1575.5832,4.248,370.9
1624.5504,4.224,384.6
1615.2129,4.203,384.3
1605.9554,4.214,381.1
1632.1175,4.225,386.3
1626.2794,4.234,384.1
1624.4248,4.216,385.3
1618.324,4.21,384.4
1590.5516,4.246,374.6
1598.94,4.23,378.0
1627.0476,4.236,384.1
1597.8238,4.262,374.9
1565.4326,4.262,367.3
1560.6234,4.271,365.4
1587.586,4.27,371.8
1590.2052,4.261,373.2
1607.9168,4.256,377.8
1579.689,4.281,369.0
1577.18,4.28,368.5
1560.6234,4.271,365.4
1560.9108,4.237,368.4
1571.8829,4.261,368.9
1570.833,4.257,369.0
1616.52,4.254,380.0
1596.784,4.24,376.6
1591.6923,4.257,373.9
1567.0034,4.234,370.1
1580.3502,4.238,372.9
1561.4992,4.234,368.8
1585.5348,4.236,374.3
1620.95,4.25,381.4
1611.132,4.26,378.2
1590.8967,4.239,375.3
1578.025,4.25,371.3
1577.2803,4.271,369.3
1572.8742,4.266,368.7
1552.1632,4.256,364.7
1558.1872,4.262,365.6
1560.5421,4.251,367.1
1589.6485,4.279,371.5
1564.6392,4.261,367.2
1536.6089,4.253,361.3
1537.6938,4.269,360.2
1587.9533,4.247,373.9
1565.3568,4.256,367.8
1535.841,4.245,361.8
1552.6984,4.268,363.8
1584.504,4.248,373.0
1561.1008,4.256,366.8
1554.402,4.247,366.0
1589.0532,4.242,374.6
1584.615,4.254,372.5
1580.4049,4.261,370.9
1580.7231,4.239,372.9
1575.1932,4.214,373.8
1564.4496,4.242,368.8
1600.6827,4.209,380.3
1634.4018,4.194,389.7
1599.0741,4.227,378.3
1605.5328,4.234,379.2
1594.7559,4.229,377.1
1582.3856,4.204,376.4
1626.0055,4.207,386.5
1592.937,4.203,379.0
1592.7794,4.226,376.9
1593.9483,4.209,378.7
1613.2262,4.222,382.1
1584.2798,4.189,378.2
1627.833,4.215,386.2
1605.0516,4.182,383.8
1603.3848,4.156,385.8
1639.8396,4.179,392.4
1620.8192,4.186,387.2
1612.2902,4.178,385.9
1609.2648,4.168,386.1
1601.8107,4.179,383.3
1591.5172,4.186,380.2
1597.6534,4.211,379.4
1595.778,4.195,380.4
1574.9778,4.191,375.8
1579.794,4.196,376.5
1546.9977,4.189,369.3
1574.0235,4.203,374.5
1580.8361,4.181,378.1
1625.4112,4.172,389.6
1592.8864,4.183,380.8
1583.6468,4.204,376.7
1557.9674,4.213,369.8
1569.7236,4.196,374.1
1556.448,4.184,372.0
1571.1171,4.193,374.7
1598.4805,4.201,380.5
1599.0182,4.198,380.9
1611.2283,4.197,383.9
1588.7034,4.183,379.8
1584.9428,4.172,379.9
1573.614,4.163,378.0
1585.8142,4.171,380.2
1593.5255,4.177,381.5
1607.456,4.208,382.0
1603.008,4.224,379.5
1546.9139,4.207,367.7
1582.875,4.221,375.0
1560.226,4.21,370.6
1575.8435,4.235,372.1
1593.1976,4.244,375.4
1562.3985,4.217,370.5
1555.7501,4.181,372.1
1562.9628,4.197,372.4
1594.9565,4.205,379.3
1561.2177,4.207,371.1
1586.863,4.226,375.5
1559.383,4.249,367.0
1540.3292,4.234,363.8
1562.4713,4.247,367.9
1572.3341,4.253,369.7
1589.6738,4.238,375.1
1593.9382,4.219,377.8
1557.602,4.22,369.1
1575.08,4.225,372.8
1562.652,4.212,371.0
1579.125,4.211,375.0
1583.53,4.225,374.8
1579.0224,4.204,375.6
1562.265,4.194,372.5
1622.6976,4.148,391.2
1611.7755,4.181,385.5
1650.5895,4.165,396.3
1620.4006,4.186,387.1
1627.08,4.2,387.4
1611.96,4.2,383.8
1609.718,4.18,385.1
1576.3188,4.179,377.2
1608.602,4.211,382.0
1599.248,4.192,381.5
1601.7632,4.192,382.1
1608.4881,4.203,382.7
1615.9815,4.205,384.3
1600.3925,4.195,381.5
1610.388,4.185,384.8
1622.106,4.185,387.6
1634.0121,4.193,389.7
1580.2836,4.204,375.9
1616.1492,4.188,385.9
1639.1832,4.188,391.4
1627.0682,4.187,388.6
1627.2452,4.181,389.2
1580.2136,4.196,376.6
1615.8796,4.196,385.1
1618.9956,4.203,385.2
1588.86,4.2,378.3
1578.7072,4.192,376.6
1592.422,4.195,379.6
1585.1536,4.208,376.7
1544.092,4.18,369.4
1582.3856,4.204,376.4
1601.4618,4.177,383.4
1593.7288,4.159,383.2
1592.1549,4.143,384.3
1583.6733,4.149,381.7
1589.224,4.13,384.8
1602.9621,4.107,390.3
1605.282,4.132,388.5
1585.359,4.135,383.4
1596.8875,4.121,387.5
1563.955,4.175,374.6
1547.217,4.193,369.0
1567.5795,4.197,373.5
1588.3892,4.211,377.2
1597.5609,4.223,378.3
1594.5244,4.234,376.6
1595.133,4.23,377.1
1559.7036,4.212,370.3
1541.4206,4.237,363.8
1612.1778,4.227,381.4
1573.188,4.229,372.0
1575.08,4.225,372.8
1574.829,4.23,372.3
1607.4432,4.257,377.6
1532.952,4.23,362.4
1581.9552,4.248,372.4
1600.298,4.228,378.5
1561.3896,4.236,368.6
1554.9,4.26,365.0
1570.5768,4.254,369.2
1567.3642,4.243,369.4
1544.2677,4.239,364.3
1574.8308,4.254,370.2
1566.6336,4.256,368.1
1548.5162,4.246,364.7
1546.5681,4.257,363.3
1576.1152,4.246,371.2
1559.67,4.244,367.5
1577.4668,4.228,373.1
1604.022,4.22,380.1
1586.9475,4.215,376.5
1620.1714,4.217,384.2
1620.3257,4.201,385.7
1581.3213,4.209,375.7
1634.1578,4.202,388.9
1623.3666,4.198,386.7
1633.7061,4.203,388.7
1630.5032,4.198,388.4
1597.52,4.204,380.0
1609.202,4.195,383.6
1619.1686,4.198,385.7
1575.0896,4.198,375.2
1583.1508,4.196,377.3
1585.1176,4.189,378.4
1578.368,4.18,377.6
1613.4952,4.204,383.8
1610.3889,4.197,383.7
1606.446,4.19,383.4
1609.9748,4.172,385.9
1613.4156,4.182,385.8
1583.4828,4.188,378.1
1581.9345,4.195,377.1
1579.672,4.168,379.0
1579.5008,4.183,377.6
1612.0299,4.173,386.3
1572.7225,4.175,376.7
1602.4365,4.185,382.9
1580.9424,4.156,380.4
1757.7414,4.038,435.3
1800.9188,4.028,447.1
1781.7867,4.023,442.9
1626.0328,4.102,396.4
1564.0557,4.141,377.7
1590.784,4.16,382.4
1574.0064,4.128,381.3
1600.5513,4.139,386.7
1554.3088,4.136,375.8
1579.4996,4.109,384.4
1580.744,4.048,390.5
1573.2255,4.081,385.5
1576.286,4.09,385.4
1591.1451,4.083,389.7
1625.2866,4.123,394.2
1552.8429,4.131,375.9
1560.314,4.13,377.8
1561.896,4.132,378.0
1569.474,4.14,379.1
1581.9461,4.151,381.1
1582.4283,4.161,380.3
1597.32,4.176,382.5
1587.918,4.146,383.0
1579.1436,4.148,380.7
1595.8836,4.143,385.2
1586.5776,4.149,382.4
1566.9302,4.117,380.6
1589.1672,4.132,384.6
1600.883,4.142,386.5
1569.5625,4.125,380.5
1573.2438,4.126,381.3
1587.9495,4.145,383.1
1575.488,4.12,382.4
1566.0902,4.142,378.1
1575.503,4.157,379.0
1574.4505,4.127,381.5
1545.5832,4.137,373.6
1558.329,4.17,373.7
1565.0355,4.179,374.5
1615.128,4.152,389.0
1591.9935,4.119,386.5
1615.18,4.15,389.2
1624.9066,4.142,392.3
1631.652,4.136,394.5
1631.025,4.125,395.4
1606.5025,4.093,392.5
1598.1522,4.079,391.8
1614.7286,4.051,398.6
1645.1132,4.054,405.8
1649.5182,4.037,408.6
1626.5073,4.037,402.9
1591.7499,4.041,393.9
1625.1432,4.071,399.2
1584.303,4.078,388.5
1578.3651,4.069,387.9
1578.8344,4.103,384.8
1567.7226,4.089,383.4
1576.5256,4.097,384.8
1578.5984,4.096,385.4
1598.3352,4.092,390.6
1579.2828,4.084,386.7
1578.2669,4.109,384.1
1556.948,4.12,377.9
1586.6769,4.101,386.9
1596.8628,4.122,387.4
1582.7175,4.095,386.5
1585.4488,4.082,388.4
1568.9993,4.087,383.9
1615.5359,4.091,394.9
1589.843,4.087,389.0
1586.172,4.105,386.4
1554.0564,4.108,378.3
1588.5648,4.124,385.2
1580.5988,4.114,384.2
1574.37,4.116,382.5
1557.8058,4.119,378.2
1566.4752,4.131,379.2
1567.9354,4.111,381.4
1580.7,4.125,383.2
1567.188,4.146,378.0
1571.0606,4.142,379.3
1573.6338,4.113,382.6
1597.0446,4.131,386.6
1589.0576,4.121,385.6
1577.202,4.156,379.5
1572.1932,4.133,380.4
1565.2365,4.105,381.3
1611.5684,4.108,392.3
1594.151,4.115,387.4
1576.0908,4.098,384.6
1589.7721,4.109,386.9
1601.73,4.107,390.0
1564.5028,4.102,381.4
1570.6955,4.115,381.7
1598.972,4.12,388.1
1611.0198,4.134,389.7
1585.7058,4.123,384.6
1555.5375,4.125,377.1
1536.6908,4.132,371.9
1586.0061,4.127,384.3
1592.3544,4.121,386.4
1554.9814,4.129,376.6
1558.5622,4.121,378.2
1592.941,4.13,385.7
1574.5688,4.109,383.2
1558.9063,4.123,378.1
1602.3896,4.132,387.8
1597.784,4.118,388.0
1619.7261,4.083,396.7
1607.9096,4.106,391.6
1609.5972,4.124,390.3
1586.9204,4.108,386.3
1602.0356,4.091,391.6
1622.1303,4.087,396.9
1630.16,4.1,397.6
1600.9906,4.103,390.2
1600.6203,4.101,390.3
1605.0375,4.125,389.1
1589.3077,4.127,385.1
1584.3276,4.113,385.2
1570.955,4.145,379.0
1587.8986,4.133,384.2
1607.9244,4.142,388.2
1601.856,4.12,388.8
1603.83,4.155,386.0
1582.2835,4.165,379.9
1597.5664,4.156,384.4
1622.5528,4.136,392.3
1587.072,4.133,384.0
1568.539,4.165,376.6
1570.5024,4.168,376.8
1620.7095,4.161,389.5
1612.7163,4.149,388.7
1567.072,4.16,376.7
1584.128,4.16,380.8
1607.1764,4.181,384.4
1587.2766,4.153,382.2
1588.14,4.152,382.5
1552.4012,4.172,372.1
1597.355,4.175,382.6
1590.266,4.163,382.0
1595.3274,4.161,383.4
1580.5374,4.178,378.3
1598.19,4.175,382.8
1578.314,4.148,380.5
1564.7538,4.133,378.6
1599.936,4.16,384.6
1587.335,4.175,380.2
1586.3769,4.167,380.7
1576.1312,4.139,380.8
1603.0768,4.166,384.8
1592.2602,4.153,383.4
1552.9583,4.187,370.9
1569.8414,4.174,376.1
1582.2086,4.178,378.7
1551.7092,4.178,371.4
1535.8596,4.169,368.4
1592.8415,4.195,379.7
1595.506,4.18,381.7
1607.76,4.176,385.0
1576.831,4.166,378.5
1570.0225,4.159,377.5
1556.2596,4.179,372.4
1609.4158,4.163,386.6
1586.208,4.16,381.3
1573.68,4.15,379.2
1575.1,4.145,380.0
1587.375,4.15,382.5
1587.974,4.157,382.0
1564.135,4.15,376.9
1587.2766,4.153,382.2
1594.1212,4.172,382.1
1585.4108,4.159,381.2
1566.8544,4.132,379.2
1523.88,4.15,367.2
1548.6534,4.143,373.8
1591.9176,4.137,384.8
1590.321,4.135,384.6
1591.205,4.133,385.0
1596.9501,4.149,384.9
1608.0696,4.152,387.3
1578.5904,4.152,380.2
1597.6818,4.138,386.1
1610.7229,4.129,390.1
1613.8672,4.136,390.2
1620.5704,4.132,392.2
1604.5776,4.127,388.8
1635.1818,4.123,396.6
1607.0304,4.128,389.3
1609.4507,4.147,388.1
1602.15,4.125,388.4
1619.8272,4.128,392.4
1645.0636,4.124,398.9
1625.9464,4.108,395.8
1573.7512,4.148,379.4
1610.7681,4.127,390.3
1620.1787,4.109,394.3
1585.1231,4.129,383.9
1566.6624,4.149,377.6
1565.9072,4.147,377.6
1582.9592,4.118,384.4
1556.775,4.125,377.4
1570.2456,4.102,382.8
1586.6769,4.101,386.9
1558.6685,4.105,379.7
1574.8579,4.081,385.9
1584.5786,4.103,386.2
1581.7065,4.103,385.5
1602.6336,4.122,388.8
1619.6818,4.114,393.7
1585.1064,4.098,386.8
1581.58,4.108,385.0
1566.028,4.132,379.0
1600.5244,4.124,388.1
1567.0548,4.126,379.8
1571.3996,4.132,380.3
1597.9264,4.144,385.6
1582.735,4.111,385.0
1569.2138,4.123,380.6
1552.7012,4.099,378.8
1549.9763,4.141,374.3
1574.8942,4.126,381.7
1591.8128,4.154,383.2
1577.2158,4.131,381.8
1542.6336,4.128,373.7
1591.3974,4.154,383.1
1575.816,4.136,381.0
1585.0352,4.132,383.6
1562.51,4.1,381.1
1562.8911,4.101,381.1
1560.8835,4.113,379.5
1555.3686,4.118,377.7
1574.513,4.111,383.0
1594.0028,4.121,386.8
1602.1014,4.127,388.2
1592.2234,4.126,385.9
1587.74,4.124,385.0
1561.6568,4.127,378.4
1551.376,4.126,376.0
1566.8888,4.154,377.2
1592.1549,4.143,384.3
1554.945,4.13,376.5
1544.2568,4.094,377.2
1574.8392,4.114,382.8
1586.1234,4.107,386.2
1566.6112,4.114,380.8
1630.437,4.11,396.7
1588.6188,4.122,385.4
1576.3704,4.118,382.8
1601.1996,4.092,391.3
1604.74,4.1,391.4
1623.2838,4.093,396.6
1616.8915,4.109,393.5
1608.1626,4.114,390.9
1629.1128,4.116,395.8
1603.1,4.1,391.0
1615.2656,4.108,393.2
1563.5048,4.108,380.6
1593.3024,4.098,388.8
1561.8888,4.093,381.6
1593.93,4.087,390.0
1589.0919,4.103,387.3
1591.7472,4.094,388.8
1631.7244,4.106,397.4
1621.5786,4.098,395.7
1614.9112,4.076,396.2
1575.7312,4.096,384.7
1588.0544,4.112,386.2
1595.958,4.108,388.5
1622.7065,4.105,395.3
1602.709,4.099,391.0
1587.975,4.098,387.5
1588.7946,4.098,387.7
1607.7512,4.114,390.8
1600.1363,4.123,388.1
1585.1242,4.114,385.3
1560.4402,4.114,379.3
1562.333,4.106,380.5
1574.8677,4.113,382.9
1597.8545,4.115,388.3
1603.1136,4.136,387.6
1567.6808,4.132,379.4
1592.5005,4.131,385.5
1563.0636,4.109,380.4
1567.0956,4.137,378.8
1567.8327,4.151,377.7
1601.656,4.144,386.5
1598.8401,4.141,386.1
1573.3675,4.135,380.5
1585.6509,4.139,383.1
1550.2115,4.135,374.9
1565.683,4.13,379.1
1598.0119,4.141,385.9
1583.533,4.165,380.2
1570.5405,4.145,378.9
1563.7875,4.125,379.1
1559.5584,4.128,377.8
1573.0848,4.131,380.8
1609.9427,4.127,390.1
1579.7915,4.141,381.5
1563.1245,4.165,375.3
1550.9372,4.148,373.9
1574.7084,4.156,378.9
1565.2476,4.164,375.9
1555.9236,4.158,374.2
1546.7892,4.148,372.9
1586.1627,4.149,382.3
1586.9175,4.175,380.1
1556.7838,4.147,375.4
1551.1774,4.162,372.7
1592.0652,4.159,382.8
1616.295,4.155,389.0
1606.8521,4.151,387.1
1606.1331,4.147,387.3
1602.2215,4.103,390.5
1641.4215,4.119,398.5
1632.3597,4.119,396.3
1619.0221,4.127,392.3
1591.6572,4.116,386.7
1595.8848,4.128,386.6
1632.4205,4.115,396.7
1629.5643,4.137,393.9
1587.6588,4.154,382.2
1577.38,4.151,380.0
1601.07,4.15,385.8
1595.3028,4.174,382.2
1613.1312,4.149,388.8
1586.0448,4.176,379.8
1619.488,4.16,389.3
1569.53,4.15,378.2
1589.1618,4.146,383.3
1567.6047,4.157,377.1
1627.848,4.14,393.2
1613.7232,4.142,389.6
1621.5472,4.144,391.3
1607.7925,4.175,385.1
1594.046,4.162,383.0
1570.0856,4.168,376.7
1575.3546,4.161,378.6
1571.7468,4.134,380.2
1587.8863,4.147,382.9
1586.6742,4.146,382.7
1583.5048,4.154,381.2
1602.0144,4.146,386.4
1583.5728,4.152,381.4
1562.902,4.18,373.9
1574.4384,4.152,379.2
1578.1351,4.141,381.1
1573.608,4.152,379.0
1587.6021,4.179,379.9
1584.0624,4.184,378.6
1561.9322,4.183,373.4
1563.7581,4.149,376.9
1567.7112,4.143,378.4
1561.8607,4.133,377.9
1568.7848,4.136,379.3
1591.5615,4.135,384.9
1574.9604,4.149,379.6
1566.873,4.165,376.2
1595.7954,4.146,384.9
1559.5933,4.127,377.9
1572.6828,4.143,379.6
1604.2455,4.155,386.1
1598.3978,4.142,385.9
1584.8518,4.151,381.8
1555.8708,4.169,373.2
1569.2876,4.187,374.8
1553.1712,4.144,374.8
1547.9497,4.169,371.3
1568.672,4.172,376.0
1592.6618,4.166,382.3
1582.9856,4.157,380.8
1544.3618,4.126,374.3
1566.2475,4.149,377.5
1575.5829,4.143,380.3
1575.8451,4.159,378.9
1551.2186,4.141,374.6
1570.6096,4.088,384.2
1533.9528,4.071,376.8
1560.5184,4.098,380.8
1584.9176,4.088,387.7
1604.762,4.073,394.0
1622.5152,4.089,396.8
1639.1901,4.099,399.9
1641.293,4.093,401.0
1631.2225,4.075,400.3
1615.1824,4.087,395.2
1600.7168,4.096,390.8
1617.775,4.075,397.0
1642.4693,4.099,400.7
1622.7365,4.103,395.5
1574.4274,4.082,385.7
1605.944,4.076,394.0
1579.2525,4.065,388.5
1609.9128,4.084,394.2
1607.126,4.079,394.0
1606.878,4.095,392.4
1623.8499,4.079,398.1
1611.5869,4.081,394.9
1600.046,4.06,394.1
1589.7583,4.069,390.7
1582.2976,4.112,384.8
1611.605,4.106,392.5
1602.3384,4.134,387.6
1585.1748,4.141,382.8
1547.5514,4.106,376.9
1590.2538,4.106,387.3
1628.616,4.092,398.0
1612.1367,4.099,393.3
1576.96,4.096,385.0
1587.5412,4.116,385.7
1573.9108,4.103,383.6
1592.7039,4.087,389.7
1586.969,4.106,386.5
1562.7436,4.106,380.6
1568.5488,4.104,382.2
1592.6484,4.109,387.6
1581.056,4.096,386.0
1560.0794,4.099,380.6
1594.053,4.119,387.0
1591.4625,4.107,387.5
1584.2163,4.101,386.3
1611.0424,4.114,391.6
1557.5432,4.138,376.4
1572.704,4.13,380.8
1588.0416,4.128,384.7
1562.0213,4.151,376.3
1574.4756,4.139,380.4
1565.2834,4.117,380.2
1573.4656,4.132,380.8
1563.5048,4.108,380.6
1584.8913,4.107,385.9
1576.8396,4.116,383.1
1545.594,4.115,375.6
1605.6942,4.114,390.3
1596.2506,4.094,389.9
1573.2797,4.111,382.7
1575.5759,4.117,382.7
1578.3201,4.107,384.3
1581.4484,4.078,387.8
1567.288,4.09,383.2
1582.6944,4.096,386.4
1599.843,4.118,388.5
1582.2175,4.115,384.5
1558.3456,4.088,381.2
1547.9233,4.081,379.3
1586.3584,4.097,387.2
1591.7552,4.112,387.1
1580.6795,4.111,384.5
1631.2,4.078,400.0
1578.2272,4.076,387.2
1588.5394,4.109,386.6
1602.2006,4.081,392.6
1571.8593,4.103,383.1
1618.344,4.095,395.2
1614.1536,4.101,393.6
1604.4732,4.092,392.1
1636.1541,4.067,402.3
1638.9702,4.074,402.3
1603.0908,4.076,393.3
1595.9367,4.089,390.3
1597.4456,4.072,392.3
1641.4632,4.056,404.7
1634.9386,4.066,402.1
1615.4,4.1,394.0
1620.6696,4.104,394.9
1621.1104,4.102,395.2
1623.5388,4.068,399.1
1593.7536,4.096,389.1
1612.563,4.098,393.5
1629.6969,4.057,401.7
1600.4637,4.059,394.3
1580.4648,4.086,386.8
1581.408,4.08,387.6
1572.096,4.094,384.0
1577.84,4.075,387.2
1601.3034,4.086,391.9
1599.5258,4.094,390.7
1585.5073,4.079,388.7
1588.521,4.07,390.3
1581.5835,4.071,388.5
1604.2852,4.078,393.4
1611.4538,4.114,391.7
1617.612,4.135,391.2
1604.6903,4.139,387.7
1594.3052,4.154,383.8
1584.5088,4.161,380.8
1579.2552,4.168,378.9
1555.4232,4.188,371.4
1559.3184,4.176,373.4
1600.029,4.17,383.7
1573.2741,4.161,378.1
1588.8388,4.156,382.3
1577.089,4.135,381.4
1561.645,4.15,376.3
1559.163,4.17,373.9
1594.6252,4.157,383.6
1556.4475,4.145,375.5
1599.9984,4.144,386.1
1573.2,4.14,380.0
1604.6902,4.154,386.3
1613.2003,4.129,390.7
1565.115,4.146,377.5
1617.2429,4.133,391.3
1593.4104,4.156,383.4
1572.5424,4.147,379.2
1578.3822,4.146,380.7
1596.762,4.126,387.0
1597.8684,4.146,385.4
1564.8312,4.164,375.8
1545.7896,4.152,372.3
1566.3219,4.147,377.7
1588.0742,4.154,382.3
1561.2072,4.161,375.2
1544.0418,4.154,371.7
1566.252,4.17,375.6
1604.5722,4.158,385.9
1585.62,4.14,383.0
1584.0927,4.161,380.7
1610.2801,4.147,388.3
1583.4546,4.143,382.2
1593.075,4.125,386.2
1614.9574,4.102,393.7
1608.3942,4.102,392.1
1617.1443,4.093,395.1
1644.2625,4.075,403.5
1607.7468,4.092,392.9
1615.8258,4.099,394.2
1593.1866,4.083,390.2
1617.5676,4.092,395.3
1585.6008,4.074,389.2
1621.3129,4.087,396.7
1580.8074,4.089,386.6
1607.6131,4.073,394.7
1566.0912,4.072,384.6
1609.2674,4.099,392.6
1606.2816,4.081,393.6
1585.5095,4.115,385.3
1591.731,4.113,387.0
1598.688,4.16,384.3
1570.2552,4.184,375.3
1580.7557,4.183,377.9
1614.6944,4.136,390.4
1586.0954,4.138,383.3
1591.0392,4.124,385.8
1603.2411,4.131,388.1
1576.7395,4.133,381.5
1581.1497,4.173,378.9
1585.08,4.2,377.4
1622.9736,4.184,387.9
1601.0358,4.189,382.2
1575.1494,4.187,376.2
1566.159,4.182,374.5
1584.5598,4.182,378.9
1581.0522,4.186,377.7
1606.5868,4.186,383.8
1578.786,4.18,377.7
1569.9453,4.161,377.3
1569.7265,4.205,373.3
1575.3075,4.173,377.5
1575.3594,4.182,376.7
1566.6207,4.181,374.7
1596.6244,4.172,382.7
1566.8198,4.186,374.3
1595.8944,4.192,380.7
1557.2612,4.202,370.6
1551.48,4.2,369.4
1562.5428,4.188,373.1
1559.7486,4.194,371.9
1586.2837,4.211,376.7
1568.6534,4.201,373.4
1576.875,4.205,375.0
1595.0172,4.193,380.4
1603.4832,4.202,381.6
1567.434,4.191,374.0
1573.0582,4.177,376.6
1609.0641,4.187,384.3
1605.0872,4.204,381.8
1573.44,4.224,372.5
1548.912,4.209,368.0
1546.86,4.2,368.3
1539.176,4.21,365.6
1565.3504,4.217,371.2
1595.418,4.204,379.5
1563.7419,4.207,371.7
1569.2568,4.178,375.6
1568.9128,4.186,374.8
1562.8134,4.182,373.7
1576.9767,4.173,377.9
1559.313,4.203,371.0
1591.748,4.156,383.0
1619.2035,4.155,389.7
1599.0832,4.147,385.6
1596.192,4.16,383.7
1598.165,4.15,385.1
1617.2412,4.166,388.2
1600.3273,4.147,385.9
1589.2875,4.155,382.5
1598.4285,4.155,384.7
1613.9868,4.148,389.1
1582.244,4.142,382.0
1564.7884,4.132,378.7
1605.2481,4.149,386.9
1576.6432,4.136,381.2
1585.237,4.139,383.0
1622.096,4.138,392.0
1602.6738,4.137,387.4
1611.87,4.133,390.0
1599.2288,4.156,384.8
1605.025,4.142,387.5
1592.115,4.13,385.5
1550.8388,4.118,376.6
1585.5261,4.143,382.7
1625.669,4.145,392.2
1606.5621,4.161,386.1
1616.1728,4.174,387.2
1606.284,4.17,385.2
1603.4616,4.167,384.8
1597.7594,4.163,383.8
1551.8081,4.157,373.3
1582.966,4.18,378.7
1593.7593,4.193,380.1
1593.1535,4.187,380.5
1570.2999,4.173,376.3
1546.3602,4.158,371.9
1543.0592,4.184,368.8
1588.3236,4.182,379.8
1572.9,4.2,374.5
1584.3675,4.197,377.5
1575.2664,4.194,375.6
1555.0516,4.178,372.2
1552.1994,4.194,370.1
1585.6965,4.185,378.9
1595.4588,4.203,379.6
1565.6004,4.212,371.7
1582.9407,4.191,377.7
1570.4731,4.207,373.3
1574.183,4.19,375.7
1567.701,4.185,374.6
1585.74,4.173,380.0
1610.3889,4.197,383.7
1609.551,4.185,384.6
1570.1654,4.166,376.9
1561.1475,4.191,372.5
1583.6667,4.213,375.9
1607.7227,4.201,382.7
1595.2528,4.208,379.1
1548.5912,4.199,368.8
1561.3316,4.196,372.1
1542.9469,4.169,370.1
1551.4747,4.183,370.9
1557.7472,4.192,371.6
1617.8747,4.199,385.3
1583.9478,4.197,377.4
1597.0071,4.173,382.7
1587.572,4.13,384.4
1596.0612,4.164,383.3
1604.4525,4.175,384.3
1600.695,4.175,383.4
1620.4629,4.137,391.7
1636.7842,4.126,396.7
1604.6902,4.154,386.3
1619.2035,4.155,389.7
1635.8235,4.155,393.7
1604.661,4.155,386.2
1616.9153,4.147,389.9
1577.9904,4.179,377.6
1599.4706,4.186,382.1
1610.9016,4.169,386.4
1586.4128,4.166,380.8
1577.5496,4.169,378.4
1612.539,4.17,386.7
1603.6494,4.161,385.4
1599.1668,4.158,384.6
1578.6375,4.125,382.7
1630.8192,4.112,396.6
1566.3804,4.108,381.3
1554.4018,4.097,379.4
1573.9272,4.086,385.2
1602.888,4.089,392.0
1600.0257,4.089,391.3
1616.0906,4.129,391.4
1608.4263,4.121,390.3
1621.3274,4.114,394.1
1585.4778,4.131,383.8
1563.8216,4.136,378.1
1605.3552,4.129,388.8
1595.1116,4.126,386.6
1609.424,4.148,388.0
1542.9366,4.141,372.6
1562.85,4.14,377.5
1561.0341,4.133,377.7
1602.0144,4.146,386.4
1594.528,4.16,383.3
1585.5934,4.127,384.2
1550.2883,4.133,375.1
1550.064,4.128,375.5
1560.5925,4.145,376.5
1544.7152,4.148,372.4
1565.1324,4.134,378.6
1580.074,4.145,381.2
1562.6502,4.122,379.1
1558.0026,4.158,374.7
1567.4176,4.151,377.6
1595.338,4.133,386.0
1602.8028,4.132,387.9
1597.2438,4.153,384.6
1590.3002,4.162,382.1
1559.3715,4.155,375.3
1583.5048,4.154,381.2
1602.5835,4.155,385.7
1596.4445,4.165,383.3
1567.747,4.142,378.5
1588.2438,4.173,380.6
1577.6642,4.166,378.7
1565.41,4.18,374.5
1554.77,4.175,372.4
1572.8823,4.191,375.3
1590.092,4.168,381.5
1544.7996,4.146,372.6
1582.646,4.198,377.0
1545.0526,4.186,369.1
1565.664,4.164,376.0
1598.2932,4.172,383.1
1599.612,4.17,383.6
1574.2188,4.158,378.6
1580.5374,4.178,378.3
1609.8327,4.189,384.3
1591.974,4.185,380.4
1618.5267,4.179,387.3
1641.3306,4.186,392.1
1630.447,4.186,389.5
1618.6772,4.174,387.8
1605.76,4.16,386.0
1583.9016,4.188,378.2
1620.0135,4.185,387.1
1624.766,4.18,388.7
1626.717,4.17,390.1
1593.774,4.17,382.2
1588.9272,4.188,379.4
1593.7593,4.193,380.1
1599.973,4.195,381.4
1587.936,4.17,380.8
1577.7864,4.184,377.1
1569.8608,4.211,372.8
1579.353,4.206,375.5
1571.25,4.19,375.0
1599.615,4.182,382.5
1596.218,4.205,379.6
1586.4597,4.207,377.1
1560.4488,4.188,372.6
1580.3656,4.136,382.1
1584.4125,4.125,384.1
1573.58,4.141,380.0
1584.6516,4.131,383.6
1607.9922,4.122,390.1
1612.1405,4.139,389.5
1601.367,4.154,385.5
1576.6548,4.148,380.1
1596.741,4.142,385.5
1608.2864,4.144,388.1
1614.3828,4.164,387.7
1603.7168,4.172,384.4
1554.0479,4.163,373.3
1554.9646,4.151,374.6
1567.3328,4.142,378.4
1600.9288,4.168,384.1
1579.5879,4.191,376.9
1581.3831,4.143,381.7
1592.4449,4.133,385.3
1587.3868,4.162,381.4
1567.455,4.15,377.7
1546.5342,4.154,372.3
1567.5093,4.137,378.9
1605.521,4.154,386.5
1562.5134,4.149,376.6
1571.4748,4.142,379.4
1540.08,4.14,372.0
1592.1972,4.092,389.1
1615.9806,4.134,390.9
1571.2753,4.123,381.1
1576.197,4.137,381.0
1591.8594,4.139,384.6
1583.6436,4.137,382.8
1566.012,4.12,380.1
1591.9423,4.121,386.3
1603.5267,4.119,389.3
1555.3215,4.131,376.5
1579.2813,4.131,382.3
1625.9022,4.134,393.3
1588.9621,4.139,383.9
1609.8085,4.091,393.5
1647.6888,4.111,400.8
1613.1099,4.133,390.3
1581.9258,4.139,382.2
1605.2572,4.133,388.4
1620.9626,4.133,392.2
1615.2816,4.146,389.6
1618.4496,4.152,389.8
1554.588,4.179,372.0
1596.6315,4.131,386.5
1621.3968,4.132,392.4
1617.0204,4.124,392.1
1614.417,4.13,390.9
1605.5181,4.139,387.9
1621.5759,4.123,393.3
1626.5412,4.122,394.6
1636.4187,4.123,396.9
1591.682,4.115,386.8
1572.486,4.11,382.6
1598.2194,4.117,388.2
1600.56,4.104,390.0
1611.2481,4.103,392.7
1571.713,4.169,377.0
1572.5736,4.134,380.4
1590.8839,4.157,382.7
1568.3589,4.159,377.1
1584.7389,4.113,385.3
1560.9678,4.123,378.6
1556.457,4.11,378.7
1557.4944,4.128,377.3
1568.9538,4.131,379.8
1603.1713,4.163,385.1
1603.0286,4.154,385.9
1586.379,4.155,381.8
1585.8876,4.169,380.4
1563.4168,4.168,375.1
1571.8365,4.155,378.3
1609.4454,4.162,386.7
1624.91,4.175,389.2
1607.703,4.19,383.7
1572.516,4.18,376.2
1543.734,4.17,370.2
1587.1317,4.191,378.7
1606.8448,4.202,382.4
1578.3306,4.191,376.6
1540.31,4.163,370.0
1556.7156,4.138,376.2
1609.1926,4.141,388.6
1543.776,4.16,371.1
1557.9888,4.148,375.6
1574.8902,4.173,377.4
1570.4384,4.159,377.6
1582.3272,4.152,381.1
1532.686,4.148,369.5
1598.4285,4.155,384.7
1584.3356,4.154,381.4
1554.0114,4.154,374.1
1562.652,4.134,378.0
1557.1875,4.125,377.5
1577.1844,4.132,381.7
1611.576,4.145,388.8
1605.9651,4.153,386.7
1572.06,4.137,380.0
1578.7746,4.134,381.9
1574.925,4.15,379.5
1595.7656,4.147,384.8
1574.7372,4.131,381.2
1563.5139,4.133,378.3
1585.8616,4.132,383.8
1588.1528,4.108,386.6
1591.919,4.105,387.8
1580.2684,4.111,384.4
1602.726,4.135,387.6
1594.6112,4.144,384.8
1584.5016,4.136,383.1
1605.9981,4.119,389.9
1570.02,4.11,382.0
1580.983,4.115,384.2
1591.0284,4.108,387.3
1619.3938,4.129,392.2
1601.397,4.122,388.5
1596.6843,4.129,386.7
1619.4948,4.124,392.7
1599.8785,4.097,390.5
1626.327,4.11,395.7
1603.602,4.095,391.6
1599.0975,4.095,390.5
1612.1352,4.121,391.2
1616.5459,4.127,391.7
1598.7456,4.112,388.8
1580.238,4.14,381.7
1574.8006,4.129,381.4
1565.7838,4.127,379.4
1618.0695,4.133,391.5
1592.9948,4.156,383.3
1577.202,4.156,379.5
1588.62,4.15,382.8
1590.7056,4.136,384.6
1573.58,4.141,380.0
1567.9071,4.149,377.9
1602.286,4.151,386.0
1570.716,4.14,379.4
1586.7954,4.113,385.8
1597.512,4.112,388.5
1609.272,4.12,390.6
1583.8099,4.117,384.7
1622.4005,4.123,393.5
1582.4336,4.136,382.6
1587.456,4.134,384.0
1574.0617,4.139,380.3
1587.848,4.12,385.4
1588.4263,4.129,384.7
1544.207,4.13,373.9
1564.912,4.162,376.0
1572.127,4.135,380.2
1563.796,4.148,377.0
1571.6412,4.149,378.8
1579.968,4.16,379.8
1574.2362,4.146,379.7
1548.2384,4.153,372.8
1592.558,4.169,382.0
1561.7448,4.158,375.6
1537.7514,4.146,370.9
1547.936,4.16,372.1
1575.755,4.15,379.7
1576.1347,4.151,379.7
1560.9132,4.158,375.4
1566.3588,4.146,377.8
1577.777,4.163,379.0
1597.1439,4.169,383.1
1573.3364,4.148,379.3
1572.613,4.145,379.4
1600.2984,4.148,385.8
1610.454,4.17,386.2
1577.8424,4.124,382.6
1559.57,4.15,375.8
1615.9806,4.134,390.9
1658.712,4.12,402.6
1602.8778,4.129,388.2
1578.4578,4.117,383.4
1604.1263,4.159,385.7
1599.8315,4.135,386.9
1606.9077,4.149,387.3
1599.7722,4.121,388.2
1613.477,4.135,390.2
1588.356,4.158,382.0
1610.422,4.124,390.5
1601.8121,4.153,385.7
1628.7369,4.137,393.7
1605.5952,4.136,388.2
1602.3138,4.118,389.1
1632.5532,4.132,395.1
1635.084,4.129,396.0
1632.8548,4.138,394.6
1607.4665,4.127,389.5
1597.5408,4.143,385.6
1588.3897,4.157,382.1
1611.8333,4.151,388.3
1590.7476,4.173,381.2
1570.6274,4.154,378.1
1544.192,4.16,371.2
1561.3455,4.147,376.5
1585.722,4.162,381.0
1592.3418,4.197,379.4
1545.5025,4.149,372.5
1550.1686,4.166,372.1
1597.7594,4.163,383.8
1606.1225,4.175,384.7
1612.8645,4.173,386.5
1579.0628,4.162,379.4
1607.1495,4.169,385.5
1594.3282,4.166,382.7
1581.5286,4.174,378.9
1593.322,4.171,382.0
1616.576,4.16,388.6
1635.617,4.145,394.6
1622.816,4.16,390.1
1605.2834,4.162,385.7
1608.8171,4.169,385.9
1574.6346,4.158,378.7
1581.0708,4.164,379.7
1566.7927,4.177,375.1
1531.005,4.166,367.5
1578.3064,4.171,378.4
1561.0956,4.183,373.2
1563.0334,4.177,374.2
1545.1236,4.167,370.8
1557.2079,4.167,373.7
1555.9578,4.167,373.4
1609.9695,4.185,384.7
1573.56,4.185,376.0
1573.0559,4.187,375.7
1542.2532,4.166,370.2
1567.1144,4.148,377.8
1583.436,4.156,381.0
1584.7825,4.165,380.5
1564.3575,4.155,376.5
1581.6677,4.159,380.3
1599.054,4.148,385.5
1556.862,4.145,375.6
1577.721,4.141,381.0
1603.3136,4.144,386.9
1594.812,4.164,383.0
1569.9915,4.137,379.5
1577.5025,4.135,381.5
1627.1424,4.134,393.6
1589.2632,4.113,386.4
1595.3855,4.115,387.7
1608.0268,4.138,388.6
1602.1258,4.126,388.3
1615.4914,4.118,392.3
1603.092,4.12,389.1
1616.9794,4.126,391.9
1608.4695,4.119,390.5
1595.988,4.124,387.0
1614.2338,4.138,390.1
1588.3386,4.117,385.8
1641.408,4.12,398.4
1625.0135,4.115,394.9
1603.51,4.1,391.1
1600.0012,4.111,389.2
1596.6666,4.113,388.2
1600.0628,4.126,387.8
1623.8961,4.131,393.1
1596.1916,4.132,386.3
1578.2332,4.138,381.4
1570.7362,4.127,380.6
1558.4184,4.158,374.8
1571.8318,4.166,377.3
1595.199,4.138,385.5
1623.5272,4.148,391.4
1586.2426,4.159,381.4
1595.8848,4.128,386.6
1577.1041,4.147,380.3
1597.0446,4.131,386.6
1559.6122,4.138,376.9
1593.7224,4.146,384.4
1559.1613,4.139,376.7
1595.2391,4.121,387.1
1577.9309,4.121,382.9
1576.1625,4.125,382.1
1591.2348,4.146,383.8
1573.1808,4.128,381.1
1587.1012,4.132,384.1
1618.326,4.14,390.9
1566.2682,4.137,378.6
1565.6148,4.132,378.9
1596.658,4.13,386.6
1616.7624,4.136,390.9
1596.727,4.169,383.0
1522.926,4.161,366.0
1564.7496,4.166,375.6
1573.1205,4.165,377.7
1562.1749,4.147,376.7
1590.2226,4.187,379.8
1582.48,4.192,377.5
1535.4427,4.169,368.3
1576.5281,4.163,378.7
1589.6034,4.158,382.3
1563.2316,4.182,373.8
1568.4942,4.186,374.7
1552.4462,4.171,372.2
1580.238,4.164,379.5
1584.8541,4.163,380.7
1560.9136,4.187,372.8
1572.4419,4.161,377.9
1585.8876,4.169,380.4
1574.1063,4.161,378.3
1561.9824,4.152,376.2
1595.9668,4.154,384.2
1596.8262,4.139,385.8
1578.3064,4.171,378.4
1586.8613,4.153,382.1
1608.1212,4.116,390.7
1636.178,4.111,398.0
1610.2176,4.091,393.6
1618.1551,4.129,391.9
1596.4123,4.139,385.7
1567.818,4.14,378.7
1571.2753,4.123,381.1
1589.548,4.118,386.0
1588.7252,4.133,384.4
1582.02,4.136,382.5
1596.762,4.126,387.0
1587.8986,4.133,384.2
1623.7448,4.117,394.4
1598.7004,4.114,388.6
1631.9072,4.144,393.8
1580.9032,4.132,382.6
1626.3422,4.109,395.8
1615.7778,4.102,393.9
1609.3765,4.115,391.1
1587.355,4.123,385.0
1636.3208,4.099,399.2
1661.7642,4.091,406.2
1579.5793,4.121,383.3
1604.505,4.13,388.5
1608.183,4.113,391.0
1597.8545,4.115,388.3
1563.618,4.13,378.6
1573.083,4.155,378.6
1560.6918,4.131,377.8
1590.022,4.145,383.6
1617.0462,4.158,388.9
1562.3253,4.143,377.1
1546.5819,4.143,373.3
1553.9605,4.145,374.9
1561.2308,4.139,377.2
1569.6066,4.159,377.4
1559.8772,4.142,376.6
1590.3432,4.148,383.4
1562.0213,4.151,376.3
1588.4565,4.155,382.3
1559.349,4.145,376.2
1564.164,4.138,378.0
1604.5776,4.127,388.8
1630.6632,4.122,395.6
1604.8935,4.131,388.5
1597.324,4.12,387.7
1585.0182,4.118,384.9
1587.7806,4.137,383.8
1616.6464,4.141,390.4
1581.9888,4.137,382.4
1575.48,4.146,380.0
1577.9794,4.133,381.8
1583.5299,4.127,383.7
1548.7832,4.106,377.2
1585.3981,4.147,382.3
1563.962,4.132,378.5
1553.4274,4.102,378.7
1545.187,4.126,374.5
1559.124,4.14,376.6
1552.8056,4.132,375.8
1563.8216,4.136,378.1
1588.5552,4.152,382.6
1571.4048,4.144,379.2
1547.6912,4.136,374.2
1591.1415,4.149,383.5
1551.672,4.14,374.8
1601.5356,4.116,389.1
1573.6338,4.113,382.6
1579.0351,4.111,384.1
1588.5968,4.088,388.6
1597.3526,4.078,391.7
1607.3539,4.091,392.9
1620.9396,4.084,396.9
1612.12,4.1,393.2
1631.448,4.095,398.4
1615.6938,4.107,393.4
1620.168,4.08,397.1
1632.93,4.108,397.5
1600.3904,4.112,389.2
1573.0902,4.103,383.4
1575.6042,4.101,384.2
1604.7949,4.097,391.7
1605.055,4.105,391.0
1630.8045,4.113,396.5
1597.926,4.092,390.5
1628.9448,4.126,394.8
1585.507,4.13,383.9
1601.5909,4.093,391.3
1632.3834,4.083,399.8
1657.707,4.078,406.5
1589.213,4.115,386.2
1587.0426,4.134,383.9
1610.422,4.124,390.5
1585.1064,4.098,386.8
1610.5341,4.137,389.3
1579.0202,4.126,382.7
1605.5181,4.139,387.9
1573.1659,4.141,379.9
1594.6991,4.141,385.1
1580.4592,4.133,382.4
1547.3285,4.145,373.3
1552.2624,4.146,374.4
1587.8104,4.136,383.9
1589.9854,4.117,386.2
1550.025,4.15,373.5
1558.875,4.157,375.0
1564.2705,4.135,378.3
1624.165,4.138,392.5
1584.536,4.148,382.0
1572.648,4.144,379.5
1568.5462,4.118,380.9
1607.4408,4.109,391.2
1578.4496,4.102,384.8
1561.5711,4.141,377.1
1578.6792,4.137,381.6
1586.304,4.131,384.0
1596.98,4.148,385.0
1589.8008,4.152,382.9
1570.6464,4.142,379.2
1576.1312,4.139,380.8
1581.5436,4.138,382.2
1580.4552,4.146,381.2
1545.1569,4.157,371.7
1555.7979,4.161,373.9
1606.5017,4.163,385.9
1573.1808,4.128,381.1
1548.36,4.14,374.0
1574.0232,4.152,379.1
1559.2091,4.159,374.9
1569.3336,4.132,379.8
1569.9644,4.171,376.4
1565.712,4.192,373.5
1581.3475,4.189,377.5
1568.8689,4.187,374.7
1609.2336,4.182,384.8
1585.8348,4.202,377.4
1580.5768,4.177,378.4
1600.1604,4.122,388.2
1599.825,4.15,385.5
1622.4214,4.142,391.7
1581.5436,4.138,382.2
1581.8298,4.142,381.9
1607.6632,4.136,388.7
1648.944,4.164,396.0
1616.8145,4.151,389.5
1611.474,4.19,384.6
1604.5837,4.171,384.7
1603.8464,4.168,384.8
1616.5485,4.161,388.5
1586.728,4.18,379.6
1599.7047,4.191,381.7
1581.034,4.165,379.6
1587.872,4.16,381.7
1597.8878,4.159,384.2
1596.9918,4.161,383.8
1616.1324,4.161,388.4
1617.6909,4.179,387.1
1636.1568,4.176,391.8
1621.4532,4.148,390.9
1566.027,4.185,374.2
1596.7239,4.181,381.9
1623.0642,4.181,388.2
1619.4674,4.189,386.6
1580.2968,4.184,377.7
1587.388,4.195,378.4
1560.6715,4.201,371.5
1577.417,4.229,373.0
1585.6425,4.225,375.3
1593.2745,4.205,378.9
1550.1816,4.232,366.3
1570.3779,4.209,373.1
1574.625,4.199,375.0
1548.2544,4.189,369.6
1569.8672,4.202,373.6
1574.1147,4.201,374.7
1579.782,4.215,374.8
1597.8506,4.226,378.1
1571.8506,4.222,372.3
1572.3423,4.203,374.1
1563.755,4.198,372.5
1612.1736,4.194,384.4
1593.064,4.21,378.4
1553.8068,4.212,368.9
1575.0495,4.217,373.5
1569.3425,4.213,372.5
1560.546,4.212,370.5
1575.2407,4.213,373.9
1563.4296,4.196,372.6
1582.0727,4.211,375.7
1588.0557,4.209,377.3
1561.2362,4.198,371.9
1572.6608,4.196,374.8
1571.022,4.23,371.4
1578.9592,4.232,373.1
1556.8906,4.201,370.6
1601.5324,4.219,379.6
1559.3333,4.211,370.3
1567.2512,4.204,372.8
1588.9656,4.217,376.8
1558.1016,4.202,370.8
1585.9828,4.244,373.7
1571.4552,4.204,373.8
1560.5739,4.203,371.3
1603.9296,4.212,380.8
1568.823,4.215,372.2
1604.5131,4.197,382.3
1614.4416,4.176,386.6
1565.1454,4.186,373.9
1613.2197,4.161,387.7
1601.9289,4.149,386.1
1578.914,4.166,379.0
1590.6823,4.163,382.1
1606.6512,4.158,386.4
1608.955,4.15,387.7
1625.6012,4.148,391.9
1621.1782,4.159,389.8
1629.8392,4.162,391.6
1627.8325,4.175,389.9
1583.2655,4.183,378.5
1591.794,4.167,382.0
1592.5167,4.203,378.9
1578.906,4.177,378.0
1595.675,4.15,384.5
1592.7387,4.151,383.7
1582.1694,4.179,378.6
1614.633,4.155,388.6
1599.3803,4.151,385.3
1573.6946,4.201,374.6
1588.9665,4.187,379.5
1574.2293,4.179,376.7
1583.802,4.18,378.9
1592.3236,4.151,383.6
1584.198,4.158,381.0
1578.7456,4.181,377.6
1586.1382,4.162,381.1
1613.521,4.165,387.4
1611.1953,4.173,386.1
1601.5638,4.174,383.7
1568.0588,4.156,377.3
1597.4079,4.161,383.9
1592.9298,4.158,383.1
1573.5445,4.195,375.1
1569.424,4.174,376.0
1601.5275,4.187,382.5
1569.9064,4.162,377.2
1574.0684,4.162,378.2
1610.041,4.195,383.8
1562.414,4.172,374.5
1595.4763,4.169,382.7
1585.3058,4.162,380.9
1561.0325,4.175,373.9
1549.2135,4.195,369.3
1592.8812,4.194,379.8
1563.7992,4.188,373.4
1573.8933,4.187,375.9
1576.224,4.21,374.4
1554.3775,4.225,367.9
1576.26,4.2,375.3
1571.25,4.19,375.0
1594.074,4.206,379.0
1583.336,4.211,376.0
1566.9518,4.183,374.6
1580.2565,4.195,376.7
1562.8512,4.208,371.4
1575.9885,4.215,373.9
1592.8308,4.234,376.2
1571.4783,4.221,372.3
1594.5776,4.214,378.4
1575.5192,4.216,373.7
1561.5551,4.217,370.3
1594.7594,4.238,376.3
1583.997,4.215,375.8
1558.5906,4.233,368.2
1576.4775,4.255,370.5
1594.1919,4.241,375.9
1594.3601,4.219,377.9
1570.3305,4.227,371.5
1624.6254,4.233,383.8
1596.8043,4.221,378.3
1621.1988,4.212,384.9
1603.5852,4.188,382.9
1568.9328,4.204,373.2
1575.3594,4.182,376.7
1577.52,4.2,375.6
1592.58,4.18,381.0
1602.4932,4.158,385.4
1614.325,4.166,387.5
1623.5436,4.164,389.9
1627.5372,4.154,391.8
1614.99,4.141,390.0
1610.071,4.139,389.0
1605.4125,4.143,387.5
1596.0546,4.137,385.8
1603.7824,4.142,387.2
1619.7129,4.167,388.7
1566.9696,4.192,373.8
1577.2429,4.187,376.7
1542.051,4.179,369.0
1577.3232,4.164,378.8
1589.1539,4.159,382.1
1594.1772,4.158,383.4
1582.354,4.195,377.2
1568.5475,4.175,375.7
1560.0249,4.197,371.7
1566.4131,4.221,371.1
1596.0477,4.219,378.3
1569.2936,4.214,372.4
1569.2583,4.197,373.9
1577.0106,4.202,375.3
1570.7165,4.183,375.5
1572.2484,4.166,377.4
1581.0816,4.152,380.8
1619.0987,4.159,389.3
1585.08,4.144,382.5
1581.0537,4.127,383.1
1557.1524,4.126,377.4
1605.22,4.15,386.8
1602.2601,4.137,387.3
1573.9506,4.154,378.9
1561.8607,4.133,377.9
1586.13,4.15,382.2
1594.6112,4.144,384.8
1563.3364,4.138,377.8
1552.3498,4.154,373.7
1572.09,4.17,377.0
1542.002,4.18,368.9
1572.5931,4.157,378.3
1574.8629,4.163,378.3
1528.7026,4.162,367.3
1579.368,4.165,379.2
1581.4872,4.164,379.8
1559.6028,4.179,373.2
1525.5892,4.166,366.2
1568.9156,4.166,376.6
1546.4192,4.166,371.2
1571.91,4.164,377.5
1599.86,4.175,383.2
1563.6656,4.172,374.8
1555.6498,4.174,372.7
1584.536,4.148,382.0
1615.4985,4.137,390.5
1620.5994,4.149,390.6
1611.48,4.132,390.0
1646.7737,4.147,397.1
1594.314,4.14,385.1
1605.492,4.14,387.8
1627.5558,4.134,393.7
1607.6382,4.137,388.6
1630.165,4.127,395.0
1616.1332,4.127,391.6
1591.5615,4.135,384.9
1577.6544,4.143,380.8
1588.3119,4.133,384.3
1598.6097,4.149,385.3
1567.4922,4.149,377.8
1607.6544,4.152,387.2
1617.7968,4.161,388.8
1593.9518,4.123,386.6
1597.2775,4.165,383.5
1602.7587,4.149,386.3
1628.045,4.15,392.3
1593.4425,4.155,383.5
1627.9992,4.152,392.1
1580.2748,4.163,379.6
1602.4627,4.159,385.3
1584.5622,4.134,383.3
1565.9442,4.146,377.7
1616.6573,4.157,388.9
1590.1512,4.154,382.8
1584.2568,4.168,380.1
1571.2326,4.137,379.8
1596.1646,4.133,386.2
1585.9962,4.166,380.7
1569.1907,4.159,377.3
1593.8121,4.143,384.7
1599.1979,4.157,384.7
1578.7746,4.134,381.9
1566.9269,4.153,377.3
1563.5656,4.154,376.4
1551.4735,4.145,374.3
1593.5376,4.152,383.8
1591.5488,4.162,382.4
1563.4584,4.167,375.2
1546.9035,4.135,374.1
1576.7158,4.169,378.2
1596.3555,4.141,385.5
1562.7885,4.173,374.5
1604.035,4.175,384.2
1565.7408,4.182,374.4
1568.5892,4.174,375.8
1567.3042,4.154,377.3
1550.5852,4.166,372.2
1570.412,4.19,374.8
1569.3322,4.166,376.7
1577.5087,4.159,379.3
1596.1376,4.174,382.4
1553.2804,4.171,372.4
1561.4168,4.166,374.8
1589.0171,4.163,381.7
1567.9609,4.169,376.1
1566.5369,4.163,376.3
1592.292,4.152,383.5
1570.302,4.14,379.3
1576.62,4.149,380.0
1580.5545,4.143,381.5
1557.3783,4.163,374.1
1547.6238,4.167,371.4
1551.9664,4.163,372.8
1593.8775,4.167,382.5
1561.7895,4.135,377.7
1551.7111,4.139,374.9
1584.3264,4.128,383.8
1593.368,4.144,384.5
1600.3236,4.132,387.3
1582.3397,4.139,382.3
1627.9887,4.133,393.9
1586.5995,4.135,383.7
1623.2274,4.143,391.8
1637.856,4.136,396.0
1630.2676,4.121,395.6
1629.1306,4.138,393.7
1628.3445,4.155,391.9
1596.2979,4.143,385.3
1595.3509,4.147,384.7
1594.7064,4.179,381.6
1618.794,4.17,388.2
1602.114,4.17,384.2
1575.808,4.16,378.8
1596.6244,4.172,382.7
1576.5498,4.151,379.8
1646.733,4.17,394.9
1602.531,4.17,384.3
1567.746,4.164,376.5
1586.9685,4.195,378.3
1539.4575,4.189,367.5
1548.7846,4.178,370.7
1578.9888,4.164,379.2
1565.5262,4.157,376.6
1575.6576,4.164,378.4
1609.8321,4.163,386.7
1594.104,4.184,381.0
1587.5257,4.181,379.7
1598.428,4.168,383.5
1605.635,4.15,386.9
1586.1382,4.162,381.1
1584.198,4.191,378.0
1572.6159,4.197,374.7
1572.088,4.19,375.2
1574.2051,4.199,374.9
1565.803,4.19,373.7
1561.7052,4.188,372.9
1582.0904,4.181,378.4
1566.027,4.185,374.2
1574.1048,4.182,376.4
1575.3536,4.192,375.8
1563.6435,4.209,371.5
1571.548,4.202,374.0
1555.85,4.205,370.0
1554.8676,4.182,371.8
1554.1146,4.171,372.6
1593.7972,4.181,381.2
1584.7464,4.166,380.4
1587.4074,4.149,382.6
1580.5804,4.166,379.4
1590.5088,4.168,381.6
1570.4689,4.147,378.7
1572.3032,4.142,379.6
1562.6274,4.146,376.9
1564.6631,4.147,377.3
1592.3475,4.163,382.5
1598.976,4.164,384.0
1568.0588,4.156,377.3
1553.97,4.155,374.0
1546.29,4.14,373.5
1553.6129,4.109,378.1
1590.7331,4.103,387.7
1568.787,4.11,381.7
1585.7127,4.107,386.1
1590.4554,4.097,388.2
1601.8533,4.077,392.9
1593.812,4.07,391.6
1625.1432,4.071,399.2
1603.105,4.075,393.4
1573.3916,4.052,388.3
1600.4692,4.087,391.6
1623.8196,4.082,397.8
1614.5262,4.074,396.3
1634.856,4.08,400.7
1652.4029,4.079,405.1
1605.28,4.064,395.0
1632.8237,4.079,400.3
1613.7226,4.073,396.2
1621.745,4.085,397.0
1616.8172,4.087,395.6
1602.871,4.09,391.9
1556.7904,4.136,376.4
1555.2848,4.132,376.4
1595.5472,4.108,388.4
1589.2382,4.114,386.3
1567.3176,4.104,381.9
1579.836,4.152,380.5
1590.5581,4.141,384.1
1600.2105,4.151,385.5
1569.609,4.11,381.9
1554.8456,4.109,378.4
1560.957,4.097,381.0
1579.7551,4.081,387.1
1597.2996,4.121,387.6
1577.6262,4.167,378.6
1570.9303,4.157,377.9
1576.926,4.14,380.9
1592.8932,4.146,384.2
1601.8121,4.153,385.7
1578.0015,4.145,380.7
1589.665,4.129,385.0
1605.2572,4.133,388.4
1613.3508,4.122,391.4
1563.8805,4.095,381.9
1567.4022,4.101,382.2
1598.2194,4.117,388.2
1568.4344,4.108,381.8
1600.1082,4.106,389.7
1569.2138,4.123,380.6
1553.001,4.115,377.4
1572.543,4.122,381.5
1583.6744,4.136,382.9
1597.3482,4.119,387.8
1523.5128,4.131,368.8
1530.012,4.152,368.5
1558.5852,4.164,374.3
1601.9861,4.147,386.3
1573.0088,4.157,378.4
1554.7596,4.156,374.1
1571.2326,4.137,379.8
1601.8416,4.152,385.8
1586.6292,4.134,383.8
1594.4838,4.134,385.7
1597.2744,4.152,384.7
1574.7372,4.131,381.2
1595.6128,4.138,385.6
1579.3446,4.142,381.3
1569.945,4.15,378.3
1588.5552,4.152,382.6
1598.283,4.146,385.5
1584.7392,4.128,383.9
1553.3856,4.149,374.4
1613.9365,4.133,390.5
1614.004,4.13,390.8
1628.9088,4.128,394.6
1608.1212,4.116,390.7
1580.5812,4.129,382.8
1618.1551,4.129,391.9
1619.8875,4.125,392.7
1592.1696,4.128,385.7
1590.5458,4.127,385.4
1586.3904,4.128,384.3
1605.2828,4.114,390.2
1609.4368,4.112,391.4
1618.822,4.09,395.8
1622.8498,4.121,393.8
1620.8629,4.117,393.7
1652.2544,4.106,402.4
1611.1518,4.083,394.6
1618.4646,4.086,396.1
1603.8235,4.105,390.7
1614.3336,4.114,392.4
1620.396,4.12,393.3
1585.2092,4.126,384.2
1572.0561,4.149,378.9
1581.5988,4.149,381.2
1609.424,4.148,388.0
1588.7785,4.145,383.3
1538.5084,4.138,371.8
1566.586,4.172,375.5
1588.5877,4.151,382.7
1581.393,4.155,380.6
1556.625,4.151,375.0
1562.6163,4.157,375.9
1584.5793,4.119,384.7
1586.0344,4.126,384.4
1588.0134,4.129,384.6
1605.8392,4.126,389.2
1588.7785,4.145,383.3
1582.5257,4.133,382.9
1592.745,4.137,385.0
1599.7235,4.139,386.5
1592.3024,4.138,384.8
1582.9086,4.134,382.9
1578.3612,4.134,381.8
1599.4979,4.147,385.7
1584.0215,4.163,380.5
1576.831,4.166,378.5
1546.831,4.147,373.0
1577.6892,4.154,379.8
1560.4568,4.159,375.2
1546.4476,4.156,372.1
1546.8726,4.146,373.1
1573.68,4.15,379.2
1586.8613,4.153,382.1
1584.471,4.137,383.0
1559.7504,4.166,374.4
1583.4013,4.157,380.9
1577.5452,4.158,379.4
1554.6048,4.128,376.6
1549.1094,4.171,371.4
1577.5815,4.157,379.5
1557.0462,4.161,374.2
1554.0,4.144,375.0
1593.185,4.15,383.9
1574.1945,4.135,380.7
1555.2848,4.132,376.4
1581.2176,4.148,381.2
1588.4263,4.129,384.7
1577.019,4.161,379.0
1585.9984,4.112,385.7
1632.7377,4.089,399.3
1619.9958,4.094,395.7
1608.5535,4.115,390.9
1593.5386,4.106,388.1
1603.393,4.106,390.5
1595.0214,4.113,387.8
1597.5617,4.127,387.1
1587.8213,4.121,385.3
1578.4294,4.118,383.3
1601.8112,4.103,390.4
1614.8724,4.107,393.2
1610.7838,4.106,392.3
1586.9616,4.088,388.2
1623.0708,4.108,395.1
1635.0687,4.101,398.7
1621.9455,4.101,395.5
1603.755,4.086,392.5
1603.119,4.074,393.5
1640.536,4.085,401.6
1649.0632,4.094,402.8
1626.6915,4.113,395.5
1606.983,4.13,389.1
1568.6256,4.152,377.8
1551.6036,4.131,375.6
1591.2348,4.146,383.8
1561.3455,4.147,376.5
1557.9495,4.149,375.5
1570.8528,4.136,379.8
1582.5699,4.157,380.7
1566.8505,4.155,377.1
1561.875,4.165,375.0
1585.1434,4.142,382.7
1587.1205,4.145,382.9
1570.8,4.125,380.8
1583.225,4.15,381.5
1572.2586,4.131,380.6
1608.7946,4.123,390.2
1619.5338,4.122,392.9
1595.8848,4.128,386.6
1583.1675,4.139,382.5
1575.1417,4.103,383.9
1595.0214,4.113,387.8
1612.197,4.118,391.5
1577.9094,4.107,384.2
1566.6112,4.114,380.8
1576.2942,4.134,381.3
1569.1984,4.136,379.4
1598.135,4.151,385.0
1562.2386,4.134,377.9
1556.9739,4.131,376.9
1592.0333,4.147,383.9
1567.3684,4.129,379.6
1556.862,4.145,375.6
1551.1338,4.163,372.6
1549.9288,4.162,372.4
1579.2193,4.133,382.1
1541.8862,4.126,373.7
1596.3555,4.141,385.5
1572.2685,4.143,379.5
1580.2129,4.097,385.7
1563.128,4.12,379.4
1549.9484,4.108,377.3
1544.994,4.131,374.0
1589.796,4.108,387.0
1561.2072,4.088,381.9
1563.2174,4.073,383.8
1575.395,4.075,386.6
1596.9448,4.078,391.6
1621.6629,4.037,401.7
1613.1852,4.037,399.6
1604.1168,4.059,395.2
1609.3008,4.068,395.6
1629.684,4.06,401.4
1619.7921,4.077,397.3
1615.3624,4.072,396.7
1574.5275,4.095,384.5
1577.9772,4.068,387.9
1599.5511,4.067,393.3
1602.8652,4.062,394.6
1592.8668,4.078,390.6
1582.2848,4.096,386.3
1621.1545,4.099,395.5
1610.376,4.08,394.7
1608.9052,4.067,395.6
1603.438,4.045,396.4
1611.9936,4.032,399.8
1622.4528,4.044,401.2
1632.1116,4.062,401.8
1598.8401,4.059,393.9
1628.9271,4.031,404.1
1589.9103,4.059,391.7
1638.1704,4.071,402.4
1603.0616,4.102,390.8
1559.4892,4.091,381.2
1552.607,4.102,378.5
1587.1554,4.098,387.3
1582.83,4.09,387.0
1584.9386,4.087,387.8
1554.4995,4.107,378.5
1562.6832,4.108,380.4
1587.0772,4.118,385.4
1576.8396,4.116,383.1
1581.9128,4.111,384.8
1551.0,4.125,376.0
1572.753,4.115,382.2
1573.3361,4.109,382.9
1567.1296,4.096,382.6
1572.9252,4.109,382.8
1594.404,4.104,388.5
1617.5104,4.096,394.9
1601.9456,4.096,391.1
1590.384,4.08,389.8
1575.805,4.093,385.0
1568.515,4.09,383.5
1606.8258,4.098,392.1
1566.8004,4.093,382.8
1548.3726,4.106,377.1
