2263.665,3.954,572.5
2262.4785,3.915,577.9
2246.8,4.0,561.7
2308.4352,3.904,591.3
2299.6692,3.919,586.8
2253.9072,3.957,569.6
2198.9081,3.967,554.3
2287.5013,3.923,583.1
2260.7536,3.976,568.6
2199.0762,3.986,551.7
2041.5448,4.126,494.8
2101.4924,4.046,519.4
2134.86,4.025,530.4
2135.0088,4.076,523.8
1941.319,4.157,467.0
2018.3966,4.142,487.3
2118.7565,4.009,528.5
2064.2016,4.057,508.8
2142.2898,4.086,524.3
1971.9192,4.184,471.3
2042.7553,4.141,493.3
2097.5544,4.104,511.1
2121.8472,4.037,525.6
2101.8384,4.086,514.4
2046.4092,4.092,500.1
2042.7795,4.131,494.5
2086.5502,4.109,507.8
2075.2875,4.125,503.1
2121.884,4.034,526.0
2102.8768,4.112,511.4
2109.252,4.11,513.2
2037.0084,4.116,494.9
2081.9592,4.104,507.3
2088.3494,4.094,510.1
2028.4128,4.143,489.6
2026.357,4.127,491.0
2067.47,4.094,505.0
2082.6498,4.026,517.3
2094.4706,4.106,510.1
2026.8304,4.088,495.8
2085.4656,4.128,505.2
2020.0535,4.115,490.9
2116.3861,4.003,528.7
2126.518,4.066,523.0
2101.743,4.113,511.0
2112.6408,4.107,514.4
2056.8306,4.146,496.1
2148.3525,4.065,528.5
2073.4048,4.127,502.4
2123.9934,4.098,518.3
2010.8618,4.078,493.1
2080.9008,4.077,510.4
1960.5517,4.099,478.3
2140.65,4.02,532.5
2118.6963,4.041,524.3
2092.7368,4.081,512.8
2014.3266,4.143,486.2
2081.3993,4.111,506.3
2137.3203,4.089,522.7
2185.6192,4.064,537.8
2124.1161,4.143,512.7
2065.821,4.107,503.0
2103.8136,4.074,516.4
2069.3712,4.056,510.2
2135.2932,4.068,524.9
1766.124,4.266,414.0
1744.3839,4.349,401.1
1744.8188,4.349,401.2
1740.9392,4.348,400.4
1740.4007,4.363,398.9
1728.8964,4.356,396.9
1795.9121,4.339,413.9
1792.3989,4.341,412.9
1775.67,4.35,408.2
1771.264,4.352,407.0
1778.8178,4.346,409.3
1768.984,4.34,407.6
1767.3012,4.338,407.4
1749.7947,4.343,402.9
1765.4572,4.342,406.6
1828.7946,4.299,425.4
2022.2868,4.107,492.4
1820.2372,4.292,424.1
1775.1555,4.293,413.5
1792.2531,4.299,416.9
1780.707,4.295,414.6
1751.0012,4.316,405.7
1740.7216,4.328,402.2
1780.8406,4.334,410.9
2088.2522,4.174,500.3
2138.6664,4.069,525.6
2103.3243,4.077,515.9
2079.404,4.055,512.8
2019.0768,4.056,497.8
2100.4536,4.044,519.4
2088.0464,4.091,510.4
1983.193,4.162,476.5
1739.0016,4.313,403.2
1743.4333,4.291,406.3
1762.7456,4.312,408.8
1747.83,4.305,406.0
1747.1963,4.313,405.1
1769.5574,4.294,412.1
1787.1495,4.295,416.1
1800.7311,4.309,417.9
1772.539,4.318,410.5
1712.1939,4.327,395.7
1803.263,4.258,423.5
2003.9691,4.143,483.7
2124.7164,4.068,522.3
2073.9716,4.073,509.2
2098.353,4.065,516.2
2007.4234,4.106,488.9
2021.2512,4.062,497.6
2019.2155,4.085,494.3
2099.166,4.065,516.4
2121.8421,4.047,524.3
2114.2836,4.107,514.8
2046.6648,4.104,498.7
1993.7563,4.139,481.7
2017.2721,4.091,493.1
2147.6236,4.012,535.3
2074.9741,4.063,510.7
2059.938,4.124,499.5
2010.644,4.09,491.6
2054.963,4.105,500.6
2164.5096,4.024,537.9
2099.5735,4.003,524.5
2079.6654,4.089,508.6
2082.4878,4.101,507.8
2124.9618,4.107,517.4
2092.7368,4.081,512.8
2136.931,3.998,534.5
2096.9452,4.067,515.6
2042.4207,4.071,501.7
2053.849,4.13,497.3
2112.174,4.065,519.6
2090.1664,4.057,515.2
2053.33,4.066,505.0
2116.3824,4.092,517.2
2139.8871,4.069,525.9
2047.1139,4.069,503.1
2005.4988,4.113,487.6
2016.128,4.145,486.4
2064.174,4.116,501.5
2108.3043,4.093,515.1
2098.2544,4.111,510.4
2072.0772,4.126,502.2
2103.787,4.117,511.0
2191.1824,4.048,541.3
2079.6356,4.132,503.3
2036.762,4.123,494.0
2040.034,4.138,493.0
2051.424,4.08,502.8
2145.3422,4.019,533.8
2154.688,4.112,524.0
2065.2012,4.142,498.6
2159.2108,4.084,528.7
2109.3007,4.087,516.1
2156.449,4.055,531.8
2133.885,4.03,529.5
2102.4029,4.033,521.3
2144.8581,4.037,531.3
2094.8944,4.024,520.6
2171.6275,4.003,542.5
2047.6293,4.101,499.3
2049.6265,4.105,499.3
2045.3732,4.108,497.9
2126.6794,4.057,524.2
2126.5335,4.095,519.3
2049.7152,4.106,499.2
2044.2275,4.109,497.5
2136.8302,4.118,518.9
2165.148,4.11,526.8
2118.9288,4.078,519.6
2062.4856,4.102,502.8
2041.578,4.158,491.0
1949.569,4.229,461.0
2072.8592,4.112,504.1
2206.051,4.033,547.0
2096.1591,4.119,508.9
1774.224,4.32,410.7
1734.4886,4.346,399.1
1749.1424,4.336,403.4
1752.3792,4.329,404.8
1769.2135,4.331,408.5
1797.1039,4.321,415.9
1775.0096,4.342,408.8
1779.4239,4.339,410.1
1776.0256,4.336,409.6
1733.8562,4.363,397.4
1735.6014,4.363,397.8
1751.0664,4.344,403.1
1748.8944,4.344,402.6
1736.3385,4.355,398.7
1731.792,4.36,397.2
1726.9119,4.351,396.9
1750.0395,4.335,403.7
1738.26,4.35,399.6
1726.8351,4.353,396.7
1762.332,4.345,405.6
1943.0144,4.276,454.4
1782.6396,4.331,411.6
1761.7468,4.364,403.7
1747.746,4.365,400.4
1761.11,4.37,403.0
1753.752,4.368,401.5
1730.0087,4.361,396.7
1736.4356,4.364,397.9
1760.228,4.357,404.0
1753.7912,4.354,402.8
1782.7852,4.324,412.3
1765.3014,4.362,404.7
1772.3986,4.358,406.7
1783.7028,4.359,409.2
1727.352,4.362,396.0
1748.739,4.335,403.4
1772.702,4.33,409.4
1800.7408,4.336,415.3
1802.3256,4.344,414.9
1740.7728,4.376,397.8
1801.1088,4.313,417.6
1862.2784,4.288,434.3
2077.0995,4.109,505.5
2135.0364,4.109,519.6
2040.596,4.156,491.0
1995.0858,4.194,475.7
2086.9989,4.101,508.9
2101.9669,4.103,512.3
2122.936,4.036,526.0
2125.281,4.11,517.1
2033.0566,4.118,493.7
2020.22,4.15,486.8
2033.01,4.149,490.0
2054.9276,4.133,497.2
2094.426,4.14,505.9
2051.7001,4.129,496.9
2051.2452,4.154,493.8
2044.1818,4.133,494.6
2145.7128,4.098,523.6
2112.8706,4.086,517.1
2142.378,4.116,520.5
2125.3026,4.126,515.1
2089.8696,4.101,509.6
2013.6025,4.175,482.3
2099.3028,4.097,512.4
2179.1943,4.097,531.9
2081.4289,4.129,504.1
2009.3184,4.131,486.4
2136.24,4.14,516.0
2155.0751,4.087,527.3
2106.4185,4.167,505.5
2045.3455,4.103,498.5
2103.6015,4.095,513.7
2145.4482,4.137,518.6
2113.6678,4.117,513.4
2069.8677,4.129,501.3
2114.5175,4.075,518.9
2169.31,4.1,529.1
2100.9282,4.089,513.8
1965.8065,4.223,465.5
1864.065,4.305,433.0
1811.1472,4.336,417.7
1791.415,4.325,414.2
1787.9675,4.345,411.5
1754.5308,4.358,402.6
1843.84,4.3,428.8
1924.8921,4.269,450.9
2145.5871,4.119,520.9
2160.3402,4.122,524.1
2170.2702,4.137,524.6
2011.6775,4.135,486.5
2132.0732,4.058,525.4
2057.0155,4.105,501.1
2052.996,4.12,498.3
2136.3518,4.106,520.3
2089.2184,4.124,506.6
2094.5108,4.132,506.9
2100.9051,4.117,510.3
2156.3682,4.074,529.3
2072.2408,4.072,508.9
2084.3025,4.107,507.5
2099.8662,4.119,509.8
2089.8702,4.077,512.6
2178.1562,4.066,535.7
2097.664,4.097,512.0
2088.1686,4.126,506.1
2116.098,4.023,526.0
2152.8012,4.092,526.1
2121.3038,4.081,519.8
2089.6103,4.027,518.9
2133.4104,4.059,525.6
2047.2501,4.079,501.9
2088.966,4.084,511.5
2143.6866,4.077,525.8
2081.475,4.125,504.6
2155.4215,4.063,530.5
2141.1556,4.066,526.6
2076.0534,4.054,512.1
2124.2,4.085,520.0
2117.5752,4.052,522.6
2121.6,4.08,520.0
2096.952,4.056,517.0
2031.6424,4.126,492.4
2112.894,4.09,516.6
2106.053,4.054,519.5
2089.524,4.11,508.4
2047.2501,4.079,501.9
2066.8599,4.123,501.3
2191.8624,4.056,540.4
2088.5504,4.096,509.9
2092.3302,4.101,510.2
2080.5102,4.106,506.7
2105.6285,4.061,518.5
2117.8836,4.122,513.8
2095.3984,4.064,515.6
2120.8111,4.073,520.7
2071.585,4.09,506.5
2060.1984,4.127,499.2
2150.7992,4.114,522.8
2136.3951,4.067,525.3
2172.0249,4.047,536.7
2003.0976,4.032,496.8
2143.1662,4.046,529.7
2153.3228,3.998,538.6
2112.435,4.082,517.5
2102.6385,4.035,521.1
2150.6388,4.038,532.6
2090.438,4.067,514.0
2125.6048,4.094,519.2
2173.1325,4.081,532.5
2184.4566,4.077,535.8
2079.4696,4.108,506.2
2096.4636,4.158,504.2
2029.7163,4.133,491.1
2156.7756,4.074,529.4
2109.7094,4.087,516.2
2096.181,4.115,509.4
2139.2504,4.088,523.3
2112.3998,4.067,519.4
2095.2906,4.082,513.3
2108.0112,4.098,514.4
2158.5616,4.082,528.8
2100.3276,4.099,512.4
2109.0456,4.104,513.9
2042.0631,4.103,497.7
2124.82,4.055,524.0
2077.88,4.1,506.8
2138.4936,4.122,518.8
2077.803,4.095,507.4
2258.2532,3.973,568.4
2231.2766,3.983,560.2
2259.0736,4.024,561.4
2310.2602,4.006,576.7
2230.0512,4.008,556.4
2213.8341,3.981,556.1
2305.5072,3.937,585.6
2302.503,3.963,581.0
2293.7733,4.001,573.3
2274.195,3.938,577.5
2259.48,3.964,570.0
2292.3098,3.938,582.1
2278.3176,3.939,578.4
2260.4373,3.993,566.1
2290.225,3.983,575.0
2302.6712,3.988,577.4
2210.28,4.075,542.4
2284.5654,3.978,574.3
2319.42,3.999,580.0
2254.8555,4.065,554.7
2266.327,3.983,569.0
2283.2511,3.991,572.1
2264.277,3.985,568.2
2301.9075,3.945,583.5
2314.8615,3.955,585.3
2279.0096,4.018,567.2
2252.3512,3.971,567.2
2340.5193,3.969,589.7
2329.668,3.96,588.3
2274.968,3.98,571.6
2277.8968,3.974,573.2
2313.955,3.889,595.0
2216.4072,3.948,561.4
2295.6695,3.989,575.5
2316.9776,3.962,584.8
2309.6125,3.965,582.5
2285.8584,3.963,576.8
2316.9238,3.923,590.6
2275.1664,3.939,577.6
2320.6664,3.932,590.2
2277.0909,3.997,569.7
2273.5731,3.963,573.7
2274.9826,3.938,577.7
2319.6831,3.931,590.1
2343.7311,3.957,592.3
2299.2732,3.967,579.6
2328.2879,3.959,588.1
2216.5974,3.966,558.9
2294.3632,3.964,578.8
2226.7223,3.977,559.9
2274.4576,3.968,573.2
2254.5613,3.977,566.9
2272.9385,3.955,574.7
2273.832,3.96,574.2
2242.1308,3.974,564.2
2255.7864,4.011,562.4
2278.3419,3.937,578.7
2234.2475,3.937,567.5
2354.139,4.005,587.8
2205.7513,4.001,551.3
2317.6836,4.014,577.4
2239.6255,4.039,554.5
2073.3489,4.131,501.9
2045.7151,4.147,493.3
2042.1825,4.155,491.5
2042.4876,4.188,487.7
2043.245,4.175,489.4
2237.5926,4.023,556.2
1901.9123,4.273,445.1
1854.5732,4.321,429.2
1795.8354,4.362,411.7
1802.205,4.35,414.3
1818.6658,4.354,417.7
1815.1262,4.357,416.6
1851.7856,4.351,425.6
1810.432,4.352,416.0
1821.6792,4.356,418.2
1782.3951,4.359,408.9
1825.7275,4.373,417.5
1795.6575,4.385,409.5
1768.6666,4.366,405.1
1780.5505,4.391,405.5
1800.339,4.39,410.1
1775.4492,4.358,407.4
1802.5055,4.391,410.5
1818.2058,4.377,415.4
1775.6856,4.392,404.3
1809.0468,4.356,415.3
1783.4427,4.383,406.9
1782.9728,4.384,406.7
1790.523,4.395,407.4
1750.248,4.38,399.6
1767.2954,4.381,403.4
1783.1796,4.404,404.9
1756.0524,4.377,401.2
1769.9397,4.393,402.9
1764.341,4.39,401.9
1766.3211,4.371,404.1
1775.2113,4.393,404.1
1771.8143,4.363,406.1
1776.5254,4.366,406.9
1821.1365,4.383,415.5
2024.1104,4.231,478.4
2335.6312,3.983,586.4
2354.0115,3.953,595.5
2221.0446,3.999,555.4
2279.421,3.945,577.8
2330.5995,3.915,595.3
2257.4586,3.973,568.2
2239.2469,3.971,563.9
2320.58,4.001,580.0
2195.1234,3.981,551.4
2246.933,3.991,563.0
2281.6368,3.984,572.7
2303.0413,4.027,571.9
2318.106,3.983,582.0
2325.626,3.97,585.8
1839.5296,4.304,427.4
1784.1546,4.374,407.9
1781.346,4.38,406.7
1769.8819,4.369,405.1
1775.2466,4.379,405.4
1763.7895,4.393,401.5
1756.807,4.355,403.4
1954.1592,4.263,458.4
1790.7712,4.372,409.6
1806.5934,4.386,411.9
1769.3124,4.386,403.4
1759.008,4.38,401.6
1787.6712,4.388,407.4
1786.1306,4.366,409.1
1858.6582,4.361,426.2
1817.7404,4.357,417.2
1799.759,4.342,414.5
1801.2104,4.334,415.6
1799.4182,4.358,412.9
1805.3091,4.347,415.3
1829.4059,4.363,419.3
1805.8232,4.364,413.8
1868.3544,4.344,430.1
1805.8232,4.364,413.8
1813.3038,4.361,415.8
1802.8863,4.377,411.9
1750.5744,4.359,401.6
1817.2154,4.382,414.7
1774.0254,4.362,406.7
1812.1728,4.352,416.4
1769.9918,4.379,404.2
1787.596,4.376,408.5
1786.323,4.389,407.0
1773.8448,4.368,406.1
1828.935,4.365,419.0
1766.5638,4.349,406.2
2059.4516,4.174,493.4
2065.9194,4.166,495.9
1763.197,4.397,401.0
1815.4673,4.399,412.7
1805.925,4.378,412.5
1733.9574,4.382,395.7
1809.8407,4.379,413.3
1864.8036,4.356,428.1
1756.0736,4.364,402.4
1771.8744,4.388,403.8
1778.355,4.391,405.0
1807.3609,4.373,413.3
1745.1861,4.351,401.1
1854.587,4.315,429.8
1794.6506,4.337,413.8
1803.3404,4.358,413.8
1813.0245,4.353,416.5
1820.622,4.366,417.0
1747.9798,4.382,398.9
1770.2491,4.357,406.3
1997.067,4.215,473.8
2101.372,4.186,502.0
2090.4714,4.133,505.8
2009.2185,4.185,480.1
2017.1772,4.166,484.2
2127.9,4.152,512.5
2094.8004,4.158,503.8
2091.3186,4.161,502.6
2100.518,4.13,508.6
2131.044,4.146,514.0
2080.0777,4.171,498.7
2077.5755,4.151,500.5
2037.4452,4.164,489.3
2114.0805,4.109,514.5
2038.9875,4.125,494.3
2052.2068,4.172,491.9
2086.7077,4.151,502.7
2142.3366,4.131,518.6
1884.5043,4.253,443.1
1782.909,4.386,406.5
1740.816,4.396,396.0
1745.6572,4.406,396.2
1748.5173,4.401,397.3
1773.964,4.391,404.0
2031.8075,4.211,482.5
2103.376,4.18,503.2
2038.8364,4.196,485.9
2071.656,4.14,500.4
1953.8287,4.241,460.7
2006.235,4.246,472.5
2079.6699,4.137,502.7
2112.158,4.135,510.8
2035.8,4.176,487.5
1816.5936,4.317,420.8
1743.8502,4.397,396.6
1733.3428,4.396,394.3
1769.3154,4.398,402.3
1951.9641,4.261,458.1
2116.7825,4.171,507.5
2028.6015,4.187,484.5
1961.424,4.24,462.6
2145.312,4.16,515.7
2058.387,4.155,495.4
2084.1653,4.141,503.3
2118.024,4.14,511.6
2124.9834,4.174,509.1
1965.9638,4.138,475.1
1859.7546,4.302,432.3
2103.4011,4.143,507.7
2077.5084,4.092,507.7
1980.5052,4.188,472.9
1942.5424,4.201,462.4
2135.5948,4.118,518.6
2043.0783,4.203,486.1
2039.9093,4.147,491.9
2025.9831,4.107,493.3
2124.2144,4.144,512.6
2085.318,4.14,503.7
1809.114,4.287,422.0
2013.267,4.234,475.5
1993.1553,4.197,474.9
2132.8279,4.123,517.3
2022.867,4.17,485.1
2085.3552,4.118,506.4
2131.6956,4.124,516.9
2065.856,4.16,496.6
2014.6588,4.172,482.9
2088.0408,4.152,502.9
2120.4589,4.123,514.3
2058.004,4.166,494.0
2005.237,4.226,474.5
1996.1914,4.157,480.2
2119.9152,4.134,512.8
2071.5,4.143,500.0
2035.3788,4.142,491.4
2182.194,4.14,527.1
2055.9501,4.161,494.1
2122.432,4.16,510.2
2041.7096,4.123,495.2
2080.0384,4.114,505.6
2027.5965,4.211,481.5
2009.0681,4.211,477.1
2101.2362,4.151,506.2
2062.2204,4.146,497.4
2067.0895,4.165,496.3
1925.7165,4.237,454.5
2186.0211,4.171,524.1
2088.2135,4.105,508.7
2064.21,4.15,497.4
2068.9536,4.128,501.2
2077.088,4.16,499.3
2159.7696,4.128,523.2
2023.6276,4.157,486.8
2120.617,4.154,510.5
2052.996,4.12,498.3
1958.7536,4.216,464.6
2084.6088,4.146,502.8
2063.6206,4.138,498.7
2114.3877,4.163,507.9
2041.7518,4.202,485.9
2062.3502,4.163,495.4
2191.4955,4.131,530.5
2060.496,4.188,492.0
2052.61,4.189,490.0
2033.532,4.104,495.5
2065.035,4.155,497.0
2017.5258,4.219,478.2
2112.1224,4.152,508.7
2076.3344,4.166,498.4
2075.472,4.176,497.0
2013.4176,4.192,480.3
1967.944,4.28,459.8
2155.1724,4.167,517.2
2086.24,4.16,501.5
2062.6691,4.219,488.9
2006.34,4.215,476.0
2127.2625,4.125,515.7
2037.0432,4.188,486.4
1901.6644,4.241,448.4
2032.5872,4.184,485.8
1992.2266,4.277,465.8
1963.566,4.22,465.3
2056.626,4.23,486.2
1973.3692,4.213,468.4
2033.1938,4.213,482.6
1811.6403,4.377,413.9
1799.8416,4.392,409.8
1766.4624,4.392,402.2
1747.8985,4.415,395.9
2047.7644,4.174,490.6
1858.9002,4.317,430.6
1949.0744,4.264,457.1
1836.9507,4.303,426.9
1807.3848,4.372,413.4
1721.034,4.396,391.5
1996.0446,4.246,470.1
1918.899,4.222,454.5
2014.6833,4.221,477.3
2022.094,4.19,482.6
2107.9584,4.143,508.8
2026.934,4.214,481.0
2109.8105,4.207,501.5
2107.8972,4.138,509.4
2067.6156,4.188,493.7
2029.086,4.188,484.5
2056.6255,4.159,494.5
2026.8144,4.212,481.2
2093.5273,4.153,504.1
2074.575,4.17,497.5
2058.8433,4.177,492.9
2074.968,4.14,501.2
2118.1246,4.154,509.9
2071.3108,4.204,492.7
1953.0756,4.284,455.9
1754.9565,4.371,401.5
1787.4465,4.395,406.7
1790.4555,4.383,408.5
1814.7272,4.376,414.7
2054.8711,4.229,485.9
1990.1939,4.189,475.1
2056.1568,4.128,498.1
2057.4969,4.139,497.1
2078.9984,4.168,498.8
2062.6373,4.183,493.1
2064.0312,4.158,496.4
2053.5795,4.185,490.7
1828.6812,4.317,423.6
1743.4536,4.396,396.6
1736.589,4.402,394.5
1783.1082,4.406,404.7
1861.92,4.31,432.0
2016.2142,4.158,484.9
2105.016,4.17,504.8
2023.42,4.172,485.0
2077.7145,4.143,501.5
2071.7613,4.193,494.1
1891.572,4.245,445.6
2046.3844,4.178,489.8
1960.3584,4.224,464.1
1924.1628,4.228,455.1
1735.454,4.388,395.5
1763.574,4.387,402.0
1729.9634,4.393,393.8
1771.44,4.4,402.6
1915.2,4.275,448.0
2103.7086,4.179,503.4
2079.522,4.14,502.3
1974.575,4.157,475.0
2094.2418,4.138,506.1
2125.824,4.152,512.0
1973.8568,4.189,471.2
2078.1629,4.189,496.1
2102.2659,4.131,508.9
2046.9068,4.157,492.4
1939.2828,4.214,460.2
1982.37,4.225,469.2
2076.3428,4.123,503.6
1956.5568,4.224,463.2
2110.5089,4.157,507.7
1988.0529,4.229,470.1
1975.3242,4.259,463.8
2099.6212,4.138,507.4
2026.1126,4.181,484.6
2042.46,4.2,486.3
2100.7088,4.132,508.4
2134.128,4.152,514.0
2129.504,4.16,511.9
1936.7556,4.251,455.6
2034.4984,4.136,491.9
2074.4262,4.158,498.9
1977.8904,4.194,471.6
2032.9454,4.171,487.4
2088.0145,4.147,503.5
2136.204,4.152,514.5
2077.402,4.19,495.8
2095.4295,4.185,500.7
2082.0624,4.136,503.4
2061.9096,4.168,494.7
2028.444,4.191,484.0
2073.5637,4.173,496.9
2072.7429,4.143,500.3
2085.162,4.162,501.0
2112.9912,4.148,509.4
1936.823,4.205,460.6
1802.246,4.348,414.5
1782.5344,4.384,406.6
1749.311,4.37,400.3
1768.548,4.395,402.4
2071.6392,4.197,493.6
1999.5261,4.191,477.1
2080.0992,4.128,503.9
1846.3725,4.275,431.9
1770.5331,4.347,407.3
1742.9136,4.388,397.2
1759.0804,4.378,401.8
1742.125,4.375,398.2
1720.464,4.38,392.8
1761.0376,4.396,400.6
1724.932,4.378,394.0
1776.194,4.39,404.6
1736.9482,4.394,395.3
1726.6075,4.399,392.5
1749.2514,4.394,398.1
1865.3761,4.319,431.9
1712.2358,4.378,391.1
1772.8555,4.385,404.3
1731.2707,4.373,395.9
1729.7904,4.377,395.2
1785.0,4.375,408.0
1756.818,4.38,401.1
1750.686,4.38,399.7
1870.1298,4.326,432.3
2120.4612,4.119,514.8
1989.3855,4.205,473.1
1746.2228,4.346,401.8
1633.1721,4.461,366.1
1606.1954,4.426,362.9
1629.5569,4.439,367.1
1595.5182,4.458,357.9
1625.3278,4.442,365.9
1569.3798,4.461,351.8
1607.9462,4.469,359.8
1628.5487,4.463,364.9
1598.919,4.47,357.7
1575.8379,4.473,352.3
1576.3316,4.463,353.2
1572.7824,4.458,352.8
1588.4396,4.477,354.8
1564.3056,4.472,349.8
1563.171,4.479,349.0
1555.56,4.47,348.0
1593.648,4.464,357.0
1590.3228,4.476,355.3
1583.8416,4.444,356.4
1559.5043,4.457,349.9
1615.2672,4.467,361.6
1576.164,4.46,353.4
1569.1616,4.468,351.2
1582.36,4.475,353.6
1588.0185,4.467,355.5
1615.7456,4.456,362.6
1634.04,4.45,367.2
1584.8098,4.438,357.1
1589.3476,4.442,357.8
1604.1404,4.451,360.4
1617.5716,4.439,364.4
1647.5304,4.436,371.4
1629.639,4.455,365.8
1611.9552,4.448,362.4
1595.1222,4.442,359.1
1589.2305,4.433,358.5
1581.8572,4.466,354.2
1586.5965,4.463,355.5
1553.6224,4.444,349.6
1595.0724,4.458,357.8
1581.972,4.44,356.3
1593.3267,4.437,359.1
1592.666,4.46,357.1
1603.4496,4.416,363.1
1583.4528,4.428,357.6
1591.5954,4.462,356.7
1594.742,4.436,359.5
1558.6256,4.438,351.2
1618.9492,4.444,364.3
1574.689,4.442,354.5
1567.0304,4.448,352.3
1577.1756,4.444,354.9
1587.0428,4.463,355.6
1587.404,4.459,356.0
1576.8272,4.472,352.6
1575.5628,4.452,353.9
1602.574,4.427,362.0
1587.69,4.425,358.8
1642.9424,4.432,370.7
1619.7888,4.416,366.8
1599.8374,4.417,362.2
1618.9056,4.416,366.6
1620.7048,4.433,365.6
1594.6578,4.437,359.4
1611.3492,4.428,363.9
1619.1886,4.441,364.6
1628.5698,4.446,366.3
1625.4576,4.446,365.6
1612.4822,4.447,362.6
1569.54,4.44,353.5
1592.5678,4.451,357.8
1589.076,4.44,357.9
1592.4393,4.437,358.9
1608.4125,4.437,362.5
1579.75,4.45,355.0
1571.556,4.452,353.0
1574.0562,4.449,353.8
1586.151,4.443,357.0
1562.9086,4.454,350.9
1595.5099,4.453,358.3
1568.864,4.457,352.0
1588.1985,4.445,357.3
1573.9515,4.455,353.3
1595.0724,4.458,357.8
1587.5832,4.452,356.6
1559.6874,4.478,348.3
1573.8032,4.432,355.1
1564.4862,4.437,352.6
1580.2384,4.469,353.6
1628.5698,4.446,366.3
1629.847,4.441,367.0
1629.6687,4.449,366.3
1578.7755,4.441,355.5
1596.9498,4.462,357.9
1595.9889,4.437,359.7
1607.1628,4.436,362.3
1645.761,4.442,370.5
1649.8041,4.403,374.7
1653.3843,4.441,372.3
1612.5973,4.451,362.3
1595.248,4.456,358.0
1584.645,4.45,356.1
1592.0388,4.467,356.4
1579.395,4.449,355.0
1600.6445,4.445,360.1
1579.1244,4.452,354.7
1568.2725,4.449,352.5
1588.9034,4.442,357.7
1601.922,4.435,361.2
1566.8016,4.431,353.6
1596.1458,4.461,357.8
1586.9425,4.439,357.5
1550.2833,4.451,348.3
1608.1048,4.462,360.4
1591.8522,4.449,357.8
1566.6728,4.466,350.8
1587.762,4.455,356.4
1574.2272,4.452,353.6
1582.9542,4.449,355.8
1561.505,4.45,350.9
1569.6371,4.463,351.7
1602.867,4.445,360.6
1592.8155,4.443,358.5
1585.4118,4.431,357.8
1608.851,4.426,363.5
1616.3196,4.438,364.2
1595.8761,4.459,357.9
1618.344,4.446,364.0
1588.0291,4.457,356.3
1599.0948,4.437,360.4
1624.332,4.46,364.2
1583.2084,4.436,356.9
1555.2964,4.426,351.4
1591.0602,4.458,356.9
1573.1744,4.424,355.6
1582.0532,4.459,354.8
1582.295,4.426,357.5
1593.1571,4.439,358.9
1583.3972,4.444,356.3
1605.6441,4.449,360.9
1558.7181,4.437,351.3
1571.0184,4.453,352.8
1583.309,4.445,356.2
1611.276,4.44,362.9
1568.2987,4.439,353.3
1588.643,4.445,357.4
1551.9672,4.452,348.6
1602.651,4.458,359.5
1572.5502,4.446,353.7
1597.2138,4.459,358.2
1625.5052,4.451,365.2
1592.5572,4.446,358.2
1580.1885,4.455,354.7
1627.8891,4.449,365.9
1615.9937,4.453,362.9
1570.3128,4.451,352.8
1614.704,4.436,364.0
1593.96,4.44,359.0
1594.0628,4.444,358.7
1616.5575,4.435,364.5
1615.125,4.425,365.0
1629.3428,4.436,367.3
1614.1806,4.437,363.8
1591.4142,4.454,357.3
1587.4912,4.448,356.9
1565.988,4.44,352.7
1569.8677,4.451,352.7
1571.4891,4.443,353.7
1572.6411,4.469,351.9
1599.6344,4.472,357.7
1601.3312,4.468,358.4
1564.6631,4.459,350.9
1561.6374,4.458,350.3
1616.5212,4.452,363.1
1546.1333,4.457,346.9
1607.4486,4.454,360.9
1569.54,4.44,353.5
1559.0586,4.457,349.8
1626.1027,4.471,363.7
1591.4171,4.459,356.9
1563.5805,4.461,350.5
1588.191,4.47,355.3
1554.1932,4.452,349.1
1545.9081,4.477,345.3
1579.4694,4.458,354.3
1608.3135,4.449,361.5
1604.52,4.457,360.0
1644.9453,4.447,369.9
1597.8718,4.441,359.8
1597.2362,4.438,359.9
1640.7912,4.449,368.8
1651.984,4.46,370.4
1606.473,4.455,360.6
1578.1432,4.453,354.4
1616.802,4.454,363.0
1620.483,4.458,363.5
1583.6436,4.466,354.6
1575.086,4.462,353.0
1586.7698,4.466,355.3
1576.1902,4.474,352.3
1576.3776,4.438,355.2
1588.4652,4.467,355.6
1570.5534,4.458,352.3
1586.0636,4.444,356.9
1601.2988,4.453,359.6
1613.9632,4.456,362.2
1558.9768,4.439,351.2
1553.5552,4.454,348.8
1560.17,4.45,350.6
1560.2345,4.477,348.5
1566.352,4.46,351.2
1564.7133,4.449,351.7
1560.7092,4.449,350.8
1557.9028,4.441,350.8
1550.956,4.444,349.0
1598.5613,4.469,357.7
1583.0432,4.448,355.9
1619.6327,4.441,364.7
1625.7065,4.465,364.1
1607.9556,4.474,359.4
1586.5134,4.449,356.6
1568.2982,4.463,351.4
1598.268,4.452,359.0
1611.3328,4.466,360.8
1596.0517,4.457,358.1
1617.4122,4.441,364.2
1650.579,4.449,371.0
1607.3948,4.444,361.7
1574.733,4.461,353.0
1561.4786,4.478,348.7
1609.3578,4.463,360.6
1580.8068,4.458,354.6
1575.7694,4.469,352.6
1580.9625,4.485,352.5
1603.0303,4.469,358.7
1576.6376,4.474,352.4
1590.2136,4.482,354.8
1619.2281,4.457,363.3
1585.6785,4.473,354.5
1547.2215,4.455,347.3
1615.9996,4.442,363.8
1579.1151,4.457,354.3
1572.8307,4.467,352.1
1595.5099,4.453,358.3
1565.4907,4.469,350.3
1596.322,4.459,358.0
1576.6245,4.455,353.9
1580.4404,4.462,354.2
1571.8908,4.458,352.6
1582.026,4.469,354.0
1614.392,4.472,361.0
1642.172,4.46,368.2
1633.0158,4.446,367.3
1623.3932,4.444,365.3
1635.1416,4.453,367.2
1608.0006,4.458,360.7
1597.8228,4.452,358.9
1627.454,4.46,364.9
1593.6412,4.454,357.8
1590.813,4.43,359.1
1620.8512,4.448,364.4
1590.2472,4.447,357.6
1577.8557,4.461,353.7
1552.9539,4.451,348.9
1542.7584,4.464,345.6
1634.3292,4.452,367.1
1617.3296,4.453,363.2
1579.1151,4.457,354.3
1595.5225,4.463,357.5
1585.8002,4.447,356.6
1553.904,4.455,348.8
1585.8468,4.476,354.3
1568.208,4.44,353.2
1558.9399,4.481,347.9
1562.265,4.47,349.5
1558.8405,4.473,348.5
1581.4106,4.466,354.1
1567.9726,4.457,351.8
1573.2449,4.453,353.3
1559.388,4.481,348.0
1568.935,4.475,350.6
1584.0654,4.426,357.9
1616.6032,4.451,363.2
1617.3656,4.436,364.6
1624.4891,4.447,365.3
1608.7005,4.455,361.1
1576.644,4.44,355.1
1602.2541,4.447,360.3
1599.7045,4.435,360.7
1582.5798,4.463,354.6
1594.08,4.428,360.0
1642.4045,4.457,368.5
1608.0189,4.463,360.3
1565.5549,4.459,351.1
1584.3732,4.458,355.4
1594.3356,4.446,358.6
1587.4804,4.468,355.3
1606.6055,4.469,359.5
1566.9378,4.449,352.2
1587.4804,4.468,355.3
1568.935,4.475,350.6
1591.0461,4.473,355.7
1569.0912,4.478,350.4
1582.1001,4.473,353.7
1580.9784,4.461,354.4
1600.1678,4.466,358.3
1586.3875,4.475,354.5
1609.5072,4.456,361.2
1562.1099,4.467,349.7
1611.8076,4.476,360.1
1576.7325,4.473,352.5
1557.587,4.463,349.0
1561.6374,4.458,350.3
1578.6792,4.452,354.6
1596.4098,4.458,358.1
1579.1151,4.457,354.3
1605.8738,4.462,359.9
1599.8768,4.454,359.2
1607.8686,4.449,361.4
1652.876,4.46,370.6
1611.0318,4.443,362.6
1617.6963,4.443,364.1
1591.2289,4.471,355.9
1583.0415,4.453,355.5
1572.1942,4.469,351.8
1579.1044,4.481,352.4
1631.2915,4.451,366.5
1744.6275,4.389,397.5
1741.5552,4.389,396.8
1772.6467,4.391,403.7
1676.3688,4.393,381.6
1611.4475,4.475,360.1
1643.856,4.467,368.0
1582.2114,4.467,354.2
1567.2021,4.479,349.9
1598.2926,4.467,357.8
1545.1353,4.467,345.9
1566.0944,4.472,350.2
1589.504,4.48,354.8
1570.0139,4.459,352.1
1557.6964,4.471,348.4
1572.9625,4.475,351.5
1564.7901,4.467,350.3
1566.3063,4.479,349.7
1566.7542,4.479,349.8
1592.032,4.472,356.0
1630.3706,4.457,365.8
1638.704,4.453,368.0
1609.1375,4.439,362.5
1590.0726,4.449,357.4
1589.3586,4.467,355.8
1614.7352,4.468,361.4
1590.0794,4.459,356.6
1594.7146,4.457,357.8
1604.4342,4.458,359.9
1590.8795,4.465,356.3
1592.3088,4.464,356.7
1589.544,4.46,356.4
1593.6454,4.469,356.6
1582.9198,4.469,354.2
1584.2827,4.459,355.3
1589.2235,4.483,354.5
1570.6284,4.476,350.9
1585.472,4.48,353.9
1573.6655,4.477,351.5
1573.376,4.48,351.2
1552.2312,4.472,347.1
1563.8584,4.472,349.7
1563.1965,4.465,350.1
1597.4765,4.481,356.5
1580.964,4.466,354.0
1556.0046,4.479,347.4
1599.5392,4.463,358.4
1554.1544,4.484,346.6
1598.9175,4.475,357.3
1609.216,4.49,358.4
1589.7654,4.482,354.7
1595.4284,4.474,356.6
1613.796,4.458,362.0
1574.6175,4.467,352.5
1564.8234,4.462,350.7
1613.16,4.481,360.0
1595.2528,4.471,356.8
1596.8142,4.443,359.4
1598.3541,4.451,359.1
1603.816,4.46,359.6
1597.105,4.45,358.9
1614.0975,4.465,361.5
1581.465,4.475,353.4
1558.3403,4.469,348.7
1583.1612,4.476,353.7
1586.9097,4.479,354.3
1603.392,4.48,357.9
1562.0766,4.481,348.6
1571.7398,4.483,350.6
1586.495,4.469,355.0
1582.38,4.47,354.0
1583.1094,4.486,352.9
1615.5753,4.479,360.7
1589.9004,4.461,356.4
1548.0828,4.482,345.4
1563.2221,4.483,348.7
1554.715,4.474,347.5
1544.634,4.485,344.4
1578.368,4.484,352.0
1554.2676,4.474,347.4
1589.6718,4.483,354.6
1575.5804,4.471,352.4
1585.896,4.485,353.6
1559.189,4.474,348.5
1587.3075,4.465,355.5
1617.7376,4.448,363.7
1595.0646,4.453,358.2
1641.5432,4.468,367.4
1599.5304,4.458,358.8
1610.2504,4.463,360.8
1596.1484,4.466,357.4
1608.7395,4.465,360.3
1595.9696,4.468,357.2
1623.699,4.473,363.0
1571.652,4.47,351.6
1597.1862,4.489,355.8
1588.0185,4.467,355.5
1589.3644,4.462,356.2
1593.555,4.47,356.5
1607.514,4.484,358.5
1573.5058,4.474,351.7
1570.8824,4.478,350.8
1592.3768,4.478,355.6
1577.4346,4.489,351.4
1579.2954,4.479,352.6
1563.7195,4.487,348.5
1592.0212,4.477,355.6
1569.9597,4.469,351.3
1557.7962,4.479,347.8
1621.339,4.49,361.1
1593.0222,4.466,356.7
1593.351,4.482,355.5
1603.3925,4.475,358.3
1573.5058,4.474,351.7
1542.8962,4.493,343.4
1601.8706,4.477,357.8
1581.1614,4.459,354.6
1586.5731,4.473,354.7
1624.2304,4.472,363.2
1571.0386,4.481,350.6
1594.9774,4.454,358.1
1671.2495,4.465,374.3
1599.6036,4.452,359.3
1635.7761,4.473,365.7
1592.6525,4.475,355.9
1600.694,4.46,358.9
1585.1616,4.488,353.2
1582.4346,4.493,352.2
1598.0055,4.485,356.3
1588.625,4.475,355.0
1583.5854,4.481,353.4
1579.0379,4.477,352.7
1612.44,4.479,360.0
1578.0744,4.473,352.8
1614.1325,4.475,360.7
1577.664,4.482,352.0
1593.984,4.48,355.8
1597.6593,4.479,356.7
1550.6298,4.479,346.2
1599.4428,4.484,356.7
1556.989,4.487,347.0
1604.1168,4.446,360.8
1574.8992,4.464,352.8
1568.853,4.485,349.8
1585.0659,4.489,353.1
1566.0546,4.477,349.8
1580.028,4.476,353.0
1574.2124,4.457,353.2
1600.236,4.455,359.2
1602.651,4.458,359.5
1615.412,4.46,362.2
1592.7552,4.464,356.8
1580.2848,4.449,355.2
1584.6285,4.465,354.9
1567.566,4.466,351.0
1615.905,4.47,361.5
1646.847,4.463,369.0
1640.834,4.46,367.9
1610.7273,4.473,360.1
1591.8492,4.474,355.8
1572.3224,4.477,351.2
1554.213,4.479,347.0
1556.401,4.466,348.5
1604.736,4.48,358.2
1567.7865,4.473,350.5
1569.1554,4.491,349.4
1599.0744,4.488,356.3
1581.975,4.45,355.5
1560.071,4.465,349.4
1589.6496,4.488,354.2
1605.632,4.48,358.4
1575.1044,4.476,351.9
1575.3857,4.487,351.1
1584.102,4.485,353.2
1562.7216,4.488,348.2
1559.9064,4.498,346.8
1553.2725,4.475,347.1
1567.708,4.492,349.0
1550.085,4.493,345.0
1596.8548,4.478,356.6
1608.6744,4.476,359.4
1634.5626,4.449,367.4
1605.8738,4.462,359.9
1592.5744,4.456,357.4
1624.4137,4.459,364.3
1581.7241,4.477,353.3
1575.3262,4.483,351.4
1589.4107,4.481,354.7
1590.8295,4.485,354.7
1585.1181,4.479,353.9
1613.223,4.47,360.9
1616.2203,4.461,362.3
1569.7316,4.462,351.8
1577.5994,4.478,352.3
1612.6236,4.482,359.8
1571.2332,4.479,350.8
1583.623,4.49,352.7
1572.9456,4.489,350.4
1576.7676,4.482,351.8
1591.278,4.485,354.8
1576.3804,4.486,351.4
1577.5677,4.483,351.9
1573.1541,4.473,351.7
1550.9899,4.471,346.9
1609.841,4.478,359.5
1573.887,4.47,352.1
1562.822,4.478,349.0
1573.296,4.49,350.4
1601.149,4.465,358.6
1567.0057,4.481,349.7
1548.7975,4.475,346.1
1570.311,4.47,351.3
1622.61,4.47,363.0
1610.2672,4.468,360.4
1627.939,4.465,364.6
1604.1872,4.466,359.2
1613.3948,4.468,361.1
1600.8678,4.458,359.1
1611.5214,4.469,360.6
1589.4494,4.466,355.9
1571.8686,4.463,352.2
1613.9585,4.477,360.5
1590.755,4.481,355.0
1578.6563,4.481,352.3
1580.3109,4.473,353.3
1566.9598,4.486,349.3
1626.8574,4.478,363.3
1603.929,4.474,358.5
1563.663,4.474,349.5
1601.6752,4.489,356.8
1598.8272,4.476,357.2
1574.2391,4.471,352.1
1569.0912,4.478,350.4
1598.1768,4.488,356.1
1554.232,4.492,346.0
1563.6652,4.492,348.1
1586.1252,4.492,353.1
1569.6514,4.486,349.9
1591.3505,4.489,354.5
1551.627,4.478,346.5
1583.4912,4.496,352.2
1596.2375,4.465,357.5
1568.838,4.476,350.5
1578.4643,4.483,352.1
1613.4048,4.452,362.4
1647.3268,4.474,368.2
1578.852,4.455,354.4
1564.9825,4.465,350.5
1624.5333,4.479,362.7
1597.218,4.474,357.0
1601.155,4.475,357.8
1627.046,4.465,364.4
1583.0672,4.477,353.6
1620.4064,4.448,364.3
1583.9824,4.472,354.2
1607.859,4.47,359.7
1594.3244,4.486,355.4
1564.2638,4.477,349.4
1561.476,4.487,348.0
1570.7528,4.493,349.6
1559.9738,4.466,349.3
1579.7388,4.493,351.6
1577.5994,4.478,352.3
1563.418,4.49,348.2
1560.5323,4.483,348.1
1571.136,4.48,350.7
1577.9416,4.493,351.2
1626.1549,4.481,362.9
1556.0493,4.483,347.1
1575.848,4.496,350.5
1578.6378,4.467,353.4
1606.2552,4.488,357.9
1542.495,4.471,345.0
1597.372,4.487,356.0
1556.8448,4.484,347.2
1571.8747,4.477,351.1
1606.8522,4.461,360.2
1593.4688,4.466,356.8
1623.2517,4.473,362.9
1608.2268,4.476,359.3
1640.834,4.46,367.9
1614.6876,4.458,362.2
1594.2726,4.462,357.3
1599.802,4.46,358.7
1598.9175,4.475,357.3
1619.8433,4.471,362.3
1600.4372,4.478,357.4
1574.2092,4.476,351.7
1578.1945,4.495,351.1
1590.848,4.48,355.1
1560.5312,4.474,348.8
1613.0976,4.461,361.6
1589.1492,4.479,354.8
1609.756,4.484,359.0
1576.3316,4.463,353.2
1559.6357,4.483,347.9
1627.3608,4.472,363.9
1570.0839,4.477,350.7
1564.7168,4.486,348.8
1573.0506,4.497,349.8
1578.0396,4.492,351.3
1580.48,4.49,352.0
1571.0955,4.485,350.3
1578.5266,4.487,351.8
1565.3612,4.493,348.4
1579.6976,4.498,351.2
1575.0086,4.477,351.8
1580.128,4.489,352.0
1625.988,4.467,364.0
1633.3776,4.464,365.9
1627.0462,4.454,365.3
1601.061,4.466,358.5
1595.3375,4.475,356.5
1586.033,4.474,354.5
1568.137,4.474,350.5
1589.335,4.477,355.0
1639.5328,4.448,368.6
1626.5544,4.449,365.6
1587.0428,4.463,355.6
1588.2005,4.465,355.7
1569.1482,4.482,350.1
1561.1752,4.472,349.1
1565.9112,4.492,348.6
1589.2954,4.487,354.2
1600.3498,4.474,357.7
1568.3056,4.486,349.6
1579.2,4.48,352.5
1587.5685,4.491,353.5
1579.4557,4.463,353.9
1547.0075,4.475,345.7
1613.703,4.485,359.8
1586.14,4.468,355.0
1569.2462,4.481,350.2
1587.9726,4.482,354.3
1543.185,4.473,345.0
1580.7701,4.487,352.3
1575.2458,4.493,350.6
1536.561,4.485,342.6
1567.6584,4.488,349.3
1552.707,4.485,346.2
1567.3744,4.468,350.8
1616.1808,4.472,361.4
1608.4799,4.447,361.7
1641.3579,4.459,368.1
1604.73,4.47,359.0
1630.09,4.466,365.0
1578.3246,4.451,354.6
1601.0651,4.471,358.1
1630.656,4.47,364.8
1609.92,4.472,360.0
1577.557,4.469,353.0
1601.5935,4.485,357.1
1552.2312,4.472,347.1
1589.9675,4.475,355.3
1600.3498,4.474,357.7
1583.3667,4.469,354.3
1602.05,4.475,358.0
1602.018,4.455,359.6
1582.266,4.476,353.5
1562.624,4.48,348.8
1579.4163,4.473,353.1
1575.2954,4.474,352.1
1544.565,4.477,345.0
1590.7704,4.476,355.4
1551.3222,4.481,346.2
1595.5772,4.487,355.6
1554.0672,4.476,347.2
1591.0167,4.483,354.9
1550.7891,4.473,346.7
1618.502,4.471,362.0
1581.2764,4.477,353.2
1587.8988,4.478,354.6
1579.6599,4.451,354.9
1620.1522,4.462,363.1
1599.9855,4.463,358.5
1606.5936,4.464,359.9
1584.0902,4.466,354.7
1609.398,4.452,361.5
1575.6048,4.466,352.8
1585.6785,4.473,354.5
1606.492,4.46,360.2
1621.6156,4.444,364.9
1612.809,4.443,363.0
1572.546,4.47,351.8
1591.296,4.48,355.2
1560.5175,4.465,349.5
1602.3183,4.477,357.9
1542.7044,4.482,344.2
1597.016,4.486,356.0
1577.2471,4.477,352.3
1578.1748,4.486,351.8
1593.812,4.477,356.0
1601.4229,4.477,357.7
1561.1192,4.468,349.4
1581.7636,4.486,352.6
1560.4204,4.466,349.4
1593.7824,4.487,355.2
1574.5912,4.472,352.1
1548.1186,4.486,345.1
1601.2446,4.474,357.9
1556.352,4.48,347.4
1585.4832,4.494,352.8
1583.197,4.466,354.5
1556.0046,4.479,347.4
1587.048,4.458,356.0
1605.7874,4.463,359.8
1617.9696,4.472,361.8
1614.8539,4.477,360.7
1592.8288,4.448,358.1
1633.297,4.465,365.8
1645.799,4.465,368.6
1600.8535,4.453,359.5
1625.624,4.466,364.0
1613.7718,4.474,360.7
1583.8272,4.464,354.8
1573.9813,4.483,351.1
1606.0785,4.485,358.1
1616.0523,4.463,362.1
1571.1725,4.475,351.1
1593.7824,4.487,355.2
1607.859,4.47,359.7
1595.1624,4.472,356.7
1565.014,4.46,350.9
1560.9786,4.474,348.9
1557.9432,4.482,347.6
1574.496,4.473,352.0
1576.2228,4.483,351.6
1592.2684,4.484,355.1
1556.1315,4.491,346.5
1536.9036,4.486,342.6
1587.1702,4.481,354.2
1569.799,4.466,351.5
1604.1078,4.482,357.9
1565.9973,4.473,350.1
1543.4969,4.483,344.3
1590.873,4.47,355.9
1605.3065,4.453,360.5
1604.6217,4.461,359.7
1611.504,4.464,361.0
1587.9272,4.468,355.4
1602.5646,4.459,359.4
1603.0224,4.464,359.1
1595.7018,4.466,357.3
1593.112,4.465,356.8
1625.7514,4.459,364.6
1635.6066,4.447,367.8
1579.2064,4.456,354.4
1587.0032,4.478,354.4
1570.8214,4.474,351.1
1559.189,4.474,348.5
1595.8677,4.479,356.3
1599.366,4.47,357.8
1568.935,4.475,350.6
1578.5604,4.482,352.2
1585.566,4.479,354.0
1575.5805,4.485,351.3
1591.9407,4.473,355.9
1612.5384,4.488,359.3
1587.4056,4.488,353.7
1548.7544,4.471,346.4
1603.2114,4.482,357.7
1583.9824,4.472,354.2
1553.013,4.482,346.5
1563.4025,4.499,347.5
1565.265,4.485,349.0
1576.9857,4.489,351.3
1587.712,4.48,354.4
1556.256,4.472,348.0
1586.8876,4.484,353.9
1603.0224,4.464,359.1
1619.9198,4.454,363.7
1621.8636,4.452,364.3
1618.6655,4.453,363.5
1600.7946,4.479,357.4
1580.2384,4.469,353.6
1614.8539,4.477,360.7
1583.1612,4.476,353.7
1603.1184,4.468,358.8
1592.1132,4.476,355.7
1605.9832,4.471,359.2
1581.2055,4.473,353.5
1602.6762,4.478,357.9
1587.3576,4.479,354.4
1583.7744,4.479,353.6
1589.8588,4.481,354.8
1543.528,4.487,344.0
1565.5143,4.487,348.9
1567.359,4.491,349.0
1586.766,4.49,353.4
1565.4057,4.497,348.1
1565.304,4.498,348.0
1553.9215,4.495,345.7
1555.5408,4.488,346.6
1548.1186,4.486,345.1
1562.2161,4.493,347.7
1615.4127,4.491,359.7
1569.9466,4.483,350.2
1567.908,4.49,349.2
1585.8975,4.499,352.5
1584.0066,4.486,353.1
1568.7408,4.477,350.4
1597.131,4.47,357.3
1596.3232,4.474,356.8
1592.9166,4.477,355.8
1612.9638,4.473,360.6
1588.2826,4.469,355.4
1607.2266,4.467,359.8
1630.6068,4.476,364.3
1631.37,4.45,366.6
1629.6434,4.466,364.9
1616.1082,4.457,362.6
1555.9575,4.475,347.7
1554.666,4.47,347.8
1560.3764,4.489,347.6
1562.0696,4.472,349.3
1594.2474,4.482,355.7
1616.37,4.475,361.2
1606.0785,4.485,358.1
1583.1373,4.481,353.3
1563.7392,4.464,350.3
1613.1672,4.491,359.2
1589.0935,4.465,355.9
1559.0868,4.484,347.7
1566.5075,4.495,348.5
1564.316,4.49,348.4
1569.8033,4.489,349.7
1533.7091,4.499,340.9
1574.8779,4.483,351.3
1562.52,4.49,348.0
1578.644,4.495,351.2
1550.3851,4.477,346.3
1595.3375,4.475,356.5
1601.9542,4.466,358.7
1644.1104,4.458,368.8
1585.8855,4.461,355.5
1600.256,4.48,357.2
1604.4674,4.478,358.3
1604.736,4.48,358.2
1587.1896,4.476,354.6
1591.5735,4.477,355.5
1602.8556,4.476,358.1
1599.1716,4.457,358.8
1601.2368,4.464,358.7
1599.1776,4.482,356.8
1593.735,4.458,357.5
1566.6384,4.471,350.4
1585.5148,4.489,353.2
1588.7944,4.478,354.8
1586.5744,4.492,353.2
1550.2214,4.483,345.8
1584.3284,4.492,352.7
1583.7355,4.465,354.7
1571.4458,4.486,350.3
1579.5804,4.476,352.9
1590.1201,4.483,354.7
1558.0698,4.494,346.7
1589.3488,4.472,355.4
1558.7416,4.474,348.4
1592.2483,4.489,354.7
1589.7441,4.487,354.3
1557.7848,4.488,347.1
1599.36,4.48,357.0
1566.5112,4.486,349.2
1572.4506,4.494,349.9
1605.0042,4.482,358.1
1612.877,4.474,360.5
1601.4906,4.491,356.6
1626.688,4.48,363.1
1604.371,4.469,359.0
1587.56,4.472,355.0
1626.2352,4.464,364.3
1624.212,4.456,364.5
1646.0112,4.468,368.4
1567.7051,4.483,349.7
1600.8793,4.483,357.1
1575.132,4.485,351.2
1592.0064,4.482,355.2
1561.9104,4.496,347.4
1574.5985,4.495,350.3
1600.5924,4.491,356.4
1618.9096,4.487,360.8
1572.2448,4.487,350.4
1604.8236,4.484,357.9
1600.4208,4.488,356.6
1585.094,4.484,353.5
1589.5971,4.479,354.9
1547.4438,4.501,343.8
1570.1961,4.503,348.7
1572.8412,4.508,348.9
1597.6644,4.503,354.8
1566.3604,4.492,348.7
1568.088,4.506,348.0
1578.2492,4.499,350.8
1587.2472,4.499,352.8
1553.19,4.502,345.0
1610.9217,4.491,358.7
1593.0084,4.476,355.9
1617.7536,4.464,362.4
1606.3424,4.472,359.2
1598.1768,4.488,356.1
1600.5288,4.472,357.9
1624.3625,4.481,362.5
1594.2597,4.477,356.1
1619.65,4.468,362.5
1617.054,4.467,362.0
1599.9762,4.458,358.9
1635.247,4.474,365.5
1586.7698,4.466,355.3
1581.6024,4.483,352.8
1574.017,4.478,351.5
1595.297,4.49,355.3
1572.8307,4.467,352.1
1570.1,4.486,350.0
1566.6,4.476,350.0
1601.4229,4.477,357.7
1555.908,4.471,348.0
1586.0854,4.483,353.8
1626.5784,4.476,363.4
1554.516,4.467,348.0
1575.4428,4.491,350.8
1575.4428,4.491,350.8
1575.541,4.49,350.9
1580.7936,4.496,351.6
1571.85,4.491,350.0
1559.0868,4.484,347.7
1599.5829,4.497,355.7
