1879.166,4.22,445.3
1921.0048,4.198,457.6
1816.0326,4.254,426.9
1894.784,4.192,452.0
1894.6818,4.202,450.9
1873.2638,4.187,447.4
1823.0784,4.224,431.6
1618.3414,4.381,369.4
1590.5214,4.401,361.4
1573.138,4.382,359.0
1552.7555,4.415,351.7
1554.8736,4.416,352.1
1568.8224,4.392,357.2
1565.9775,4.405,355.5
1541.8404,4.404,350.1
1581.5959,4.429,357.1
1605.27,4.398,365.0
1646.336,4.36,377.6
1649.7936,4.368,377.7
1637.9368,4.376,374.3
1624.8078,4.389,370.2
1633.1232,4.376,373.2
1609.1542,4.399,365.8
1626.1928,4.388,370.6
1590.8039,4.403,361.3
1629.2276,4.382,371.8
1665.3052,4.387,379.6
1593.7577,4.399,362.3
1605.933,4.395,365.4
1582.985,4.385,361.0
1641.4335,4.383,374.5
1622.82,4.386,370.0
1633.069,4.37,373.7
1673.7518,4.361,383.8
1617.9033,4.381,369.3
1634.53,4.388,372.5
1598.1567,4.399,363.3
1600.4905,4.403,363.5
1602.5711,4.387,365.3
1583.219,4.415,358.6
1554.525,4.41,352.5
1545.0181,4.393,351.7
1585.5203,4.403,360.1
1591.7375,4.391,362.5
1606.74,4.39,366.0
1606.5936,4.392,365.8
1595.78,4.372,365.0
1661.6826,4.374,379.9
1561.5855,4.415,353.7
1547.2884,4.412,350.7
1569.04,4.4,356.6
1572.3944,4.402,357.2
1551.968,4.409,352.0
1553.4658,4.402,352.9
1605.5464,4.406,364.4
1578.6036,4.396,359.1
1567.0032,4.382,357.6
1612.3752,4.391,367.2
1593.2828,4.388,363.1
1642.8027,4.389,374.3
1588.3791,4.389,361.9
1601.964,4.401,364.0
1542.2682,4.409,349.8
1570.8,4.4,357.0
1569.3601,4.417,355.3
1550.6382,4.414,351.3
1549.5012,4.407,351.6
1594.0144,4.418,360.8
1594.3522,4.397,362.6
1576.614,4.42,356.7
1598.184,4.41,362.4
1570.546,4.387,358.0
1598.2332,4.398,363.4
1609.9616,4.394,366.4
1588.7235,4.407,360.5
1615.152,4.389,368.0
1601.658,4.405,363.6
1599.066,4.41,362.6
1579.8272,4.408,358.4
1566.1624,4.408,355.3
1553.5556,4.406,352.6
1605.3338,4.403,364.6
1656.2606,4.346,381.1
1605.24,4.368,367.5
1665.2208,4.332,384.4
1681.5681,4.293,391.7
1712.196,4.302,398.0
1682.9125,4.343,387.5
1607.3968,4.387,366.4
1611.792,4.368,369.0
1629.8376,4.386,371.6
1603.518,4.38,366.1
1578.4743,4.381,360.3
1638.875,4.375,374.6
1614.3336,4.356,370.6
1625.8341,4.367,372.3
1653.2296,4.369,378.4
1615.59,4.35,371.4
1607.7424,4.376,367.4
1605.4494,4.413,363.8
1579.4024,4.397,359.2
1601.985,4.389,365.0
1595.1132,4.387,363.6
1579.6011,4.389,359.9
1594.176,4.416,361.0
1613.841,4.37,369.3
1617.0115,4.355,371.3
1619.0802,4.383,369.4
1596.9681,4.403,362.7
1592.1248,4.403,361.6
1603.1124,4.409,363.6
1577.457,4.41,357.7
1584.7572,4.407,359.6
1569.313,4.402,356.5
1558.8342,4.401,354.2
1568.9927,4.411,355.7
1557.8745,4.407,353.5
1583.4945,4.417,358.5
1560.9168,4.392,355.4
1589.7492,4.394,361.8
1636.4166,4.386,373.1
1612.3799,4.397,366.7
1593.5212,4.373,364.4
1593.3411,4.393,362.7
1602.479,4.37,366.7
1560.6144,4.416,353.4
1572.2668,4.414,356.2
1573.466,4.405,357.2
1574.9531,4.403,357.7
1548.6198,4.407,351.4
1555.4045,4.415,352.3
1551.413,4.385,353.8
1607.004,4.41,364.4
1583.079,4.395,360.2
1586.8125,4.375,362.7
1575.9981,4.401,358.1
1563.9012,4.366,358.2
1617.7995,4.395,368.1
1572.5787,4.389,358.3
1571.283,4.41,356.3
1536.7515,4.397,349.5
1547.7384,4.407,351.2
1541.76,4.4,350.4
1549.8456,4.413,351.2
1544.4889,4.399,351.1
1567.9702,4.397,356.6
1565.109,4.41,354.9
1552.4002,4.394,353.3
1578.6,4.385,360.0
1569.4697,4.373,358.9
1629.25,4.375,372.4
1621.4352,4.387,369.6
1590.3432,4.392,362.1
1557.1135,4.385,355.1
1590.3125,4.375,363.5
1588.0172,4.388,361.9
1577.3411,4.373,360.7
1588.851,4.377,363.0
1583.9848,4.366,362.8
1579.4514,4.374,361.1
1580.0666,4.354,362.9
1606.5,4.375,367.2
1596.717,4.365,365.8
1636.9911,4.341,377.1
1613.8328,4.357,370.4
1619.3888,4.372,370.4
1605.0546,4.383,366.2
1621.476,4.38,370.2
1609.4376,4.383,367.2
1656.1378,4.379,378.2
1587.5986,4.382,362.3
1593.8832,4.368,364.9
1624.204,4.385,370.4
1624.5695,4.373,371.5
1628.6346,4.371,372.6
1624.3942,4.369,371.8
1616.932,4.376,369.5
1609.374,4.39,366.6
1583.7591,4.403,359.7
1599.416,4.394,364.0
1589.9233,4.403,361.1
1547.899,4.415,350.6
1578.9627,4.397,359.1
1563.5053,4.403,355.1
1604.9528,4.408,364.1
1567.587,4.391,357.0
1579.9609,4.417,357.7
1574.5314,4.381,359.4
1610.5392,4.386,367.2
1593.8724,4.386,363.4
1625.4441,4.373,371.7
1612.208,4.381,368.0
1582.7976,4.404,359.4
1587.37,4.385,362.0
1560.699,4.41,353.9
1571.4054,4.398,357.3
1612.598,4.394,367.0
1561.104,4.395,355.2
1580.4026,4.417,357.8
1587.3561,4.413,359.7
1559.1096,4.408,353.7
1583.8758,4.407,359.4
1602.4974,4.382,365.7
1596.9681,4.403,362.7
1606.2241,4.397,365.3
1591.6608,4.392,362.4
1591.7632,4.402,361.6
1556.892,4.398,354.0
1545.0666,4.417,349.8
1583.8257,4.413,358.9
1571.57,4.396,357.5
1569.974,4.415,355.6
1548.2496,4.416,350.6
1554.6993,4.403,353.1
1598.2625,4.409,362.5
1537.718,4.42,347.9
1585.8458,4.382,361.9
1575.966,4.396,358.5
1602.2672,4.373,366.4
1595.3376,4.384,363.9
1630.6816,4.393,371.2
1583.9901,4.389,360.9
1589.9811,4.391,362.1
1595.1978,4.374,364.7
1603.445,4.393,365.0
1623.4428,4.396,369.3
1593.8078,4.381,363.8
1647.8654,4.399,374.6
1576.047,4.395,358.6
1630.383,4.371,373.0
1614.5796,4.372,369.3
1612.2564,4.374,368.6
1650.4518,4.386,376.3
1634.1575,4.387,372.5
1587.2815,4.403,360.5
1618.154,4.39,368.6
1604.6916,4.388,365.7
1632.8414,4.387,372.2
1584.1457,4.387,361.1
1607.8345,4.399,365.5
1616.6095,4.387,368.5
1605.2033,4.387,365.9
1649.5335,4.365,377.9
1616.978,4.388,368.5
1587.5013,4.389,361.7
1623.513,4.395,369.4
1593.0054,4.403,361.8
1576.449,4.39,359.1
1562.3676,4.406,354.6
1564.4138,4.418,354.1
1586.3392,4.387,361.6
1548.6192,4.392,352.6
1600.9578,4.414,362.7
1553.8572,4.382,354.6
1619.7118,4.399,368.2
1585.479,4.398,360.5
1600.2231,4.371,366.1
1614.8808,4.374,369.2
1616.7954,4.378,369.3
1593.1875,4.395,362.5
1560.24,4.4,354.6
1584.2728,4.391,360.8
1561.4001,4.407,354.3
1567.3836,4.404,355.9
1566.6264,4.392,356.7
1583.0256,4.412,358.8
1542.5564,4.396,350.9
1573.7771,4.417,356.3
1559.6832,4.391,355.2
1638.589,4.393,373.0
1585.44,4.404,360.0
1642.5866,4.399,373.4
1586.9074,4.391,361.4
1592.5158,4.398,362.1
1571.5971,4.401,357.1
1561.056,4.416,353.5
1602.9293,4.417,362.9
1549.3926,4.418,350.7
1601.9668,4.418,362.6
1582.4382,4.403,359.4
1573.1646,4.398,357.7
1571.2985,4.415,355.9
1553.7184,4.394,353.6
1583.157,4.405,359.4
1604.6145,4.395,365.1
1599.8682,4.382,365.1
1592.769,4.406,361.5
1579.5439,4.367,361.7
1604.175,4.395,365.0
1611.0579,4.391,366.9
1587.7218,4.403,360.6
1608.4159,4.403,365.3
1593.8568,4.392,362.9
1591.392,4.384,363.0
1623.6287,4.387,370.1
1578.0456,4.392,359.3
1583.912,4.39,360.8
1592.1537,4.397,362.1
1617.3962,4.382,369.1
1629.2939,4.381,371.9
1596.4293,4.387,363.9
1612.447,4.39,367.3
1563.6995,4.411,354.5
1555.255,4.381,355.0
1588.475,4.382,362.5
1606.716,4.408,364.5
1583.3018,4.414,358.7
1568.0106,4.407,355.8
1584.6336,4.392,360.8
1588.6305,4.419,359.5
1562.88,4.4,355.2
1611.4248,4.392,366.9
1579.3292,4.414,357.8
1542.9504,4.416,349.4
1544.9304,4.394,351.6
1601.6832,4.416,362.7
1643.1996,4.354,377.4
1561.2051,4.399,354.9
1574.9238,4.398,358.1
1615.952,4.42,365.6
1571.4826,4.418,355.7
1557.7868,4.418,352.6
1541.8546,4.394,350.9
1562.484,4.389,356.0
1592.9556,4.398,362.2
1576.08,4.378,360.0
1609.7368,4.403,365.6
1603.5192,4.392,365.1
1608.418,4.385,366.8
1581.5135,4.387,360.5
1594.8992,4.384,363.8
1609.1946,4.374,367.9
1614.5058,4.398,367.1
1615.816,4.36,370.6
1576.2175,4.409,357.5
1550.8308,4.371,354.8
1597.8487,4.403,362.9
1622.3615,4.405,368.3
1597.5488,4.418,361.6
1540.7424,4.416,348.9
1583.12,4.4,359.8
1626.1905,4.413,368.5
1565.6458,4.414,354.7
1570.855,4.394,357.5
1613.7732,4.402,366.6
1571.3964,4.419,355.6
1569.5475,4.425,354.7
1563.5176,4.408,354.7
1544.751,4.401,351.0
1610.015,4.411,365.0
1580.61,4.425,357.2
1563.795,4.425,353.4
1546.9248,4.416,350.3
1545.5455,4.397,351.5
1542.0258,4.382,351.9
1562.6736,4.392,355.8
1611.4272,4.398,366.4
1579.643,4.394,359.5
1600.0092,4.374,365.8
1605.7098,4.398,365.1
1599.716,4.39,364.4
1629.666,4.395,370.8
1605.1282,4.394,365.3
1607.691,4.395,365.8
1579.0385,4.385,360.1
1580.5607,4.399,359.3
1541.5037,4.393,350.9
1614.468,4.38,368.6
1602.308,4.408,363.5
1565.195,4.409,355.0
1607.9829,4.397,365.7
1594.3263,4.403,362.1
1588.6818,4.402,360.9
1543.484,4.415,349.6
1616.9205,4.395,367.9
1562.5392,4.404,354.8
1577.5626,4.398,358.7
1559.0232,4.419,352.8
1554.3489,4.407,352.7
1567.0074,4.398,356.3
1607.5015,4.415,364.1
1584.1537,4.409,359.3
1561.2296,4.424,352.9
1570.9624,4.424,355.1
1543.0425,4.415,349.5
1539.0297,4.401,349.7
1542.646,4.39,351.4
1613.6208,4.392,367.4
1600.0866,4.379,365.4
1588.1472,4.392,361.6
1607.7632,4.388,366.4
1588.6024,4.403,360.8
1613.1708,4.386,367.8
1595.0774,4.399,362.6
1616.8329,4.371,369.9
1594.6745,4.387,363.5
1570.7473,4.379,358.7
1646.4345,4.373,376.5
1581.4638,4.382,360.9
1583.4351,4.407,359.3
1575.084,4.412,357.0
1547.6373,4.383,353.1
1605.862,4.39,365.8
1577.3736,4.411,357.6
1560.7652,4.399,354.8
1589.46,4.425,359.2
1568.39,4.418,355.0
1570.188,4.386,358.0
1584.5592,4.404,359.8
1544.0172,4.414,349.8
1547.5682,4.399,351.8
1582.5844,4.412,358.7
1574.5954,4.402,357.7
1568.216,4.42,354.8
1552.0434,4.418,351.3
1546.857,4.407,351.0
1542.9096,4.392,351.3
1585.2788,4.406,359.8
1614.1349,4.409,366.1
1611.72,4.4,366.3
1592.4075,4.405,361.5
1593.1568,4.372,364.4
1597.7341,4.393,363.7
1576.5178,4.378,360.1
1644.5646,4.382,375.3
1619.1875,4.375,370.1
1582.5132,4.374,361.8
1632.0533,4.379,372.7
1579.9649,4.373,361.3
1630.1376,4.368,373.2
1565.2259,4.393,356.3
1554.0822,4.374,355.3
1620.349,4.39,369.1
1600.7342,4.394,364.3
1559.2743,4.401,354.3
1580.7144,4.386,360.4
1608.4964,4.396,365.9
1561.9149,4.401,354.9
1578.4743,4.381,360.3
1644.557,4.409,373.0
1593.1875,4.395,362.5
1572.0804,4.411,356.4
1556.4605,4.403,353.5
1547.8073,4.381,353.3
1546.3224,4.383,352.8
1614.8,4.4,367.0
1604.4532,4.403,364.4
1594.0971,4.383,363.7
1566.1471,4.403,355.7
1543.1724,4.389,351.6
1539.1987,4.369,352.3
1583.7846,4.386,361.1
1595.415,4.371,365.0
1607.397,4.362,368.5
1588.125,4.375,363.0
1598.262,4.38,364.9
1594.5922,4.358,365.9
1617.9426,4.374,369.9
1577.0188,4.354,362.2
1658.6789,4.373,379.3
1589.8693,4.357,364.9
1613.9604,4.381,368.4
1574.0472,4.376,359.7
1607.9756,4.403,365.2
1574.32,4.4,357.8
1550.8152,4.392,353.1
1564.8932,4.381,357.2
1592.825,4.394,362.5
1555.7535,4.401,353.5
1551.35,4.37,355.0
1582.3128,4.388,360.6
1567.3836,4.404,355.9
1556.0689,4.387,354.7
1553.4367,4.387,354.1
1575.4192,4.408,357.4
1581.5576,4.403,359.2
1561.3894,4.402,354.7
1563.1629,4.407,354.7
1552.5807,4.397,353.1
1561.8265,4.381,356.5
1580.4,4.39,360.0
1551.7898,4.411,351.8
1549.8528,4.408,351.6
1549.3056,4.384,353.4
1600.2576,4.358,367.2
1575.3298,4.393,358.6
1624.5314,4.393,369.8
1573.891,4.378,359.5
1620.5319,4.381,369.9
1602.2016,4.392,364.8
1580.5,4.36,362.5
1631.5663,4.373,373.1
1583.707,4.387,361.0
1603.804,4.376,366.5
1562.484,4.389,356.0
1621.9656,4.392,369.3
1603.056,4.404,364.0
1561.3136,4.408,354.2
1556.0235,4.377,355.5
1582.3402,4.382,361.1
1596.372,4.405,362.4
1558.228,4.408,353.5
1557.4686,4.386,355.1
1584.1696,4.381,361.6
1599.2022,4.391,364.2
1560.699,4.41,353.9
1560.8635,4.403,354.5
1541.5794,4.377,352.2
1545.9696,4.382,352.8
1550.4359,4.381,353.9
1585.9979,4.397,360.7
1593.55,4.396,362.5
1556.377,4.409,353.0
1559.8105,4.405,354.1
1546.9524,4.396,351.9
1585.4076,4.382,361.8
1599.2834,4.378,365.3
1598.5536,4.382,364.8
1577.0568,4.371,360.8
1575.4793,4.363,361.1
1594.323,4.374,364.5
1651.4421,4.377,377.3
1639.4014,4.394,373.1
1590.1641,4.377,363.3
1590.7498,4.363,364.6
1598.9904,4.376,365.4
1587.8412,4.367,363.6
1602.1271,4.393,364.7
1579.4828,4.396,359.3
1550.8544,4.376,354.4
1624.6352,4.372,371.6
1597.6584,4.394,363.6
1584.44,4.4,360.1
1560.1223,4.391,355.3
1566.873,4.389,357.0
1641.2669,4.399,373.1
1608.8623,4.397,365.9
1537.1784,4.402,349.2
1551.834,4.38,354.3
1600.16,4.384,365.0
1593.0512,4.408,361.4
1569.4338,4.411,355.8
1554.2586,4.413,352.2
1531.3312,4.384,349.3
1602.9288,4.376,366.3
1587.5991,4.399,360.9
1561.6276,4.394,355.4
1561.523,4.39,355.7
1591.408,4.372,364.0
1585.998,4.38,362.1
1582.5336,4.362,362.8
1631.2864,4.384,372.1
1590.378,4.38,363.1
1578.3939,4.359,362.1
1608.3894,4.373,367.8
1569.8838,4.362,359.9
1604.505,4.366,367.5
1591.1144,4.364,364.6
1578.5411,4.357,362.3
1612.7466,4.398,366.7
1617.9522,4.399,367.8
1548.36,4.4,351.9
1562.0704,4.378,356.8
1598.52,4.4,363.3
1612.8924,4.396,366.9
1546.3941,4.377,353.3
1593.3697,4.381,363.7
1616.481,4.395,367.8
1611.7699,4.381,367.9
1548.798,4.405,351.6
1550.9745,4.385,353.7
1616.4144,4.402,367.2
1571.1796,4.406,356.6
1550.0322,4.401,352.2
1540.539,4.389,351.0
1578.6387,4.401,358.7
1546.155,4.405,351.0
1567.044,4.408,355.5
1544.4891,4.389,351.9
1596.474,4.398,363.0
1581.9193,4.393,360.1
1572.6561,4.377,359.3
1618.0405,4.379,369.5
1589.6518,4.378,363.1
1599.1092,4.362,366.6
1603.6496,4.372,366.8
1580.742,4.38,360.9
1610.5068,4.374,368.2
1613.9086,4.369,369.4
1577.1875,4.375,360.5
1596.492,4.362,366.0
1557.3411,4.403,353.7
1552.596,4.36,356.1
1564.102,4.369,358.0
1577.446,4.394,359.0
1570.086,4.398,357.0
1551.1856,4.372,354.8
1606.2241,4.397,365.3
1552.3893,4.389,353.7
1583.3125,4.375,361.9
1596.8745,4.381,364.5
1566.2114,4.397,356.2
1556.892,4.398,354.0
1543.5,4.375,352.8
1622.9458,4.403,368.6
1548.2712,4.396,352.2
1561.6892,4.388,355.9
1561.4748,4.401,354.8
1568.4652,4.391,357.2
1541.3976,4.374,352.4
1542.9776,4.376,352.6
1574.511,4.37,360.3
1591.0425,4.365,364.5
1590.1641,4.377,363.3
1567.0605,4.359,359.5
1574.9181,4.347,362.3
1617.1395,4.353,371.5
1638.9045,4.353,376.5
1627.4635,4.355,373.7
1591.6121,4.357,365.3
1618.254,4.356,371.5
1606.412,4.37,367.6
1580.2786,4.363,362.2
1549.5597,4.381,353.7
1570.904,4.388,358.0
1547.0838,4.374,353.7
1580.492,4.366,362.0
1594.25,4.375,364.4
1570.8672,4.383,358.4
1554.6564,4.356,356.9
1603.5624,4.367,367.2
1586.284,4.382,362.0
1581.874,4.388,360.5
1585.0732,4.369,362.8
1614.906,4.38,368.7
1576.1268,4.383,359.6
1568.5145,4.385,357.7
1559.8272,4.384,355.8
1545.2346,4.354,354.9
1614.5373,4.379,368.7
1562.6736,4.392,355.8
1545.5401,4.387,352.3
1574.0349,4.359,361.1
1590.5336,4.372,363.8
1597.1535,4.365,365.9
1588.348,4.36,364.3
1585.8045,4.365,363.3
1617.3885,4.335,373.1
1633.1952,4.368,373.9
1586.5311,4.367,363.3
1622.356,4.36,372.1
1578.114,4.38,360.3
1629.5805,4.363,373.5
1576.7244,4.358,361.8
1619.826,4.372,370.5
1559.9097,4.383,355.9
1554.8553,4.359,356.7
1613.154,4.38,368.3
1614.2376,4.377,368.8
1568.1897,4.389,357.3
1554.2153,4.367,355.9
1588.3508,4.366,363.8
1629.2001,4.369,372.9
1579.8024,4.392,359.7
1582.6734,4.389,360.6
1566.7234,4.369,358.6
1608.194,4.382,367.0
1575.4908,4.391,358.8
1571.978,4.391,358.0
1551.158,4.388,353.5
1552.3554,4.363,355.8
1567.7205,4.373,358.5
1626.9696,4.383,371.2
1583.0624,4.384,361.1
1573.5368,4.388,358.6
1563.8216,4.378,357.2
1625.5664,4.336,374.9
1610.8196,4.363,369.2
1596.6462,4.366,365.7
1610.5759,4.373,368.3
1619.2393,4.361,371.3
1609.7442,4.366,368.7
1588.0596,4.364,363.9
1646.772,4.36,377.7
1587.114,4.365,363.6
1597.4592,4.379,364.8
1569.704,4.37,359.2
1566.2697,4.391,356.7
1615.0442,4.378,368.9
1552.8766,4.378,354.7
1548.3736,4.369,354.4
1618.9163,4.379,369.7
1564.62,4.395,356.0
1558.7312,4.376,356.2
1596.2793,4.389,363.7
1557.9072,4.386,355.2
1551.092,4.357,356.0
1644.1836,4.388,374.7
1602.5557,4.399,364.3
1560.58,4.396,355.0
1558.662,4.403,354.0
1547.199,4.383,353.0
1577.6697,4.357,362.1
1612.1378,4.382,367.9
1568.9324,4.396,356.9
1556.964,4.392,354.5
1541.9394,4.383,351.8
1595.5588,4.369,365.2
1624.1322,4.373,371.4
1597.3776,4.368,365.7
1582.377,4.37,362.1
1595.5602,4.381,364.2
1634.4414,4.362,374.7
1607.2973,4.357,368.9
1618.0608,4.359,371.2
1633.0262,4.342,376.1
1655.8717,4.361,379.7
1588.9324,4.364,364.1
1655.5008,4.352,380.4
1554.837,4.386,354.5
1589.2803,4.353,365.1
1626.732,4.38,371.4
1570.6266,4.386,358.1
1606.0203,4.363,368.1
1572.763,4.37,359.9
1622.2278,4.362,371.9
1565.1693,4.383,357.1
1558.6214,4.361,357.4
1579.9056,4.368,361.7
1557.2546,4.378,355.7
1552.32,4.4,352.8
1536.6624,4.368,351.8
1600.6716,4.383,365.2
1564.374,4.382,357.0
1565.5563,4.389,356.7
1541.2376,4.396,350.6
1610.782,4.37,368.6
1583.1904,4.388,360.8
1563.908,4.393,356.0
1552.8282,4.389,353.8
1608.7572,4.374,367.8
1580.8625,4.361,362.5
1583.406,4.362,363.0
1617.4375,4.375,369.7
1640.1231,4.347,377.3
1600.9231,4.361,367.1
1649.375,4.375,377.0
1628.64,4.35,374.4
1598.1476,4.357,366.8
1638.0,4.375,374.4
1611.02,4.36,369.5
1620.8704,4.376,370.4
1600.5984,4.384,365.1
1592.9556,4.398,362.2
1561.416,4.386,356.0
1620.6,4.38,370.0
1564.0742,4.391,356.2
1580.3811,4.379,360.9
1577.9656,4.393,359.2
1572.6425,4.399,357.5
1584.816,4.384,361.5
1612.3068,4.398,366.6
1577.8854,4.394,359.1
1563.1502,4.402,355.1
1546.3096,4.378,353.2
1579.1072,4.367,361.6
1616.1132,4.394,367.8
1593.9896,4.396,362.6
1595.748,4.396,363.0
1579.8778,4.402,358.9
1552.1883,4.381,354.3
1638.236,4.385,373.6
1614.9384,4.392,367.7
1632.295,4.382,372.5
1617.9954,4.386,368.9
1607.5309,4.379,367.1
1611.9808,4.352,370.4
1642.1732,4.364,376.3
1607.5148,4.373,367.6
1641.8127,4.377,375.1
1600.518,4.373,366.0
1597.7507,4.381,364.7
1609.7335,4.385,367.1
1604.2528,4.388,365.6
1578.9158,4.403,358.6
1582.24,4.4,359.6
1554.6684,4.388,354.3
1581.736,4.355,363.2
1605.5648,4.382,366.4
1586.7008,4.388,361.6
1629.8376,4.386,371.6
1591.6362,4.398,361.9
1605.6522,4.362,368.1
1597.4458,4.391,363.8
1590.628,4.394,362.0
1574.2859,4.411,356.9
1575.6685,4.405,357.7
1573.7138,4.369,360.2
1623.1605,4.381,370.5
1575.1681,4.411,357.1
1561.0005,4.391,355.5
1582.5264,4.368,362.3
1596.474,4.398,363.0
1593.7577,4.399,362.3
1610.691,4.39,366.9
1615.3533,4.367,369.9
1611.819,4.374,368.5
1650.2893,4.367,377.9
1603.2236,4.378,366.2
1594.71,4.35,366.6
1606.664,4.385,366.4
1612.6938,4.374,368.7
1599.9121,4.363,366.7
1624.8078,4.389,370.2
1663.8696,4.374,380.4
1601.0232,4.396,364.2
1575.4076,4.381,359.6
1639.2915,4.389,373.5
1608.3486,4.398,365.7
1609.264,4.373,368.0
1661.2968,4.388,378.6
1602.04,4.4,364.1
1575.5305,4.385,359.3
1617.6563,4.397,367.9
1607.3244,4.388,366.3
1588.302,4.39,361.8
1560.8841,4.371,357.1
1637.3385,4.405,371.7
1627.9299,4.401,369.9
1588.3209,4.401,360.9
1576.7964,4.402,358.2
1575.4908,4.391,358.8
1621.6844,4.396,368.9
1645.2675,4.405,373.5
1586.5605,4.401,360.5
1593.0838,4.402,361.9
1580.2416,4.392,359.8
1652.574,4.38,377.3
1643.0008,4.379,375.2
1627.6956,4.372,372.3
1603.4375,4.375,366.5
1591.5512,4.376,363.7
1655.9375,4.375,378.5
1689.1632,4.392,384.6
1615.3776,4.392,367.8
1634.3552,4.384,372.8
1629.0072,4.372,372.6
1633.6215,4.395,371.7
1588.1621,4.403,360.7
1571.9275,4.397,357.5
1633.114,4.396,371.5
1581.426,4.41,358.6
1573.8954,4.389,358.6
1627.9458,4.407,369.4
1556.64,4.416,352.5
1572.2204,4.388,358.3
1653.1098,4.413,374.6
1617.6563,4.397,367.9
1603.2429,4.413,363.3
1586.0793,4.407,359.9
1593.2205,4.383,363.5
1601.3874,4.397,364.2
1567.4976,4.413,355.2
1590.8472,4.408,360.9
1580.2758,4.386,360.3
1636.829,4.406,371.5
1629.7086,4.407,369.8
1626.4801,4.409,368.9
1611.3537,4.399,366.3
1597.824,4.38,364.8
1621.038,4.38,370.1
1647.8784,4.392,375.2
1625.844,4.36,372.9
1623.8336,4.384,370.4
1613.4717,4.369,369.3
1681.1444,4.394,382.6
1600.0865,4.385,364.9
1681.68,4.368,385.0
1624.7616,4.396,369.6
1595.5519,4.387,363.7
1590.1524,4.383,362.8
1668.2589,4.389,380.1
1583.4392,4.396,360.2
1638.336,4.416,371.0
1606.73,4.402,365.0
1664.0832,4.407,377.6
1611.864,4.404,366.0
1590.205,4.405,361.0
1597.0912,4.384,364.3
1619.3364,4.422,366.2
1589.0724,4.419,359.6
1578.834,4.404,358.5
1587.6553,4.387,361.9
1604.7629,4.393,365.3
1593.7577,4.399,362.3
1637.2696,4.406,371.6
1606.2984,4.396,365.4
1631.7709,4.409,370.1
1594.7353,4.409,361.7
1587.498,4.422,359.0
1598.5464,4.411,362.4
1651.8312,4.392,376.1
1619.7118,4.399,368.2
1651.7055,4.387,376.5
1636.6875,4.375,374.1
1621.0044,4.374,370.6
1644.9972,4.389,374.8
1627.5809,4.367,372.7
1667.7383,4.351,383.3
1695.651,4.359,389.0
1644.3092,4.372,376.1
1589.0036,4.409,360.4
1590.246,4.41,360.6
1589.6958,4.389,362.2
1589.6958,4.389,362.2
1588.1125,4.381,362.5
1672.5785,4.405,379.7
1628.37,4.401,370.0
1602.1317,4.381,365.7
1623.9988,4.388,370.1
1613.8434,4.407,366.2
1611.2742,4.406,365.7
1589.8854,4.409,360.6
1581.3088,4.384,360.7
1642.914,4.42,371.7
1604.9528,4.408,364.1
1598.96,4.4,363.4
1607.5976,4.408,364.7
1599.6099,4.403,363.3
1579.241,4.399,359.0
1607.5353,4.403,365.1
1642.7192,4.397,373.6
1619.7185,4.405,367.7
1609.374,4.39,366.6
1626.1928,4.388,370.6
1611.6996,4.382,367.8
1620.5588,4.354,372.2
1667.3811,4.389,379.9
1696.1696,4.384,386.9
1691.452,4.382,386.0
1625.5872,4.384,370.8
1614.6753,4.377,368.9
1643.939,4.378,375.5
1674.2594,4.399,380.6
1668.6615,4.397,379.5
1616.9232,4.413,366.4
1594.7919,4.397,362.7
1624.542,4.38,370.9
1672.4998,4.399,380.2
1612.7995,4.415,365.3
1602.6715,4.409,363.5
1605.0459,4.377,366.7
1611.4272,4.398,366.4
1610.9138,4.399,366.2
1577.9213,4.399,358.7
1605.276,4.392,365.5
1630.7093,4.399,370.7
1596.7344,4.406,362.4
1621.04,4.405,368.0
1612.6616,4.411,365.6
1587.3956,4.396,361.1
1596.2188,4.378,364.6
1599.8697,4.411,362.7
1602.9795,4.405,363.9
1613.8434,4.407,366.2
1632.974,4.385,372.4
1672.0344,4.392,380.7
1620.1884,4.386,369.4
1633.3792,4.372,373.6
1624.2636,4.371,371.6
1635.2084,4.391,372.4
1621.2622,4.414,367.3
1641.3558,4.391,373.8
1608.8446,4.379,367.4
1652.994,4.373,378.0
1652.7684,4.398,375.8
1614.1349,4.409,366.1
1609.8016,4.408,365.2
1586.1312,4.384,361.8
1654.3005,4.415,374.7
1596.1821,4.413,361.7
1620.5319,4.381,369.9
1626.7768,4.411,368.8
1593.2885,4.405,361.7
1588.5327,4.387,362.1
1658.042,4.405,376.4
1618.5439,4.409,367.1
1600.9856,4.408,363.2
1569.6189,4.393,357.3
1611.124,4.408,365.5
1620.3794,4.414,367.1
1626.2658,4.418,368.1
1587.5189,4.411,359.9
1571.31,4.42,355.5
1568.16,4.4,356.4
1659.664,4.414,376.0
1649.8478,4.409,374.2
1620.2575,4.385,369.5
1631.4186,4.382,372.3
1612.086,4.395,366.8
1650.3894,4.387,376.2
1620.5578,4.387,369.4
1617.188,4.385,368.8
1643.25,4.382,375.0
1640.7855,4.393,373.5
1671.1808,4.384,381.2
1644.624,4.374,376.0
1608.202,4.388,366.5
1655.5308,4.389,377.2
1636.481,4.411,371.0
1574.4512,4.393,358.4
1662.3838,4.406,377.3
1625.1473,4.403,369.1
1591.166,4.415,360.4
1591.7375,4.391,362.5
1673.3379,4.407,379.7
1600.83,4.41,363.0
1648.6016,4.366,377.6
1606.8051,4.401,365.1
1591.3165,4.385,362.9
1629.732,4.381,372.0
1584.5994,4.398,360.3
1603.5898,4.379,366.2
1605.8344,4.408,364.3
1599.0924,4.404,363.1
1594.4562,4.418,360.9
1584.5994,4.398,360.3
1589.619,4.39,362.1
1629.8712,4.392,371.1
1662.9454,4.397,378.2
1641.112,4.388,374.0
1666.6064,4.372,381.2
1628.1828,4.391,370.8
1704.0144,4.376,389.4
1638.4792,4.388,373.4
1633.0129,4.391,371.9
1644.8146,4.378,375.7
1637.372,4.378,374.0
1629.1611,4.383,371.7
1623.3724,4.397,369.2
1589.3098,4.394,361.7
1649.7544,4.397,375.2
1577.805,4.395,359.0
1605.9249,4.401,364.9
1638.4244,4.402,372.2
1597.8216,4.409,362.4
1599.4,4.4,363.5
1644.3865,4.405,373.3
1618.1676,4.396,368.1
1617.5892,4.404,367.3
1593.131,4.39,362.9
1586.3392,4.387,361.6
1611.0608,4.397,366.4
1605.5464,4.406,364.4
1592.1696,4.408,361.2
1562.1165,4.419,353.5
1565.2952,4.376,357.7
1605.276,4.392,365.5
1654.518,4.405,375.6
1626.24,4.4,369.6
1644.1161,4.409,372.9
1626.9085,4.403,369.5
1617.6249,4.359,371.1
1620.9272,4.388,369.4
1658.504,4.376,379.0
1630.7815,4.385,371.9
1653.3286,4.382,377.3
1620.9192,4.362,371.6
1627.577,4.387,371.0
1629.2276,4.382,371.8
1640.2344,4.388,373.8
1634.8339,4.403,371.3
1593.886,4.403,362.0
1597.0912,4.384,364.3
1615.3082,4.411,366.2
1602.0985,4.405,363.7
1591.3677,4.407,361.1
1623.9692,4.382,370.6
1639.8126,4.401,372.6
1604.358,4.41,363.8
1585.8,4.405,360.0
1606.736,4.384,366.5
1604.1758,4.418,363.1
1590.0813,4.401,361.3
1566.159,4.387,357.0
1628.017,4.406,369.5
1653.4408,4.408,375.1
1617.3645,4.413,366.5
1609.8624,4.413,364.8
1575.252,4.41,357.2
1592.857,4.382,363.5
1626.3576,4.392,370.3
1655.625,4.415,375.0
1630.1493,4.407,369.9
1607.9688,4.379,367.2
1626.6316,4.388,370.7
1650.883,4.379,377.0
1631.424,4.395,371.2
1648.3782,4.377,376.6
1624.4618,4.394,369.7
1610.2983,4.377,367.9
1629.891,4.365,373.4
1625.5709,4.397,369.7
1650.9525,4.385,376.5
1628.756,4.408,369.5
1593.0054,4.403,361.8
1601.1736,4.394,364.4
1620.3075,4.409,367.5
1609.3712,4.402,365.6
1595.5376,4.393,363.2
1644.3192,4.406,373.2
1595.0505,4.405,362.1
1596.5776,4.408,362.2
1590.2016,4.416,360.1
1595.1546,4.398,362.7
1606.5194,4.387,366.2
1587.1215,4.405,360.3
1607.6104,4.402,365.2
1584.1994,4.403,359.8
1569.177,4.414,355.5
1572.2494,4.409,356.6
1574.664,4.368,360.5
1607.2452,4.401,365.2
1634.4864,4.408,370.8
1605.3338,4.403,364.6
1644.0633,4.383,375.1
1611.819,4.374,368.5
1649.0682,4.394,375.3
1662.1143,4.389,378.7
1601.7672,4.386,365.2
1599.9732,4.404,363.3
1623.6709,4.399,369.1
1609.9616,4.394,366.4
1631.324,4.39,371.6
1612.3799,4.397,366.7
1604.6888,4.394,365.2
1578.5301,4.413,357.7
1576.926,4.395,358.8
1625.5876,4.403,369.2
1572.7082,4.414,356.3
1609.8624,4.413,364.8
1579.1812,4.421,357.2
1586.493,4.385,361.8
1612.7322,4.386,367.7
1607.5788,4.414,364.2
1575.693,4.41,357.3
1575.8496,4.392,358.8
1620.6014,4.411,367.4
1618.3921,4.399,367.9
1588.271,4.418,359.5
1553.8134,4.398,353.3
1582.24,4.4,359.6
1616.7048,4.398,367.6
1593.0126,4.414,360.9
1623.8264,4.403,368.8
1591.7632,4.402,361.6
1633.2342,4.407,370.6
1602.0524,4.394,364.6
1619.118,4.395,368.4
1607.3946,4.399,365.4
1676.7678,4.386,382.3
1611.207,4.395,366.6
1624.5314,4.393,369.8
1621.9824,4.398,368.8
1611.207,4.395,366.6
1601.16,4.4,363.9
1620.3654,4.377,370.2
1676.98,4.39,382.0
1597.302,4.41,362.2
1579.2455,4.415,357.7
1583.6765,4.393,360.5
1607.7494,4.406,364.9
1606.1388,4.404,364.7
1576.8783,4.401,358.3
1596.45,4.404,362.5
1608.8562,4.403,365.4
1578.4668,4.419,357.2
1597.966,4.372,365.5
1608.92,4.408,365.0
1568.196,4.41,355.6
1573.1646,4.398,357.7
1650.3946,4.414,373.9
1612.205,4.417,365.0
1580.6763,4.419,357.7
1586.78,4.42,359.0
1581.7277,4.417,358.1
1565.52,4.4,355.8
1615.8985,4.409,366.5
1612.962,4.407,366.0
1587.642,4.404,360.5
1606.6402,4.373,367.4
1624.5744,4.386,370.4
1616.12,4.4,367.3
1617.0755,4.405,367.1
1610.2284,4.378,367.8
1602.7816,4.396,364.6
1619.0112,4.384,369.3
1646.0024,4.387,375.2
1612.944,4.383,368.0
1600.7961,4.399,363.9
1589.2887,4.377,363.1
1626.6096,4.401,369.6
1595.0592,4.416,361.2
1552.9255,4.393,353.5
1604.529,4.402,364.5
1635.0165,4.413,370.5
1568.7403,4.393,357.1
1623.5986,4.381,370.6
1636.428,4.399,372.0
1566.615,4.413,355.0
1598.7,4.38,365.0
1604.1255,4.413,363.5
1586.78,4.42,359.0
1572.452,4.417,356.0
1544.2264,4.397,351.2
1593.0495,4.419,360.5
1555.398,4.42,351.9
1575.3566,4.414,356.9
1558.0485,4.405,353.7
1608.8441,4.409,364.9
1613.7584,4.414,365.6
1572.9918,4.421,355.8
1585.0728,4.392,360.9
1588.8036,4.406,360.6
1584.1696,4.381,361.6
1611.0579,4.391,366.9
1600.3032,4.376,365.7
1648.4463,4.383,376.1
1603.4485,4.387,365.5
1602.5664,4.393,364.8
1620.5937,4.367,371.1
1590.1695,4.365,364.3
1597.0968,4.407,362.4
1571.514,4.402,357.0
1578.3636,4.388,359.7
1649.3147,4.397,375.1
1588.3209,4.401,360.9
1583.0397,4.401,359.7
1565.8032,4.364,358.8
1611.3125,4.375,368.3
1591.04,4.4,361.6
1563.5053,4.403,355.1
1608.931,4.402,365.5
1573.715,4.402,357.5
1574.2076,4.396,358.1
1549.68,4.4,352.2
1567.174,4.396,356.5
1568.5632,4.416,355.2
1557.6975,4.419,352.5
1549.0631,4.397,352.3
1572.461,4.385,358.6
1601.919,4.413,363.0
1613.0366,4.406,366.1
1564.054,4.412,354.5
1607.1025,4.385,366.5
1587.8363,4.373,363.1
1582.8296,4.387,360.8
1611.6114,4.377,368.2
1606.2882,4.378,366.9
1619.189,4.394,368.5
1606.008,4.388,366.0
1579.8888,4.374,361.2
