1880.9408,4.432,424.4
1856.338,4.441,418.0
1817.7013,4.441,409.3
1872.6406,4.426,423.1
1968.7624,4.376,449.9
1926.747,4.405,437.4
1861.0167,4.449,418.3
1815.96,4.44,409.0
1872.6982,4.423,423.4
1783.3851,4.473,398.7
1652.997,4.53,364.9
1581.58,4.55,347.6
1637.067,4.555,359.4
1612.0048,4.564,353.2
1637.7729,4.533,361.3
1689.6099,4.531,372.9
1625.3577,4.549,357.3
1610.1792,4.564,352.8
1600.627,4.555,351.4
1582.667,4.561,347.0
1662.0882,4.519,367.8
1679.68,4.525,371.2
1651.617,4.565,361.8
1594.5256,4.561,349.6
1578.5621,4.561,346.1
1577.1592,4.553,346.4
1649.9528,4.513,365.6
1639.4868,4.539,361.2
1618.572,4.58,353.4
1559.5092,4.572,341.1
1590.817,4.57,348.1
1596.2438,4.562,349.9
1658.5642,4.559,363.8
1676.4146,4.553,368.2
1605.1824,4.581,350.4
1610.048,4.574,352.0
1612.864,4.582,352.0
1582.1466,4.574,345.9
1664.9709,4.533,367.3
1669.041,4.554,366.5
1573.8,4.575,344.0
1551.7736,4.556,340.6
1564.65,4.575,342.0
1584.6,4.56,347.5
1629.7072,4.532,359.6
1650.1086,4.542,363.3
1549.5525,4.575,338.7
1570.7979,4.557,344.7
1582.6855,4.565,346.7
1625.092,4.57,355.6
1637.5225,4.555,359.5
1618.1535,4.539,356.5
1579.7376,4.571,345.6
1597.0656,4.584,348.4
1586.8762,4.589,345.8
1551.515,4.57,339.5
1643.272,4.552,361.0
1641.8402,4.543,361.4
1580.496,4.56,346.6
1570.7116,4.574,343.4
1550.01,4.575,338.8
1583.4265,4.583,345.5
1621.3806,4.557,355.8
1634.1465,4.533,360.5
1569.9035,4.565,343.9
1553.3304,4.574,339.6
1596.8916,4.573,349.2
1577.0076,4.579,344.4
1579.9602,4.569,345.8
1621.3584,4.534,357.6
1649.6516,4.547,362.8
1603.6476,4.561,351.6
1608.312,4.56,352.7
1600.871,4.57,350.3
1628.928,4.545,358.4
1702.533,4.522,376.5
1668.6838,4.558,366.1
1591.6818,4.562,348.9
1605.2292,4.572,351.1
1603.296,4.56,351.6
1652.7703,4.517,365.9
1678.1261,4.549,368.9
1616.9496,4.578,353.2
1586.5551,4.563,347.7
1603.9188,4.554,352.2
1686.864,4.52,373.2
1628.952,4.54,358.8
1605.3878,4.553,352.6
1591.3044,4.557,349.2
1641.544,4.57,359.2
1661.205,4.55,365.1
1674.208,4.52,370.4
1629.81,4.55,358.2
1548.8084,4.558,339.8
1555.7076,4.581,339.6
1554.257,4.57,340.1
1621.1036,4.546,356.6
1642.125,4.53,362.5
1612.3135,4.561,353.5
1589.8542,4.587,346.6
1574.0303,4.577,343.9
1617.9042,4.582,353.1
1652.6528,4.544,363.7
1689.9136,4.544,371.9
1606.8462,4.574,351.3
1600.8184,4.579,349.6
1580.6708,4.579,345.2
1567.8511,4.567,343.3
1621.1664,4.536,357.4
1687.8274,4.558,370.3
1599.6615,4.577,349.5
1618.7386,4.574,353.9
1604.3456,4.576,350.6
1582.515,4.587,345.0
1682.2366,4.538,370.7
1685.6192,4.541,371.2
1615.89,4.575,353.2
1577.5826,4.582,344.3
1591.9241,4.589,346.9
1576.2082,4.586,343.7
1618.1846,4.534,356.9
1641.3024,4.539,361.6
1585.2228,4.571,346.8
1566.7098,4.573,342.6
1555.1308,4.582,339.4
1606.1255,4.585,350.3
1638.2648,4.552,359.9
1644.4635,4.549,361.5
1611.0016,4.556,353.6
1576.4256,4.572,344.8
1610.6796,4.581,351.6
1578.4874,4.574,345.1
1565.5606,4.559,343.4
1658.903,4.535,365.8
1656.7452,4.554,363.8
1594.2186,4.589,347.4
1586.7676,4.594,345.4
1575.8481,4.569,344.9
1561.572,4.566,342.0
1660.245,4.53,366.5
1640.766,4.53,362.2
1668.7734,4.557,366.2
1620.6712,4.573,354.4
1600.2441,4.563,350.7
1593.021,4.558,349.5
1645.4556,4.518,364.2
1638.3107,4.537,361.1
1620.93,4.566,355.0
1596.0,4.56,350.0
1584.1824,4.568,346.8
1626.0984,4.527,359.2
1667.6764,4.517,369.2
1603.8812,4.541,353.2
1607.936,4.568,352.0
1598.0216,4.571,349.6
1621.5911,4.541,357.1
1673.0577,4.523,369.9
1649.7375,4.551,362.5
1584.3086,4.571,346.6
1599.5,4.57,350.0
1615.7096,4.559,354.4
1676.4215,4.537,369.5
1630.265,4.55,358.3
1614.976,4.588,352.0
1596.8064,4.578,348.8
1601.0595,4.581,349.5
1557.1254,4.561,341.4
1619.7747,4.541,356.7
1670.8626,4.554,366.9
1655.1392,4.576,361.7
1586.484,4.572,347.0
1593.492,4.579,348.0
1579.1888,4.592,343.9
1677.3289,4.537,369.7
1661.8156,4.538,366.2
1598.3736,4.546,351.6
1560.5232,4.579,340.8
1565.1075,4.575,342.1
1568.3101,4.571,343.1
1619.3794,4.531,357.4
1666.8267,4.543,366.9
1586.512,4.58,346.4
1594.4964,4.574,348.6
1583.8515,4.571,346.5
1564.4255,4.565,342.7
1620.8769,4.539,357.1
1627.468,4.546,358.0
1621.9854,4.578,354.3
1576.6662,4.582,344.1
1573.5681,4.589,342.9
1558.9357,4.573,340.9
1612.8052,4.538,355.4
1628.952,4.54,358.8
1631.7891,4.567,357.3
1582.1466,4.574,345.9
1553.9054,4.573,339.8
1560.3181,4.561,342.1
1601.952,4.551,352.0
1608.6276,4.548,353.7
1636.2194,4.573,357.8
1603.1565,4.587,349.5
1569.6812,4.579,342.8
1563.2706,4.579,341.4
1568.5194,4.557,344.2
1653.198,4.548,363.5
1661.2948,4.549,365.2
1572.7712,4.576,343.7
1556.8985,4.559,341.5
1603.3231,4.577,350.3
1629.9067,4.549,358.3
1652.997,4.53,364.9
1661.5519,4.541,365.9
1570.008,4.56,344.3
1623.3657,4.569,355.3
1603.9639,4.571,350.9
1644.1168,4.528,363.1
1694.7518,4.529,374.2
1608.2495,4.565,352.3
1639.3445,4.555,359.9
1589.5551,4.569,347.9
1635.7455,4.545,359.9
1634.43,4.525,361.2
1638.8151,4.551,360.1
1586.051,4.555,348.2
1610.925,4.57,352.5
1590.2568,4.554,349.2
1695.2626,4.534,373.9
1654.984,4.528,365.5
1609.2664,4.564,352.6
1580.7144,4.558,346.8
1565.5675,4.571,342.5
1608.425,4.55,353.5
1640.5848,4.527,362.4
1617.8226,4.547,355.8
1562.5791,4.581,341.1
1549.7722,4.577,338.6
1572.994,4.57,344.2
1608.721,4.538,354.5
1639.5861,4.533,361.7
1606.7065,4.571,351.5
1574.4685,4.565,344.9
1573.9721,4.553,345.7
1612.358,4.565,353.2
1588.8366,4.563,348.2
1594.5545,4.565,349.3
1576.1832,4.566,345.2
1620.423,4.539,357.0
1664.1972,4.577,363.6
1586.831,4.573,347.0
1586.0416,4.576,346.6
1578.6876,4.564,345.9
1611.253,4.558,353.5
1602.7296,4.574,350.4
1568.8806,4.578,342.7
1558.711,4.571,341.0
1606.4604,4.569,351.6
1646.0224,4.532,363.2
1598.45,4.567,350.0
1587.8156,4.564,347.9
1608.9282,4.554,353.3
1655.6504,4.556,363.4
1589.9808,4.548,349.6
1578.7116,4.572,345.3
1594.775,4.55,350.5
1674.7856,4.556,367.6
1633.2288,4.557,358.4
1600.7925,4.575,349.9
1586.3737,4.573,346.9
1613.9852,4.549,354.8
1609.1833,4.547,353.9
1589.316,4.567,348.0
1579.9715,4.573,345.5
1575.7266,4.566,345.1
1621.9764,4.551,356.4
1599.7531,4.559,350.9
1576.995,4.571,345.0
1577.352,4.58,344.4
1580.8595,4.565,346.3
1627.5996,4.554,357.4
1569.9109,4.573,343.3
1570.254,4.578,343.0
1565.3379,4.573,342.3
1590.1792,4.559,348.8
1618.4916,4.554,355.4
1568.6372,4.588,341.9
1578.0366,4.578,344.7
1557.7968,4.571,340.8
1643.3283,4.561,360.3
1591.9232,4.564,348.8
1628.832,4.56,357.2
1591.8344,4.552,349.7
1674.6354,4.542,368.7
1628.2112,4.543,358.4
1584.8586,4.566,347.1
1613.1232,4.562,353.6
1638.36,4.551,360.0
1625.0578,4.538,358.1
1593.2,4.552,350.0
1594.098,4.565,349.2
1614.4436,4.558,354.2
1795.5536,4.471,401.6
1731.73,4.498,385.0
1601.538,4.555,351.6
1594.8752,4.562,349.6
1622.1922,4.558,355.9
1635.006,4.548,359.5
1572.994,4.57,344.2
1579.1576,4.568,345.7
1589.5748,4.573,347.6
1619.872,4.54,356.8
1613.4768,4.563,353.6
1571.0527,4.571,343.7
1561.78,4.58,341.0
1589.0765,4.565,348.1
1611.2052,4.554,353.8
1606.5916,4.559,352.4
1563.3784,4.582,341.2
1569.9084,4.569,343.6
1592.8848,4.572,348.4
1631.8456,4.543,359.2
1615.302,4.563,354.0
1634.6624,4.561,358.4
1583.2516,4.564,346.9
1652.4557,4.531,364.7
1641.0246,4.542,361.3
1605.99,4.556,352.5
1627.4778,4.569,356.2
1651.5576,4.536,364.1
1655.9261,4.553,363.7
1625.0843,4.561,356.3
1600.1466,4.542,352.3
1619.6016,4.552,355.8
1612.7696,4.561,353.6
1580.0712,4.568,345.9
1608.183,4.57,351.9
1588.997,4.553,349.0
1628.6081,4.553,357.7
1570.7116,4.574,343.4
1597.8062,4.573,349.4
1579.9304,4.561,346.4
1645.438,4.558,361.0
1618.1784,4.548,355.8
1570.3668,4.581,342.8
1563.5032,4.577,341.6
1598.5566,4.566,350.1
1586.0994,4.546,348.9
1621.6884,4.572,354.7
1561.9107,4.571,341.7
1575.279,4.57,344.7
1608.3748,4.546,353.8
1628.9969,4.549,358.1
1575.736,4.57,344.8
1563.168,4.56,342.8
1608.7785,4.551,353.5
1684.7525,4.535,371.5
1603.2144,4.552,352.2
1622.7034,4.562,355.7
1599.3648,4.554,351.2
1631.411,4.538,359.5
1635.4138,4.534,360.7
1592.3796,4.564,348.9
1615.8597,4.553,354.9
1622.1105,4.545,356.9
1592.0092,4.546,350.2
1558.608,4.56,341.8
1583.764,4.58,345.8
1587.766,4.556,348.5
1610.5932,4.542,354.6
1615.656,4.564,354.0
1613.7275,4.565,353.5
1582.2447,4.569,346.3
1614.185,4.547,355.0
1607.004,4.555,352.8
1599.8934,4.562,350.7
1559.284,4.57,341.2
1609.8675,4.567,352.5
1596.595,4.55,350.9
1583.7201,4.547,348.3
1575.0464,4.568,344.8
1557.6932,4.564,341.3
1605.1588,4.564,351.7
1598.7004,4.556,350.9
1596.7,4.562,350.0
1572.5304,4.566,344.4
1602.486,4.572,350.5
1616.0436,4.542,355.8
1624.48,4.544,357.5
1589.0765,4.565,348.1
1605.5928,4.551,352.8
1635.9888,4.552,359.4
1625.064,4.552,357.0
1593.021,4.558,349.5
1624.9386,4.567,355.8
1598.1819,4.539,352.1
1639.9509,4.529,362.1
1603.1526,4.557,351.8
1591.359,4.565,348.6
1574.9343,4.569,344.7
1629.1198,4.543,358.6
1619.6016,4.552,355.8
1592.9828,4.541,350.8
1581.496,4.555,347.2
1620.6764,4.564,355.1
1620.9072,4.548,356.4
1596.3864,4.552,350.7
1571.9535,4.563,344.5
1571.623,4.57,343.9
1590.4207,4.561,348.7
1602.9196,4.546,352.6
1597.2285,4.557,350.5
1580.874,4.569,346.0
1585.3484,4.574,346.6
1608.021,4.545,353.8
1587.0956,4.558,348.2
1556.5494,4.566,340.9
1569.9109,4.573,343.3
1578.478,4.57,345.4
1664.5384,4.538,366.8
1612.9208,4.546,354.8
1572.716,4.552,345.5
1603.7269,4.547,352.7
1643.7551,4.537,362.3
1626.2334,4.554,357.1
1617.3679,4.547,355.7
1613.784,4.56,353.9
1620.066,4.538,357.0
1610.792,4.54,354.8
1582.5756,4.566,346.6
1575.3549,4.557,345.7
1596.983,4.555,350.6
1615.8597,4.553,354.9
1621.6363,4.559,355.7
1568.9751,4.557,344.3
1589.346,4.554,349.0
1605.4962,4.543,353.4
1599.9242,4.553,351.4
1561.8,4.56,342.5
1571.273,4.565,344.2
1574.208,4.555,345.6
1623.5712,4.544,357.3
1589.0524,4.561,348.4
1579.7808,4.524,349.2
1617.3256,4.552,355.3
1662.9375,4.525,367.5
1616.4688,4.556,354.8
1580.8426,4.561,346.6
1560.6488,4.574,341.2
1572.224,4.544,346.0
1631.5813,4.541,359.3
1643.1924,4.548,361.3
1592.322,4.556,349.5
1625.5525,4.547,357.5
1633.7024,4.528,360.8
1607.3134,4.543,353.8
1600.3795,4.553,351.5
1628.0871,4.549,357.9
1626.4404,4.533,358.8
1600.0893,4.547,351.9
1583.478,4.545,348.4
1601.5558,4.546,352.3
1639.764,4.536,361.5
1589.7362,4.546,349.7
1578.452,4.562,346.0
1576.751,4.565,345.4
1607.9128,4.537,354.4
1627.0403,4.541,358.3
1547.789,4.555,339.8
1583.4492,4.558,347.4
1583.21,4.556,347.5
1645.9323,4.533,363.1
1589.0524,4.561,348.4
1526.7798,4.563,334.6
1564.7614,4.558,343.3
1598.87,4.55,351.4
1614.3255,4.541,355.5
1559.6334,4.563,341.8
1561.6864,4.561,342.4
1552.7389,4.579,339.1
1610.2935,4.545,354.3
1628.8318,4.546,358.3
1579.8028,4.558,346.6
1605.6375,4.555,352.5
1603.7292,4.538,353.4
1666.587,4.53,367.9
1611.6065,4.559,353.5
1591.8,4.548,350.0
1603.62,4.53,354.0
1617.1617,4.521,357.7
1598.6624,4.552,351.2
1567.4868,4.554,344.2
1625.1276,4.542,357.8
1649.3795,4.535,363.7
1586.0761,4.559,347.9
1584.6845,4.555,347.9
1590.9025,4.565,348.5
1580.4798,4.539,348.2
1632.849,4.542,359.5
1579.0182,4.561,346.2
1559.6277,4.551,342.7
1617.025,4.555,355.0
1616.4356,4.538,356.2
1602.1125,4.545,352.5
1579.8028,4.558,346.6
1574.789,4.558,345.5
1594.8752,4.562,349.6
1598.4864,4.536,352.4
1586.2074,4.562,347.7
1572.3056,4.568,344.2
1560.7742,4.561,342.2
1628.8567,4.541,358.7
1599.442,4.54,352.3
1562.0286,4.566,342.1
1574.755,4.55,346.1
1627.8528,4.542,358.4
1621.3365,4.515,359.1
1618.9891,4.549,355.9
1578.8718,4.554,346.7
1605.9505,4.543,353.5
1634.7864,4.511,362.4
1625.0978,4.547,357.4
1612.3107,4.543,354.9
1593.3495,4.533,351.5
1636.24,4.525,361.6
1622.4024,4.542,357.2
1546.083,4.554,339.5
1582.2492,4.548,347.9
1617.0122,4.546,355.7
1652.106,4.54,363.9
1579.674,4.555,346.8
1602.8008,4.556,351.8
1621.1804,4.559,355.6
1655.1945,4.541,364.5
1603.5044,4.558,351.8
1589.4523,4.553,349.1
1574.568,4.56,345.3
1598.0637,4.549,351.3
1605.7485,4.545,353.3
1574.0816,4.552,345.8
1569.6399,4.551,344.9
1569.4308,4.557,344.4
1587.495,4.55,348.9
1615.1938,4.546,355.3
1585.7512,4.562,347.6
1565.2172,4.558,343.4
1581.8984,4.568,346.3
1637.7729,4.533,361.3
1628.2344,4.538,358.8
1574.755,4.55,346.1
1604.5826,4.534,353.9
1621.024,4.528,358.0
1659.4256,4.529,366.4
1601.2035,4.545,352.3
1591.8,4.548,350.0
1618.2166,4.543,356.2
1645.2061,4.531,363.1
1582.6752,4.544,348.3
1595.1941,4.559,349.9
1552.8012,4.551,341.2
1657.7314,4.538,365.3
1584.9472,4.544,348.8
1565.3109,4.549,344.1
1562.7128,4.568,342.1
1602.166,4.54,352.9
1626.251,4.535,358.6
1570.4532,4.556,344.7
1594.9817,4.561,349.7
1576.0602,4.563,345.4
1601.3085,4.535,353.1
1622.565,4.545,357.0
1572.3991,4.559,344.9
1575.9492,4.564,345.3
1588.648,4.552,349.0
1606.5517,4.537,354.1
1584.8415,4.545,348.7
1556.5544,4.562,341.2
1581.0795,4.563,346.5
1589.841,4.545,349.8
1648.6521,4.533,363.7
1606.7584,4.544,353.6
1642.2828,4.548,361.1
1602.6127,4.549,352.3
1654.5312,4.528,365.4
1634.9106,4.549,359.4
1613.5303,4.549,354.7
1659.824,4.54,365.6
1660.0716,4.532,366.3
1609.839,4.545,354.2
1614.1666,4.538,355.7
1570.1242,4.534,346.3
1630.1238,4.542,358.9
1579.9304,4.561,346.4
1569.75,4.55,345.0
1577.6757,4.569,345.3
1643.5741,4.529,362.9
1591.3792,4.552,349.6
1571.1426,4.558,344.7
1576.9581,4.559,345.9
1593.701,4.534,351.5
1592.9407,4.537,351.1
1545.6276,4.554,339.4
1590.6351,4.559,348.9
1562.485,4.562,342.5
1614.6204,4.538,355.8
1593.9315,4.545,350.7
1594.9817,4.561,349.7
1582.4655,4.567,346.5
1600.3795,4.553,351.5
1596.7735,4.535,352.1
1602.0104,4.546,352.4
1580.952,4.56,346.7
1581.6454,4.562,346.7
1636.7764,4.514,362.6
1621.0701,4.537,357.3
1598.08,4.54,352.0
1608.8294,4.546,353.9
1599.5298,4.521,353.8
1633.9785,4.515,361.9
1603.8288,4.546,352.8
1625.0311,4.543,357.7
1634.247,4.527,361.0
1633.946,4.54,359.9
1569.2157,4.563,343.9
1563.1696,4.568,342.2
1611.0021,4.547,354.3
1608.4656,4.536,354.6
1613.6818,4.561,353.8
1586.2284,4.566,347.4
1569.4401,4.561,344.1
1640.3095,4.535,361.7
1618.2508,4.538,356.6
1558.4937,4.561,341.7
1576.2663,4.557,345.9
1608.3705,4.555,353.1
1598.432,4.541,352.0
1581.8824,4.564,346.6
1573.0889,4.561,344.9
1579.7253,4.567,345.9
1594.0352,4.544,350.8
1586.0664,4.542,349.2
1580.0568,4.564,346.2
1574.6913,4.563,345.1
1594.4245,4.549,350.5
1664.7475,4.525,367.9
1622.1695,4.535,357.7
1581.0058,4.534,348.7
1587.8439,4.551,348.9
1628.0022,4.526,359.7
1639.0329,4.539,361.1
1604.064,4.557,352.0
1606.4008,4.552,352.9
1659.4584,4.539,365.6
1620.6829,4.541,356.9
1571.7093,4.557,344.9
1564.6527,4.563,342.9
1616.694,4.54,356.1
1602.1578,4.549,352.2
1584.0684,4.548,348.3
1563.5067,4.557,343.1
1620.2135,4.555,355.7
1614.8768,4.526,356.8
1563.2838,4.563,342.6
1574.3462,4.562,345.1
1566.6873,4.553,344.1
1610.0424,4.552,353.7
1603.0676,4.549,352.4
1571.7206,4.561,344.6
1566.009,4.555,343.8
1569.5296,4.552,344.8
1639.394,4.54,361.1
1612.0116,4.546,354.6
1588.1402,4.561,348.2
1579.8028,4.558,346.6
1567.831,4.555,344.2
1617.3059,4.529,357.1
1614.0065,4.535,355.9
1618.732,4.547,356.0
1608.1728,4.548,353.6
1663.002,4.54,366.3
1624.9856,4.534,358.4
1597.2741,4.539,351.9
1625.6496,4.546,357.6
1670.63,4.525,369.2
1583.0781,4.553,347.7
1617.735,4.557,355.0
1603.476,4.545,352.8
1622.6283,4.549,356.7
1589.5584,4.552,349.2
1588.62,4.565,348.0
1563.737,4.559,343.0
1648.3796,4.546,362.6
1609.6887,4.551,353.7
1569.2078,4.559,344.2
1596.983,4.555,350.6
1599.4022,4.558,350.9
1660.0883,4.537,365.9
1591.4847,4.551,349.7
1583.7735,4.555,347.7
1594.9038,4.566,349.3
1579.76,4.55,347.2
1621.8118,4.534,357.7
1558.0383,4.557,341.9
1570.016,4.564,344.0
1597.5366,4.567,349.8
1612.0116,4.546,354.6
1592.9828,4.541,350.8
1592.2451,4.561,349.1
1618.02,4.545,356.0
1586.9337,4.551,348.7
1657.1173,4.519,366.7
1610.3961,4.553,353.7
1620.2135,4.555,355.7
1611.96,4.56,353.5
1664.4928,4.528,367.6
1586.4483,4.547,348.9
1598.9464,4.558,350.8
1622.8566,4.542,357.3
1650.9244,4.538,363.8
1607.7677,4.543,353.9
1610.592,4.56,353.2
1629.9623,4.567,356.9
1596.1615,4.541,351.5
1619.8,4.55,356.0
1580.7144,4.558,346.8
1586.9879,4.559,348.1
1614.2868,4.564,353.7
1645.025,4.538,362.5
1618.0362,4.554,355.3
1559.9752,4.564,341.8
1599.2972,4.559,350.8
1596.5937,4.563,349.9
1625.9654,4.538,358.3
1611.1953,4.563,353.1
1575.2586,4.562,345.3
1589.7727,4.567,348.1
1601.4534,4.547,352.2
1621.2015,4.545,356.7
1603.1226,4.566,351.1
1587.1416,4.566,347.6
1624.6997,4.537,358.1
1648.192,4.528,364.0
1598.8282,4.546,351.7
1619.8578,4.554,355.7
1596.2438,4.562,349.9
1645.4752,4.528,363.4
1619.1584,4.538,356.8
1625.778,4.554,357.0
1576.376,4.556,346.0
1627.7806,4.538,358.7
1680.5479,4.531,370.9
1606.7065,4.571,351.5
1585.333,4.57,346.9
1594.176,4.56,349.6
1614.46,4.535,356.0
1617.0773,4.559,354.7
1616.5688,4.564,354.2
1605.824,4.562,352.0
1616.596,4.541,356.0
1628.9969,4.549,358.1
1623.504,4.54,357.6
1603.8562,4.559,351.8
1595.1708,4.572,348.9
1590.1505,4.555,349.1
1638.4032,4.536,361.2
1589.5085,4.561,348.5
1593.3184,4.568,348.8
1578.7008,4.568,345.6
1645.3733,4.549,361.7
1637.4498,4.551,359.8
1607.3742,4.569,351.8
1610.011,4.57,352.3
1615.3038,4.554,354.7
1651.0143,4.537,363.9
1627.4225,4.565,356.5
1620.369,4.558,355.5
1633.1611,4.553,358.7
1661.604,4.53,366.8
1626.3933,4.557,356.9
1622.2339,4.553,356.3
1665.9427,4.553,365.9
1638.2304,4.528,361.8
1607.3742,4.569,351.8
1595.118,4.564,349.5
1611.2984,4.562,353.2
1672.1055,4.545,367.9
1625.9965,4.561,356.5
1599.3929,4.571,349.9
1600.8058,4.562,350.9
1619.1021,4.557,355.3
1642.032,4.536,362.0
1604.4772,4.553,352.4
1616.6592,4.572,353.6
1601.964,4.564,351.0
1628.7354,4.547,358.2
1633.5459,4.549,359.1
1583.4182,4.579,345.8
1601.084,4.568,350.5
1576.0602,4.563,345.4
1628.307,4.542,358.5
1638.4335,4.555,359.7
1597.0799,4.567,349.7
1586.2284,4.566,347.4
1587.8997,4.559,348.3
1687.4356,4.541,371.6
1644.355,4.555,361.0
1645.1298,4.566,360.3
1609.3836,4.554,353.4
1662.2025,4.523,367.5
1652.4681,4.551,363.1
1625.6172,4.551,357.2
1615.2537,4.559,354.3
1661.9196,4.521,367.6
1658.462,4.54,365.3
1634.1084,4.562,358.2
1592.9696,4.567,348.8
1648.7344,4.552,362.2
1643.2031,4.543,361.7
1598.2065,4.565,350.1
1615.656,4.564,354.0
1633.0977,4.563,357.9
1659.1926,4.542,365.3
1611.7546,4.562,353.3
1601.5408,4.568,350.6
1612.5183,4.559,353.7
1646.0967,4.551,361.7
1633.7128,4.552,358.9
1588.9446,4.562,348.3
1615.495,4.57,353.5
1600.6848,4.576,349.8
1622.8866,4.551,356.6
1653.47,4.55,363.4
1597.672,4.57,349.6
1614.2386,4.582,352.3
1582.6146,4.578,345.7
1644.9184,4.549,361.6
1632.9232,4.546,359.2
1614.24,4.56,354.0
1621.1328,4.564,355.2
1678.32,4.536,370.0
1656.8367,4.553,363.9
1668.6891,4.563,365.7
1626.2944,4.558,356.8
1654.7328,4.536,364.8
1657.6512,4.544,364.8
1623.9717,4.563,355.9
1667.592,4.56,365.7
1630.8165,4.549,358.5
1640.996,4.552,360.5
1601.402,4.565,350.8
1624.4316,4.572,355.3
1645.5327,4.557,361.1
1644.9336,4.539,362.4
1620.93,4.566,355.0
1641.1512,4.574,358.8
1612.4771,4.577,352.3
1659.2952,4.556,364.2
1650.4518,4.558,362.1
1575.3912,4.569,344.8
1582.604,4.574,346.0
1641.8365,4.567,359.5
1650.924,4.548,363.0
1635.9978,4.566,358.3
1616.0982,4.573,353.4
1596.326,4.574,349.0
1659.0039,4.569,363.1
1639.2488,4.556,359.8
1624.7364,4.569,355.6
1641.7916,4.558,360.2
1610.592,4.56,353.2
1680.3004,4.534,370.6
1632.6,4.535,360.0
1641.0478,4.561,359.8
1650.264,4.56,361.9
1705.3209,4.527,376.7
1682.2476,4.554,369.4
1632.444,4.565,357.6
1643.272,4.552,361.0
1688.6724,4.548,371.3
1614.4436,4.558,354.2
1626.6648,4.568,356.1
1641.7674,4.563,359.8
1645.5327,4.557,361.1
1657.3815,4.547,364.5
1629.5615,4.571,356.5
1622.502,4.564,355.5
1629.8624,4.568,356.8
1656.288,4.544,364.5
1627.9788,4.564,356.7
1599.7136,4.568,350.2
1618.323,4.578,353.5
1636.8456,4.562,358.8
1638.0196,4.564,358.9
1597.1562,4.562,350.1
1608.992,4.571,352.0
1607.4424,4.577,351.2
1644.313,4.565,360.2
1639.6086,4.557,359.8
1625.549,4.57,355.7
1629.106,4.58,355.7
1639.9764,4.572,358.7
1683.8455,4.535,371.3
1664.364,4.54,366.6
1615.0008,4.557,354.4
1623.9744,4.572,355.2
1655.3634,4.534,365.1
1661.3844,4.548,365.3
1666.0392,4.557,365.6
1646.616,4.56,361.1
1664.8848,4.534,367.2
1671.0225,4.547,367.5
1619.0015,4.567,354.5
1627.1071,4.559,356.9
1630.8524,4.558,357.8
1670.0512,4.558,366.4
1633.632,4.576,357.0
1635.146,4.57,357.8
1621.488,4.565,355.2
1629.779,4.555,357.8
1621.5892,4.564,355.3
1643.159,4.558,360.5
1621.1734,4.577,354.2
1648.5576,4.549,362.4
1650.72,4.56,362.0
1601.9757,4.581,349.7
1606.4202,4.578,350.9
1606.3888,4.574,351.2
1661.208,4.56,364.3
1641.3565,4.553,360.5
1610.752,4.576,352.0
1630.7318,4.573,356.6
1612.504,4.568,353.0
1659.2946,4.551,364.6
1659.84,4.56,364.0
1618.0398,4.563,354.6
1625.1252,4.556,356.7
1685.9851,4.531,372.1
1676.6236,4.561,367.6
1650.9878,4.562,361.9
1670.3335,4.565,365.9
1729.286,4.54,380.9
1649.83,4.55,362.6
1636.9947,4.551,359.7
1628.8524,4.578,355.8
1681.3956,4.548,369.7
1655.9942,4.567,362.6
1625.5996,4.574,355.4
1635.7621,4.573,357.7
1630.3752,4.572,356.6
1669.0281,4.549,366.9
1627.879,4.565,356.6
1632.0864,4.564,357.6
1613.5211,4.567,353.3
1658.02,4.55,364.4
1632.838,4.561,358.0
1605.6116,4.577,350.8
1627.5812,4.577,355.6
1614.6606,4.578,352.7
1656.4622,4.562,363.1
1645.9884,4.557,361.2
1634.8475,4.573,357.5
1604.141,4.565,351.4
1632.7025,4.567,357.5
1663.5791,4.559,364.9
1639.3572,4.569,358.8
1652.2837,4.553,362.9
1640.5917,4.561,359.7
1672.4503,4.541,368.3
1640.1029,4.547,360.7
1638.6396,4.567,358.8
1609.7228,4.564,352.7
1657.0008,4.536,365.3
1657.11,4.55,364.2
1634.232,4.57,357.6
1671.6147,4.571,365.7
1643.5386,4.554,360.9
1640.5319,4.571,358.9
1612.296,4.57,352.8
1598.8752,4.563,350.4
1614.6846,4.569,353.4
1676.3572,4.564,367.3
1631.7468,4.572,356.9
1596.8655,4.569,349.5
1642.066,4.574,359.0
1636.2251,4.559,358.9
1680.1165,4.547,369.5
1609.696,4.573,352.0
1619.737,4.582,353.5
1626.7654,4.567,356.2
1655.1948,4.556,363.3
1670.5176,4.568,365.7
1610.925,4.57,352.5
1619.0482,4.571,354.2
1602.3,4.578,350.0
1656.6535,4.555,363.7
1639.7044,4.556,359.9
1615.038,4.57,353.4
1668.041,4.555,366.2
1655.1864,4.536,364.9
1671.5642,4.546,367.7
1641.5457,4.551,360.7
1654.2747,4.561,362.7
1691.6067,4.551,371.7
1702.3608,4.536,375.3
1647.6993,4.563,361.1
1617.6852,4.562,354.6
1645.1974,4.546,361.9
1642.911,4.551,361.0
1602.9112,4.568,350.9
1624.3296,4.573,355.2
1636.7778,4.558,359.1
1647.4332,4.561,361.2
1646.043,4.566,360.5
1644.1568,4.576,359.3
1623.6675,4.575,354.9
1640.996,4.552,360.5
1674.6975,4.557,367.5
1586.0416,4.576,346.6
1606.74,4.575,351.2
1613.4768,4.563,353.6
1648.0926,4.554,361.9
1630.119,4.57,356.7
1591.9704,4.572,348.2
1612.2659,4.579,352.1
1618.1414,4.562,354.7
1653.6424,4.558,362.8
1588.6767,4.577,347.1
1612.753,4.57,352.9
1618.9452,4.572,354.1
1677.2448,4.538,369.6
1689.3312,4.551,371.2
1662.1195,4.555,364.9
1616.7627,4.571,353.7
1685.4955,4.537,371.5
1611.1024,4.546,354.4
1629.8624,4.568,356.8
1672.4048,4.552,367.4
1740.7768,4.538,383.6
1667.685,4.569,365.0
1610.5725,4.569,352.5
1593.4506,4.571,348.6
1649.0176,4.544,362.9
1662.3009,4.563,364.3
1616.202,4.572,353.5
1601.5408,4.568,350.6
1653.5372,4.564,362.3
1657.2007,4.549,364.3
1647.2916,4.572,360.3
1616.5122,4.569,353.8
1609.7632,4.568,352.4
1656.648,4.56,363.3
1644.601,4.562,360.5
1623.8608,4.582,354.4
1587.525,4.575,347.0
1618.9888,4.576,353.8
1638.455,4.55,360.1
1665.9496,4.568,364.7
1586.9028,4.564,347.7
1607.4729,4.581,350.9
1612.1917,4.571,352.7
1674.418,4.555,367.6
1637.6576,4.544,360.4
1607.97,4.55,353.4
1630.5186,4.566,357.1
1703.1898,4.537,375.4
1666.109,4.546,366.5
1629.9036,4.563,357.2
1637.6904,4.572,358.2
1636.5764,4.541,360.4
1644.9336,4.539,362.4
1616.9703,4.551,355.3
1644.255,4.575,359.4
1617.98,4.55,355.6
1660.9352,4.558,364.4
1642.5864,4.578,358.8
1611.8776,4.574,352.4
1628.748,4.57,356.4
1665.13,4.562,365.0
1640.88,4.558,360.0
1616.409,4.57,353.7
1624.0252,4.567,355.6
1625.26,4.55,357.2
1640.5917,4.561,359.7
1616.718,4.567,354.0
1609.167,4.578,351.5
1606.0376,4.573,351.2
1603.4003,4.559,351.7
1654.2885,4.551,363.5
1608.2495,4.565,352.3
1601.1912,4.584,349.3
1614.8912,4.567,353.6
1628.9969,4.549,358.1
1659.3775,4.565,363.5
1635.3792,4.563,358.4
1633.6164,4.553,358.8
1682.1534,4.539,370.6
1671.318,4.554,367.0
1623.9564,4.554,356.6
1617.4816,4.564,354.4
1632.54,4.55,358.8
1667.088,4.54,367.2
1613.1232,4.562,353.6
1617.7867,4.561,354.7
1661.7279,4.539,366.1
1666.955,4.567,365.0
1608.7814,4.573,351.8
1608.496,4.58,351.2
1624.927,4.558,356.5
1636.156,4.555,359.2
1623.8712,4.564,355.8
1612.6875,4.575,352.5
1607.4095,4.573,351.5
1628.3478,4.551,357.8
1652.1912,4.554,362.8
1598.3712,4.572,349.6
1592.6668,4.574,348.2
1592.924,4.58,347.8
1656.2909,4.549,364.1
1618.8508,4.564,354.7
1599.6354,4.573,349.8
1598.5289,4.579,349.1
1607.6488,4.562,352.4
1643.8995,4.555,360.9
1626.966,4.565,356.4
1605.0166,4.574,350.9
1612.0472,4.568,352.9
1638.5876,4.534,361.4
1635.5742,4.542,360.1
1626.6096,4.564,356.4
1626.492,4.556,357.0
1632.4437,4.551,358.7
1696.144,4.54,373.6
1622.491,4.555,356.2
1621.791,4.562,355.5
1641.4314,4.557,360.2
1648.1952,4.548,362.4
1610.4891,4.561,353.1
1597.2935,4.565,349.9
1595.0845,4.577,348.5
1619.1464,4.552,355.7
1642.095,4.55,360.9
1591.2256,4.562,348.8
1616.8449,4.579,353.1
1603.7511,4.573,350.7
1647.3781,4.547,362.3
1626.3933,4.557,356.9
1590.16,4.576,347.5
1596.4343,4.573,349.1
1589.7727,4.567,348.1
1638.455,4.55,360.1
1630.5575,4.561,357.5
1607.0425,4.585,350.5
1601.1144,4.572,350.2
1585.056,4.56,347.6
1644.6499,4.547,361.7
1582.229,4.565,346.6
1600.8419,4.583,349.3
1597.2285,4.557,350.5
1667.1249,4.529,368.1
1674.522,4.538,369.0
1621.64,4.568,355.0
1615.96,4.552,355.0
1623.501,4.554,356.5
1671.7992,4.538,368.4
1651.5618,4.546,363.3
1631.1736,4.564,357.4
1626.92,4.57,356.0
1671.318,4.554,367.0
1609.7228,4.564,352.7
1587.1416,4.566,347.6
1605.6152,4.564,351.8
1634.1714,4.566,357.9
1644.1824,4.552,361.2
1579.392,4.57,345.6
1576.5379,4.571,344.9
1576.0808,4.571,344.8
1622.075,4.55,356.5
1649.9021,4.559,361.9
1589.8812,4.566,348.2
1603.3231,4.577,350.3
1592.487,4.563,349.0
1658.921,4.565,363.4
1623.3657,4.569,355.3
1569.4533,4.577,342.9
1592.8848,4.572,348.4
1587.336,4.56,348.1
1626.6888,4.554,357.2
1564.1962,4.571,342.2
1585.0018,4.573,346.6
1610.546,4.556,353.5
1645.6584,4.541,362.4
1689.1272,4.548,371.4
1613.9331,4.563,353.7
1611.4572,4.556,353.7
1607.5584,4.536,354.4
1656.288,4.544,364.5
1621.2806,4.558,355.7
1621.8916,4.561,355.6
1640.8485,4.539,361.5
1652.8338,4.542,363.9
1611.382,4.57,352.6
1593.3632,4.576,348.2
1602.7715,4.565,351.1
1608.3222,4.542,354.1
1602.6225,4.575,350.3
1574.8024,4.562,345.2
1599.7428,4.572,349.9
1617.1784,4.558,354.8
1627.957,4.555,357.4
1578.4874,4.574,345.1
1594.0596,4.578,348.2
1621.791,4.562,355.5
1607.7096,4.557,352.8
1604.527,4.57,351.1
1584.3086,4.571,346.6
1582.6146,4.578,345.7
1623.6158,4.562,355.9
1607.856,4.56,352.6
1568.4246,4.574,342.9
1566.7101,4.569,342.9
1587.3984,4.572,347.2
1650.4706,4.538,363.7
1633.32,4.537,360.0
1627.206,4.558,357.0
1631.1736,4.564,357.4
1608.7236,4.556,353.1
1646.8402,4.538,362.9
1590.4689,4.569,348.1
1624.6088,4.552,356.9
1612.47,4.555,354.0
1659.1809,4.537,365.7
1630.72,4.55,358.4
1619.196,4.574,354.0
1589.9895,4.565,348.3
1627.4376,4.551,357.6
1607.16,4.54,354.0
1567.3959,4.571,342.9
1596.0204,4.581,348.4
1571.4873,4.559,344.7
1642.563,4.545,361.4
1592.428,4.555,349.6
1568.8776,4.566,343.6
1591.1651,4.571,348.1
1611.1953,4.563,353.1
1636.8744,4.557,359.2
1604.3148,4.572,350.9
1564.4115,4.581,341.5
1574.2575,4.575,344.1
1614.54,4.548,355.0
1598.0348,4.558,350.6
1592.9935,4.571,348.5
1578.4944,4.578,344.8
1587.4144,4.576,346.9
1664.6253,4.537,366.9
1603.9992,4.562,351.6
1622.1465,4.563,355.5
1620.9249,4.557,355.7
1661.64,4.54,366.0
1663.2036,4.548,365.7
1609.9881,4.557,353.3
1632.1536,4.554,358.4
1656.4721,4.547,364.3
1643.5719,4.539,362.1
1621.1245,4.555,355.9
1574.0205,4.569,344.5
1592.7759,4.573,348.3
1621.7786,4.553,356.2
1621.4355,4.561,355.5
1582.4925,4.575,345.9
1598.3109,4.581,348.9
1586.0096,4.568,347.2
1646.199,4.545,362.2
1594.5174,4.578,348.3
1590.27,4.575,347.6
1589.6844,4.572,347.7
1601.6812,4.558,351.4
1606.9844,4.564,352.1
1577.5726,4.574,344.9
1557.658,4.58,340.1
1602.2722,4.574,350.3
1615.705,4.55,355.1
1578.5621,4.561,346.1
1592.2094,4.574,348.1
1577.9234,4.579,344.6
1608.312,4.56,352.7
1637.0305,4.541,360.5
1593.9628,4.562,349.4
1622.904,4.56,355.9
1605.0352,4.552,352.6
1672.929,4.53,369.3
1611.8574,4.561,353.4
1595.3712,4.553,350.4
1577.1592,4.553,346.4
1644.6582,4.542,362.1
1617.3744,4.533,356.8
1633.8135,4.565,357.9
1568.421,4.566,343.5
1577.414,4.559,346.0
1649.2896,4.536,363.6
1577.1152,4.574,344.8
1588.968,4.566,348.0
1592.1642,4.566,348.7
1625.6172,4.551,357.2
1606.856,4.552,353.0
1578.6876,4.564,345.9
1565.7952,4.573,342.4
1590.7694,4.562,348.7
1609.0302,4.553,353.4
1583.142,4.565,346.8
1587.7613,4.577,346.9
1580.9976,4.572,345.8
1595.088,4.56,349.8
1618.89,4.55,355.8
1576.7704,4.573,344.8
1587.428,4.58,346.6
1552.3998,4.578,339.1
1616.064,4.56,354.4
1598.534,4.54,352.1
1632.6414,4.563,357.8
1600.2768,4.567,350.4
1623.279,4.547,357.0
1645.7515,4.535,362.9
1619.8,4.55,356.0
1606.3842,4.561,352.2
1590.924,4.552,349.5
1670.3256,4.534,368.4
1586.051,4.555,348.2
1586.6136,4.554,348.4
1604.768,4.559,352.0
1611.3024,4.544,354.6
1592.7534,4.569,348.6
1580.317,4.574,345.5
1559.5152,4.568,341.4
1623.636,4.548,357.0
1613.1279,4.553,354.3
1590.7275,4.575,347.7
1596.5937,4.563,349.9
1575.054,4.572,344.5
1639.776,4.56,359.6
1602.7354,4.561,351.4
1578.268,4.58,344.6
1562.5941,4.573,341.7
1598.663,4.565,350.2
1608.826,4.555,353.2
1586.247,4.57,347.1
1561.2273,4.569,341.7
1605.29,4.58,350.5
1597.0177,4.559,350.3
1609.0767,4.557,353.1
1597.024,4.576,349.0
1616.5152,4.551,355.2
1607.5449,4.563,352.3
1676.4789,4.547,368.7
1611.557,4.546,354.5
1603.5044,4.558,351.8
1584.9246,4.557,347.8
1629.9067,4.549,358.3
1655.1864,4.536,364.9
1608.3536,4.564,352.4
1599.6765,4.551,351.5
1603.719,4.569,351.0
1621.4602,4.547,356.6
1608.768,4.56,352.8
1583.6299,4.573,346.3
1602.8654,4.577,350.2
1598.1399,4.557,350.7
1622.8866,4.551,356.6
1578.021,4.57,345.3
1584.68,4.58,346.0
1587.8156,4.564,347.9
1623.474,4.545,357.2
1645.6088,4.561,360.8
1563.4953,4.581,341.3
1563.8506,4.574,341.9
1573.2252,4.572,344.1
1608.6276,4.548,353.7
1616.3166,4.562,354.3
1566.018,4.579,342.0
1589.6844,4.572,347.7
1592.5364,4.571,348.4
1635.7968,4.554,359.2
1600.2756,4.554,351.4
1608.3234,4.551,353.4
1601.2254,4.558,351.3
1618.6074,4.539,356.6
1654.744,4.546,364.0
1603.8945,4.563,351.5
1581.125,4.55,347.5
1596.5552,4.546,351.2
1653.372,4.536,364.5
1582.0596,4.554,347.4
1623.501,4.554,356.5
1574.568,4.56,345.3
1626.9825,4.551,357.5
1603.752,4.56,351.7
1578.3663,4.571,345.3
1611.315,4.575,352.2
1588.1928,4.552,348.9
1647.8112,4.557,361.6
1572.7712,4.576,343.7
1543.5072,4.572,337.6
1591.9232,4.564,348.8
1620.9072,4.548,356.4
1620.6712,4.573,354.4
1585.026,4.581,346.0
1574.604,4.58,343.8
1601.6784,4.571,350.4
1622.2339,4.553,356.3
1605.825,4.575,351.0
1563.854,4.57,342.2
1586.7348,4.578,346.6
1619.7009,4.551,355.9
1612.0624,4.559,353.6
1578.7008,4.568,345.6
1644.9822,4.558,360.9
1607.06,4.55,353.2
1681.2456,4.539,370.4
1594.9038,4.566,349.3
1612.872,4.56,353.7
1584.31,4.55,348.2
1632.373,4.547,359.0
1596.2116,4.558,350.2
1592.428,4.555,349.6
1610.2196,4.532,355.3
1623.1168,4.544,357.2
1585.1264,4.576,346.4
1573.456,4.574,344.0
1588.913,4.579,347.0
1603.6287,4.539,353.3
1609.0767,4.557,353.1
1557.7968,4.571,340.8
1576.65,4.57,345.0
1599.2256,4.564,350.4
1603.1526,4.557,351.8
1606.2139,4.567,351.7
1565.5528,4.583,341.6
1579.5288,4.581,344.8
1593.1272,4.557,349.6
1603.296,4.56,351.6
1587.9972,4.579,346.8
1559.393,4.573,341.0
1565.334,4.577,342.0
1607.004,4.555,352.8
1605.3678,4.562,351.9
1561.8008,4.564,342.2
1609.6587,4.569,352.3
1618.947,4.554,355.5
1613.0016,4.536,355.6
1598.454,4.554,351.0
1625.0843,4.561,356.3
1625.1621,4.551,357.1
1634.3208,4.536,360.3
1594.0695,4.561,349.5
1586.424,4.56,347.9
1591.135,4.55,349.7
1643.6636,4.538,362.2
1593.015,4.575,348.2
1565.7917,4.577,342.1
1565.7852,4.557,343.6
1628.832,4.56,357.2
1602.9112,4.568,350.9
1582.9373,4.571,346.3
1574.0011,4.561,345.1
1596.912,4.56,350.2
1642.438,4.556,360.5
1581.6892,4.574,345.8
1594.3648,4.571,348.8
1572.1974,4.573,343.8
1602.0972,4.554,351.8
1596.9728,4.568,349.6
1574.2524,4.571,344.4
1555.628,4.57,340.4
1584.5292,4.569,346.8
1604.664,4.56,351.9
1589.9646,4.561,348.6
1571.1606,4.566,344.1
1583.9762,4.574,346.3
1615.0794,4.574,353.1
1649.472,4.544,363.0
1599.858,4.558,351.0
1602.384,4.56,351.4
1602.7354,4.561,351.4
1634.7744,4.536,360.4
1602.304,4.552,352.0
1601.0512,4.564,350.8
1621.3866,4.566,355.1
1660.1144,4.552,364.7
1623.7705,4.565,355.7
1601.5408,4.568,350.6
1566.7098,4.573,342.6
1615.4565,4.557,354.5
1624.1148,4.557,356.4
1577.8854,4.563,345.8
1595.4112,4.574,348.8
1594.1241,4.569,348.9
1614.7796,4.541,355.6
1603.368,4.568,351.0
1566.018,4.579,342.0
1585.4728,4.577,346.4
1607.209,4.553,353.0
1602.3452,4.556,351.7
1539.079,4.567,337.0
1566.595,4.574,342.5
1565.5676,4.567,342.8
1607.1508,4.558,352.6
1599.6069,4.569,350.1
1586.6235,4.579,346.5
1579.41,4.578,345.0
1590.984,4.56,348.9
1635.3414,4.554,359.1
1601.7182,4.562,351.1
1623.314,4.565,355.6
1606.7068,4.549,353.2
1658.712,4.532,366.0
1602.137,4.558,351.5
1598.4189,4.563,350.3
1606.1958,4.554,352.7
1664.2584,4.536,366.9
1611.0679,4.573,352.3
1583.0781,4.553,347.7
1588.0548,4.566,347.8
1637.28,4.548,360.0
1594.4472,4.566,349.2
1587.327,4.585,346.2
1572.6572,4.577,343.6
1595.1456,4.568,349.2
1639.1752,4.552,360.1
1571.8536,4.572,343.8
1592.3556,4.581,347.6
1571.169,4.574,343.5
1640.9012,4.553,360.4
1593.6672,4.569,348.8
1559.1495,4.579,340.5
1584.9036,4.578,346.2
1583.1843,4.577,345.9
1619.5578,4.557,355.4
1582.6146,4.578,345.7
1585.9305,4.577,346.5
1576.4368,4.588,343.6
1612.0145,4.555,353.9
1609.9716,4.566,352.6
1591.4912,4.568,348.4
1616.4516,4.574,353.4
1624.3635,4.531,358.5
1647.7404,4.548,362.3
1615.4042,4.562,354.1
1609.0584,4.566,352.4
1604.2834,4.546,352.9
1646.4756,4.532,363.3
1597.2935,4.565,349.9
1612.872,4.56,353.7
1598.7252,4.547,351.6
1652.6466,4.554,362.9
1603.1226,4.566,351.1
1580.1494,4.559,346.6
1579.0569,4.573,345.3
1608.621,4.557,353.0
1616.8704,4.552,355.2
1595.3586,4.587,347.8
1562.5791,4.581,341.1
1586.6398,4.558,348.1
1630.6502,4.546,358.7
1612.5714,4.554,354.1
1575.6339,4.579,344.1
1565.795,4.565,343.0
1593.3996,4.563,349.2
1603.2722,4.547,352.6
1589.0238,4.578,347.1
1599.5278,4.574,349.7
1570.9408,4.576,343.3
1617.735,4.557,355.0
1607.209,4.553,353.0
1579.6352,4.576,345.2
1594.298,4.58,348.1
1600.4412,4.548,351.9
1624.866,4.54,357.9
1625.496,4.566,356.0
1590.1208,4.568,348.1
1579.1468,4.543,347.6
1644.39,4.53,363.0
1654.7308,4.561,362.8
1605.2634,4.563,351.8
1589.77,4.55,349.4
1634.815,4.55,359.3
1600.8058,4.562,350.9
1566.824,4.568,343.0
1573.3315,4.567,344.5
1601.258,4.54,352.7
1626.92,4.57,356.0
1566.8224,4.576,342.4
1562.1396,4.557,342.8
1595.23,4.55,350.6
1624.7404,4.546,357.4
1577.9092,4.571,345.2
1567.7376,4.576,342.6
1567.5098,4.574,342.7
1609.6348,4.556,353.3
1633.0338,4.559,358.2
1582.39,4.58,345.5
1560.7735,4.565,341.9
1574.9478,4.581,343.8
1624.6088,4.552,356.9
1586.685,4.566,347.5
1566.818,4.58,342.1
1555.6174,4.574,340.1
1600.1384,4.564,350.6
1672.1676,4.539,368.4
1619.4574,4.558,355.3
1580.2926,4.566,346.1
1626.17,4.55,357.4
1666.5636,4.546,366.6
1596.072,4.555,350.4
1580.1947,4.571,345.7
1619.223,4.542,356.5
1644.9352,4.534,362.8
1590.4996,4.556,349.1
1610.1792,4.564,352.8
1614.581,4.57,353.3
1613.2193,4.543,355.1
1607.1975,4.575,351.3
1582.9373,4.571,346.3
1570.482,4.572,343.5
1602.0648,4.541,352.8
1621.536,4.56,355.6
1590.9467,4.573,347.9
1589.3367,4.571,347.7
1599.9264,4.566,350.4
1623.4599,4.559,356.1
1576.5379,4.571,344.9
1591.185,4.575,347.8
1550.788,4.58,338.6
1612.753,4.57,352.9
1618.1362,4.553,355.4
1563.735,4.575,341.8
1568.5379,4.577,342.7
1579.0335,4.565,345.9
1623.1038,4.558,356.1
1587.1416,4.566,347.6
1618.4961,4.563,354.7
1588.3128,4.572,347.4
1675.5438,4.542,368.9
1604.6368,4.538,353.6
1620.4734,4.566,354.9
1628.277,4.561,357.0
1647.7461,4.543,362.7
1658.8357,4.561,363.7
1595.3,4.558,350.0
1605.7834,4.558,352.3
1687.4264,4.552,370.7
1581.0954,4.567,346.2
1609.87,4.58,351.5
1576.9851,4.567,345.3
1643.3492,4.556,360.7
1596.8061,4.561,350.1
1571.5125,4.575,343.5
1584.5574,4.577,346.2
1584.229,4.555,347.8
1619.0468,4.553,355.6
1588.2936,4.568,347.7
1583.962,4.57,346.6
1575.3985,4.573,344.5
1634.334,4.555,358.8
1578.7817,4.559,346.3
1552.0893,4.569,339.7
1573.2288,4.576,343.8
1596.4872,4.564,349.8
1615.9044,4.548,355.3
1585.0345,4.585,345.7
1549.569,4.571,339.0
1587.9825,4.575,347.1
1630.9128,4.548,358.6
1616.67,4.554,355.0
1593.7488,4.564,349.2
1591.135,4.55,349.7
1641.5813,4.531,362.3
1645.7215,4.555,361.3
1608.9138,4.563,352.6
1586.532,4.559,348.0
1632.1465,4.535,359.9
1631.0322,4.542,359.1
1597.1868,4.566,349.8
1568.7672,4.571,343.2
1613.885,4.55,354.7
1618.5458,4.558,355.1
1574.5896,4.568,344.7
1571.736,4.569,344.0
1601.1567,4.563,350.9
1629.3825,4.545,358.5
1580.79,4.582,345.0
1581.7878,4.569,346.2
1602.9432,4.572,350.6
1625.678,4.541,358.0
1597.5366,4.567,349.8
1579.065,4.577,345.0
1555.8676,4.564,340.9
1589.2674,4.559,348.6
1608.1728,4.548,353.6
1577.7872,4.568,345.4
1589.718,4.58,347.1
1575.7476,4.578,344.2
1637.496,4.56,359.1
1603.2144,4.552,352.2
1603.543,4.562,351.5
1617.426,4.569,354.0
1637.4264,4.556,359.4
1609.6683,4.533,355.1
1580.6053,4.559,346.7
1620.5692,4.556,355.7
1654.4704,4.544,364.1
1620.0338,4.543,356.6
1600.2768,4.567,350.4
1590.044,4.556,349.0
1617.4668,4.546,355.8
1593.6888,4.556,349.8
1590.7446,4.579,347.4
1579.1576,4.568,345.7
1592.2158,4.557,349.4
1634.6465,4.547,359.5
1602.9432,4.572,350.6
1592.4048,4.568,348.6
1583.1585,4.569,346.5
1634.1918,4.547,359.4
1622.5481,4.559,355.9
1588.7872,4.576,347.2
1558.37,4.57,341.0
1625.5965,4.565,356.1
1622.5902,4.554,356.3
1590.708,4.571,348.0
1555.2876,4.569,340.4
1572.994,4.57,344.2
1605.3352,4.571,351.2
1633.7371,4.547,359.3
1578.5895,4.569,345.5
1568.6528,4.576,342.8
1626.208,4.568,356.0
1651.744,4.544,363.5
1595.1255,4.551,350.5
1612.0872,4.572,352.6
1597.6477,4.553,350.9
1635.5559,4.547,359.7
1630.2345,4.555,357.9
1604.064,4.557,352.0
1625.7394,4.559,356.6
1616.4634,4.514,358.1
1608.5749,4.553,353.3
1565.5606,4.559,343.4
1590.176,4.58,347.2
1604.8296,4.554,352.4
1588.4775,4.545,349.5
1585.333,4.57,346.9
1597.05,4.563,350.0
1582.4802,4.571,346.2
1624.48,4.544,357.5
1599.8934,4.562,350.7
1569.911,4.577,343.0
1565.5675,4.571,342.5
1603.1915,4.561,351.5
1609.2664,4.564,352.6
1558.245,4.575,340.6
1568.3101,4.571,343.1
1554.9548,4.564,340.7
1635.1484,4.556,358.9
1583.361,4.563,347.0
1573.688,4.58,343.6
1559.5092,4.572,341.1
1590.3378,4.566,348.3
1646.4756,4.532,363.3
1586.8137,4.569,347.3
1605.5466,4.569,351.4
1597.4385,4.555,350.7
1612.154,4.54,355.1
1589.5584,4.552,349.2
1614.2277,4.569,353.3
1608.012,4.536,354.5
1658.639,4.538,365.5
1631.1455,4.555,358.1
1593.599,4.535,351.4
1583.2929,4.551,347.9
1656.198,4.555,363.6
1595.4948,4.569,349.2
1579.0464,4.569,345.6
1604.949,4.566,351.5
1618.8306,4.546,356.1
1611.0016,4.556,353.6
1592.3383,4.577,347.9
1575.3985,4.573,344.5
1583.5069,4.549,348.1
1622.075,4.55,356.5
1571.273,4.565,344.2
1578.8392,4.579,344.8
1562.1301,4.577,341.3
1614.292,4.555,354.4
1605.6375,4.555,352.5
1575.864,4.581,344.0
1561.6842,4.569,341.8
1572.4275,4.575,343.7
1630.2345,4.555,357.9
1605.824,4.562,352.0
1575.63,4.575,344.4
1574.365,4.57,344.5
1626.8168,4.529,359.2
1659.7355,4.541,365.5
1621.08,4.56,355.5
1607.6066,4.558,352.7
1669.6736,4.552,366.8
1648.6521,4.533,363.7
1597.5366,4.567,349.8
1609.7632,4.568,352.4
1645.8368,4.544,362.2
1623.6984,4.552,356.7
1561.098,4.578,341.0
1585.968,4.56,347.8
1576.751,4.565,345.4
1647.4332,4.561,361.2
1607.856,4.56,352.6
1579.144,4.564,346.0
1601.9219,4.573,350.3
1605.3276,4.558,352.2
1651.3634,4.558,362.3
1579.2971,4.579,344.9
1560.3135,4.569,341.5
1575.96,4.568,345.0
1618.89,4.55,355.8
1624.5282,4.562,356.1
1572.1995,4.577,343.5
1572.0838,4.574,343.7
1595.3314,4.562,349.7
1605.5344,4.556,352.4
1587.0114,4.563,347.8
1578.72,4.576,345.0
1608.5349,4.571,351.9
1664.1009,4.543,366.3
1631.2395,4.535,359.7
1612.2666,4.557,353.8
1614.4918,4.562,353.9
1676.9568,4.552,368.4
1629.81,4.55,358.2
1596.3171,4.557,350.3
1605.824,4.562,352.0
1613.0268,4.554,354.2
1636.7806,4.529,361.4
1592.4276,4.572,348.3
1597.2935,4.565,349.9
1585.2057,4.567,347.1
1614.184,4.565,353.6
1594.098,4.565,349.2
1583.2836,4.572,346.3
1573.688,4.58,343.6
1608.021,4.545,353.8
1619.5602,4.566,354.7
1592.2965,4.569,348.5
1552.3116,4.571,339.6
1588.989,4.57,347.7
1612.2173,4.553,354.1
1579.4022,4.574,345.3
1592.2965,4.569,348.5
1546.4484,4.578,337.8
1616.3679,4.557,354.7
1611.504,4.56,353.4
1557.4218,4.582,339.9
1550.247,4.573,339.0
1577.34,4.572,345.0
1635.8929,4.553,359.3
1599.4284,4.549,351.6
1573.0764,4.557,345.2
1623.895,4.55,356.9
1622.9534,4.541,357.4
1621.4355,4.561,355.5
1577.2188,4.569,345.2
1581.0988,4.546,347.8
1625.0978,4.547,357.4
1656.2909,4.549,364.1
1623.1038,4.558,356.1
1597.1074,4.571,349.4
1617.1695,4.549,355.5
1598.2065,4.565,350.1
1587.9972,4.579,346.8
1550.3792,4.568,339.4
1600.6272,4.568,350.4
1621.234,4.54,357.1
1599.7878,4.563,350.6
1578.03,4.574,345.0
1575.6237,4.571,344.7
1616.0038,4.547,355.4
1603.0868,4.562,351.4
1554.6888,4.578,339.6
1582.9373,4.571,346.3
1581.008,4.576,345.5
1667.2968,4.548,366.6
1590.2055,4.563,348.5
1575.062,4.58,343.9
1553.3304,4.574,339.6
1601.5076,4.564,350.9
1605.99,4.556,352.5
1611.5904,4.568,352.8
1603.6696,4.552,352.3
1586.88,4.56,348.0
1646.3808,4.528,363.6
1621.62,4.55,356.4
1608.312,4.56,352.7
1623.314,4.565,355.6
1627.2064,4.544,358.1
1631.1048,4.546,358.8
1575.1476,4.563,345.2
1618.5976,4.562,354.8
1617.8805,4.551,355.5
1618.02,4.545,356.0
1575.1583,4.567,344.9
1568.3075,4.579,342.5
1560.546,4.563,342.0
1629.6812,4.556,357.7
1622.9584,4.564,355.6
1595.6024,4.568,349.3
1558.3758,4.566,341.3
1614.3894,4.563,353.8
1623.888,4.536,358.0
1550.6876,4.577,338.8
1569.2243,4.571,343.3
1586.6346,4.583,346.2
1630.0032,4.548,358.4
1599.507,4.557,351.0
1578.935,4.57,345.5
1594.0778,4.582,347.9
1560.546,4.563,342.0
1623.7968,4.551,356.8
1592.0307,4.563,348.9
1585.695,4.575,346.6
1602.8622,4.551,352.2
1632.13,4.54,359.5
1621.9074,4.533,357.8
1617.025,4.555,355.0
1590.554,4.564,348.5
1646.5482,4.521,364.2
1653.372,4.536,364.5
1606.9844,4.564,352.1
1609.8675,4.567,352.5
1629.0662,4.534,359.3
1624.9657,4.553,356.9
1571.5062,4.587,342.6
1564.3098,4.562,342.9
1603.1526,4.557,351.8
1609.839,4.545,354.2
1589.8304,4.558,348.8
1560.1914,4.574,341.1
1580.403,4.565,346.2
1622.142,4.54,357.3
1604.064,4.557,352.0
1566.596,4.57,342.8
1594.756,4.58,348.2
1600.6572,4.572,350.1
1590.1194,4.551,349.4
1581.426,4.564,346.5
1550.33,4.58,338.5
1565.2112,4.582,341.6
1598.4906,4.558,350.7
1602.6969,4.557,351.7
1567.8525,4.575,342.7
1555.8608,4.568,340.6
1591.9704,4.572,348.2
1634.43,4.525,361.2
1629.744,4.56,357.4
1616.0601,4.551,355.1
1575.727,4.541,347.0
1667.4336,4.536,367.6
1610.136,4.56,353.1
1618.0398,4.563,354.6
1599.0136,4.553,351.2
1624.834,4.526,359.0
1627.5015,4.555,357.3
1578.2312,4.564,345.8
1577.2277,4.573,344.9
1620.4881,4.543,356.7
1600.69,4.55,351.8
1591.44,4.56,349.0
1567.3959,4.571,342.9
1611.559,4.555,353.8
1633.6845,4.557,358.5
1603.0868,4.562,351.4
1574.3708,4.574,344.2
1568.0718,4.561,343.8
1602.5928,4.558,351.6
1630.0995,4.547,358.5
1583.4075,4.575,346.1
1576.2054,4.578,344.3
1577.0025,4.575,344.7
1634.1918,4.547,359.4
1588.4884,4.562,348.2
1563.0455,4.577,341.5
1556.9896,4.574,340.4
1588.8115,4.559,348.5
1615.1499,4.551,354.9
1641.3565,4.553,360.5
1581.9921,4.563,346.7
1612.6205,4.549,354.5
1629.6369,4.523,360.3
1587.1198,4.562,347.9
1589.6412,4.564,348.3
1615.102,4.556,354.5
1620.6848,4.522,358.4
1624.8276,4.559,356.4
1595.1914,4.546,350.9
1570.9694,4.543,345.8
1620.6111,4.551,356.1
1622.5902,4.554,356.3
1572.0838,4.574,343.7
1583.962,4.57,346.6
1576.9581,4.559,345.9
1619.758,4.555,355.6
1556.0982,4.562,341.1
1581.9232,4.576,345.7
1573.656,4.56,345.1
1606.2984,4.553,352.8
1603.5666,4.553,352.2
1555.5113,4.571,340.3
1582.591,4.57,346.3
1565.5653,4.563,343.1
1609.79,4.55,353.8
1608.268,4.556,353.0
1580.8958,4.577,345.4
1577.564,4.57,345.2
1581.22,4.57,346.0
1630.9128,4.548,358.6
1579.9465,4.565,346.1
1591.251,4.566,348.5
1611.6065,4.559,353.5
1622.814,4.533,358.0
1612.872,4.56,353.7
1577.809,4.547,347.0
1622.5481,4.559,355.9
1633.2262,4.538,359.9
1603.228,4.565,351.2
1566.4724,4.559,343.6
1582.3827,4.551,347.7
1613.7792,4.528,356.4
1582.0231,4.571,346.1
1581.0954,4.567,346.2
1572.987,4.566,344.5
1605.4962,4.543,353.4
1603.0676,4.549,352.4
1561.7952,4.572,341.6
1574.4572,4.561,345.2
1595.23,4.55,350.6
1648.6547,4.543,362.9
1566.481,4.567,343.0
1575.5112,4.572,344.6
1557.4626,4.566,341.1
1608.4728,4.554,353.2
1603.008,4.554,352.0
1555.8676,4.564,340.9
1585.3152,4.566,347.2
1567.734,4.564,343.5
1598.2274,4.543,351.8
1589.16,4.56,348.5
1576.7704,4.573,344.8
1544.7594,4.573,337.8
1615.1352,4.542,355.6
1638.954,4.53,361.8
1591.0296,4.551,349.6
1604.2834,4.546,352.9
1602.5928,4.558,351.6
1654.809,4.53,365.3
1618.2912,4.556,355.2
1582.945,4.55,347.9
1612.7208,4.548,354.6
1632.1465,4.535,359.9
1629.0634,4.553,357.8
1571.0409,4.563,344.3
1556.2155,4.557,341.5
1607.7677,4.543,353.9
1609.6348,4.556,353.3
1568.9638,4.553,344.6
1564.8825,4.569,342.5
1554.9612,4.548,341.9
1633.6416,4.548,359.2
1597.824,4.56,350.4
1572.9776,4.562,344.8
1577.4418,4.567,345.4
1564.0672,4.552,343.6
1626.5274,4.551,357.4
1562.9418,4.566,342.3
1579.2686,4.567,345.8
1548.6178,4.579,338.2
1606.1958,4.554,352.7
1593.8559,4.563,349.3
1568.7672,4.571,343.2
1562.5995,4.565,342.3
1567.047,4.562,343.5
1626.27,4.53,359.0
1614.424,4.54,355.6
1583.1588,4.548,348.1
1607.16,4.54,354.0
1645.296,4.54,362.4
1646.5588,4.526,363.8
1598.415,4.55,351.3
1607.8683,4.551,353.3
1597.9295,4.559,350.5
1653.6088,4.523,365.6
1611.6408,4.536,355.3
1574.58,4.564,345.0
1569.5676,4.572,343.3
1596.7371,4.553,350.7
1614.9376,4.544,355.4
1577.76,4.56,346.0
1574.1236,4.564,344.9
1567.8401,4.559,343.9
1628.8318,4.546,358.3
1611.61,4.55,354.2
1600.731,4.554,351.5
1553.2452,4.563,340.4
1603.8562,4.559,351.8
1613.475,4.545,355.0
1588.3128,4.572,347.4
1575.5032,4.568,344.9
1547.196,4.564,339.0
1610.7,4.55,354.0
1600.5948,4.564,350.7
1570.8255,4.573,343.5
1541.2628,4.564,337.7
1568.1752,4.556,344.2
1647.828,4.527,364.0
1651.0157,4.547,363.1
1620.9249,4.557,355.7
1615.5576,4.556,354.6
1636.7806,4.529,361.4
1606.1958,4.554,352.7
1572.0408,4.554,345.2
1609.1833,4.547,353.9
1632.9724,4.531,360.4
1633.1468,4.534,360.2
1592.0092,4.546,350.2
1574.8024,4.562,345.2
1585.4328,4.548,348.6
1593.856,4.528,352.0
1596.878,4.556,350.5
1575.27,4.566,345.0
1581.408,4.56,346.8
1609.884,4.54,354.6
1613.7726,4.542,355.3
1575.8255,4.561,345.5
1595.7098,4.567,349.4
1550.637,4.554,340.5
1606.15,4.55,353.0
1578.9579,4.549,347.1
1555.3944,4.572,340.2
1566.8084,4.556,343.9
1594.0053,4.553,350.1
1604.8368,4.536,353.8
1576.862,4.564,345.5
1581.8007,4.573,345.9
1541.4998,4.562,337.9
1603.2754,4.538,353.3
1610.3936,4.544,354.4
1609.0767,4.557,353.1
1602.1578,4.549,352.2
1610.0927,4.547,354.1
1654.0398,4.518,366.1
1651.4712,4.542,363.6
1589.1328,4.556,348.8
1575.1398,4.538,347.1
1618.4544,4.512,358.7
1605.4904,4.552,352.7
1570.494,4.539,346.0
1564.6488,4.559,343.2
1620.381,4.53,357.7
1570.6746,4.554,344.9
1572.1344,4.549,345.6
1590.4996,4.556,349.1
1610.139,4.542,354.5
1609.1306,4.543,354.2
1588.7504,4.568,347.8
1581.7548,4.561,346.8
1610.848,4.544,354.5
1613.7726,4.542,355.3
1568.8776,4.566,343.6
1581.1488,4.554,347.2
1572.5214,4.562,344.7
1602.656,4.553,352.0
1600.7025,4.541,352.5
1576.0463,4.559,345.7
1578.244,4.568,345.5
1568.5194,4.557,344.2
1615.2337,4.541,355.7
1598.931,4.545,351.8
1591.6536,4.558,349.2
1618.6709,4.543,356.3
1609.6286,4.538,354.7
1624.834,4.526,359.0
1596.0672,4.524,352.8
1589.8041,4.541,350.1
1606.9485,4.533,354.5
1640.1321,4.527,362.3
1609.2512,4.528,355.4
1606.8403,4.561,352.3
1603.6696,4.552,352.3
1623.9835,4.535,358.1
1610.7,4.55,354.0
1552.2292,4.556,340.7
1548.3526,4.558,339.7
1613.2193,4.543,355.1
1608.6216,4.539,354.4
1573.0764,4.557,345.2
1564.7682,4.566,342.7
1589.346,4.554,349.0
1604.3081,4.523,354.7
1593.6552,4.552,350.1
1578.8234,4.571,345.4
1557.923,4.562,341.5
1614.9948,4.548,355.1
1605.7404,4.554,352.6
1569.338,4.57,343.4
1548.2364,4.559,339.6
1588.784,4.555,348.8
1617.664,4.544,356.0
1613.1279,4.553,354.3
1555.416,4.56,341.1
1567.2536,4.552,344.3
1631.7705,4.539,359.5
1674.6067,4.537,369.1
1610.136,4.56,353.1
1571.0556,4.538,346.2
1649.0158,4.534,363.7
1622.623,4.535,357.8
1599.7136,4.568,350.2
1567.3509,4.547,344.7
1617.7236,4.548,355.7
1621.4274,4.538,357.3
1591.091,4.559,349.0
1547.196,4.564,339.0
1605.5344,4.556,352.4
1630.219,4.541,359.0
1564.3098,4.562,342.9
1571.2645,4.561,344.5
1583.905,4.558,347.5
1575.2175,4.533,347.5
1610.5474,4.547,354.2
1565.5606,4.559,343.4
1552.5699,4.557,340.7
1585.4328,4.548,348.6
1595.2533,4.541,351.3
1583.9454,4.566,346.9
1558.8354,4.562,341.7
1569.3342,4.566,343.7
1612.266,4.548,354.5
1611.4572,4.556,353.7
1572.0738,4.566,344.3
1563.3984,4.566,342.4
1571.048,4.567,344.0
1640.6712,4.536,361.7
1610.5932,4.542,354.6
1592.0092,4.546,350.2
1597.3188,4.543,351.6
1610.338,4.54,354.7
1663.0896,4.539,366.4
1597.8561,4.551,351.1
1593.6192,4.548,350.4
1605.5928,4.551,352.8
1627.3878,4.513,360.6
1609.7386,4.546,354.1
1585.0527,4.543,348.9
1547.5725,4.545,340.5
1631.0089,4.547,358.7
1577.94,4.55,346.8
1578.4354,4.558,346.3
1583.048,4.57,346.4
1578.4516,4.541,347.6
1640.275,4.55,360.5
1570.8222,4.569,343.8
1568.7297,4.551,344.7
1571.8056,4.552,345.3
1591.8273,4.539,350.7
1603.0486,4.558,351.7
1570.704,4.566,344.0
1576.7619,4.569,345.1
1574.3332,4.558,345.4
1614.2268,4.542,355.4
1584.2112,4.576,346.2
1547.9046,4.554,339.9
1575.7148,4.562,345.4
1584.3608,4.558,347.6
1609.2739,4.537,354.7
1587.7376,4.552,348.8
1595.997,4.547,351.0
1631.9406,4.542,359.3
1686.412,4.52,373.1
1611.5091,4.551,354.1
1595.5423,4.547,350.9
1643.5692,4.524,363.3
1643.1924,4.548,361.3
1589.2092,4.551,349.2
1609.0767,4.557,353.1
1631.16,4.531,360.0
1612.41,4.542,355.0
1575.8481,4.569,344.9
1584.3608,4.558,347.6
1573.0615,4.553,345.5
1640.9184,4.548,360.8
1601.3936,4.552,351.8
1588.9188,4.558,348.6
1560.43,4.556,342.5
1601.1012,4.546,352.2
1609.3304,4.541,354.4
1574.3568,4.566,344.8
1556.7804,4.564,341.1
1575.3694,4.561,345.4
1614.9491,4.553,354.7
1607.011,4.546,353.5
1566.7035,4.561,343.5
1564.08,4.56,343.0
1559.862,4.561,342.0
1631.175,4.55,358.5
1597.2622,4.561,350.2
1559.745,4.554,342.5
1599.648,4.56,350.8
1632.0528,4.536,359.8
1659.4688,4.544,365.2
1608.9138,4.563,352.6
1573.9721,4.553,345.7
1611.9961,4.537,355.3
1642.578,4.53,362.6
1605.1377,4.551,352.7
1615.25,4.55,355.0
1638.6444,4.548,360.3
1671.824,4.543,368.0
1581.4548,4.572,345.9
1566.0246,4.571,342.6
1592.3949,4.551,349.9
1638.8469,4.541,360.9
1600.7004,4.563,350.8
1564.423,4.561,343.0
1578.106,4.561,346.0
1622.0028,4.532,357.9
1597.8564,4.564,350.1
1563.7236,4.551,343.6
1561.2273,4.569,341.7
1609.335,4.55,353.7
1604.738,4.546,353.0
1565.1075,4.575,342.1
1590.0976,4.564,348.4
1583.5188,4.574,346.2
1626.4902,4.542,358.1
1590.606,4.555,349.2
1591.3827,4.569,348.3
1571.0409,4.563,344.3
1580.6442,4.546,347.7
1619.4485,4.535,357.1
1628.1152,4.544,358.3
1610.7498,4.554,353.7
1588.092,4.54,349.8
1647.4752,4.536,363.2
1616.315,4.553,355.0
1614.24,4.56,354.0
1588.5963,4.561,348.3
1671.4308,4.537,368.4
1634.6928,4.556,358.8
1620.2686,4.559,355.4
1593.2924,4.564,349.1
1639.4752,4.544,360.8
1607.3112,4.552,353.1
1561.6865,4.565,342.1
1588.4225,4.571,347.5
1610.1932,4.546,354.2
1611.6009,4.541,354.9
1578.2312,4.564,345.8
1588.0322,4.562,348.1
1591.5995,4.567,348.5
1646.5654,4.531,363.4
1582.8625,4.555,347.5
1574.3708,4.574,344.2
1585.333,4.57,346.9
1594.2823,4.559,349.7
1612.0145,4.555,353.9
1589.3746,4.558,348.7
1562.1411,4.569,341.9
1571.169,4.574,343.5
1593.6552,4.552,350.1
1610.748,4.545,354.4
1597.1232,4.558,350.4
1636.584,4.56,358.9
1622.904,4.56,355.9
1681.6606,4.534,370.9
1577.94,4.55,346.8
1619.9574,4.553,355.8
1619.8325,4.531,357.5
1667.066,4.535,367.6
1617.98,4.55,355.6
1615.1996,4.564,353.9
1628.6388,4.548,358.1
1609.018,4.535,354.8
1589.6412,4.564,348.3
1583.3944,4.571,346.4
1582.0088,4.567,346.4
1641.106,4.546,361.0
1645.735,4.55,361.7
1600.55,4.573,350.0
1575.2856,4.574,344.4
1610.0904,4.556,353.4
1628.2344,4.538,358.8
1595.118,4.564,349.5
1579.065,4.577,345.0
1577.7748,4.564,345.7
1583.6408,4.552,347.9
1641.7916,4.558,360.2
1595.4524,4.582,348.2
1567.7388,4.572,342.9
1602.486,4.572,350.5
1616.315,4.553,355.0
1597.1232,4.558,350.4
1562.3712,4.563,342.4
1583.688,4.56,347.3
1617.3256,4.552,355.3
1654.5312,4.528,365.4
1627.7952,4.552,357.6
1615.9623,4.561,354.3
1589.4523,4.553,349.1
1649.0158,4.534,363.7
1619.8,4.55,356.0
1613.784,4.56,353.9
1613.684,4.552,354.5
1698.868,4.54,374.2
1579.836,4.566,346.0
1597.672,4.57,349.6
1603.1915,4.561,351.5
1641.3732,4.548,360.9
1615.3499,4.549,355.1
1612.1917,4.571,352.7
1594.9752,4.578,348.4
1599.8934,4.562,350.7
1650.358,4.559,362.0
1634.4666,4.563,358.2
1600.2,4.572,350.0
1597.7793,4.569,349.7
1590.6618,4.563,348.6
1637.978,4.555,359.6
1587.0325,4.567,347.5
1595.1042,4.581,348.2
1591.404,4.573,348.0
1628.9307,4.559,357.3
1627.779,4.566,356.5
1584.198,4.572,346.5
1594.0596,4.578,348.2
1626.8196,4.548,357.7
1673.51,4.523,370.0
1648.465,4.55,362.3
1647.0974,4.574,360.1
1634.2372,4.556,358.7
1657.2648,4.533,365.6
1636.8128,4.567,358.4
1602.5603,4.567,350.9
1650.8343,4.539,363.7
1649.5504,4.528,364.3
1628.291,4.57,356.3
1590.3378,4.566,348.3
1636.194,4.564,358.5
1662.3003,4.553,365.1
1615.6132,4.582,352.6
1613.04,4.576,352.5
1602.3483,4.569,350.7
1638.36,4.551,360.0
1632.8024,4.552,358.7
1599.5,4.57,350.0
1615.0794,4.574,353.1
1580.1072,4.551,347.2
1636.9429,4.561,358.9
1613.271,4.565,353.4
1596.6973,4.579,348.7
1585.0018,4.573,346.6
1626.966,4.565,356.4
1645.077,4.557,361.0
1594.2784,4.576,348.4
1596.7347,4.587,348.1
1590.8372,4.574,347.8
1656.106,4.556,363.5
1690.3605,4.555,371.1
1606.5916,4.559,352.4
1617.8356,4.556,355.1
1635.725,4.55,359.5
1652.4681,4.551,363.1
1610.136,4.56,353.1
1620.3716,4.567,354.8
1658.8354,4.546,364.9
1647.7478,4.538,363.1
1646.764,4.568,360.5
1644.2405,4.561,360.5
1614.5376,4.566,353.6
1642.3872,4.542,361.6
1623.0104,4.568,355.3
1607.6207,4.571,351.7
1601.0346,4.577,349.8
1637.7141,4.553,359.7
1632.024,4.56,357.9
1602.6225,4.575,350.3
1605.474,4.574,351.0
1615.5535,4.565,353.9
1637.978,4.555,359.6
1601.0073,4.573,350.1
1564.2948,4.582,341.4
1601.1912,4.584,349.3
1612.065,4.55,354.3
1626.463,4.57,355.9
1602.2168,4.583,349.6
1582.5099,4.583,345.3
1625.549,4.57,355.7
1610.8848,4.566,352.8
1612.8145,4.565,353.3
1636.418,4.571,358.0
1615.7583,4.563,354.1
1688.834,4.535,372.4
1667.593,4.57,364.9
1631.8617,4.557,358.1
1583.4492,4.558,347.4
1675.229,4.535,369.4
1672.58,4.55,367.6
1628.4352,4.564,356.8
1610.2935,4.545,354.3
1679.2545,4.557,368.5
1660.6599,4.551,364.9
1598.1108,4.587,348.4
1612.9701,4.581,352.1
1585.333,4.57,346.9
1675.9766,4.558,367.7
1646.764,4.568,360.5
1608.282,4.582,351.0
1607.8516,4.586,350.6
1640.688,4.56,359.8
1642.9885,4.555,360.7
1601.1424,4.576,349.9
1601.7585,4.583,349.5
1616.3524,4.588,352.3
1628.2161,4.557,357.3
1626.8189,4.571,355.9
1614.1326,4.583,352.2
1580.4288,4.573,345.6
1643.372,4.57,359.6
1646.882,4.562,361.0
1600.55,4.573,350.0
1605.4249,4.583,350.3
1642.7196,4.572,359.3
1668.2943,4.547,366.9
1643.5648,4.544,361.7
1620.522,4.57,354.6
1627.9788,4.564,356.7
1655.738,4.54,364.7
1658.4705,4.545,364.9
1648.5168,4.564,361.2
1633.1184,4.572,357.2
1675.8272,4.544,368.8
1672.7544,4.548,367.8
1631.847,4.571,357.0
1609.7634,4.581,351.4
1607.7936,4.578,351.2
1665.755,4.55,366.1
1634.4304,4.568,357.8
1605.748,4.58,350.6
1628.7982,4.583,355.4
1669.5851,4.553,366.7
1638.5733,4.563,359.1
1609.0275,4.575,351.7
1634.5008,4.581,356.8
1603.017,4.567,351.0
1675.1756,4.567,366.8
1611.839,4.57,352.7
1591.689,4.587,347.0
1589.0076,4.574,347.4
1627.1235,4.577,355.5
1632.5428,4.564,357.7
1606.6008,4.572,351.4
1594.0596,4.578,348.2
1599.5532,4.578,349.4
1652.8239,4.557,362.7
1654.4682,4.554,363.3
1623.7705,4.565,355.7
1644.601,4.562,360.5
1613.4301,4.559,353.9
1719.2904,4.552,377.7
1656.0176,4.552,363.8
1623.0042,4.577,354.6
1624.4819,4.567,355.7
1689.8204,4.556,370.9
1666.665,4.55,366.3
1599.7428,4.572,349.9
1609.1196,4.587,350.8
1605.9281,4.561,352.1
1666.6745,4.555,365.9
1614.622,4.574,353.0
1624.984,4.58,354.8
1597.046,4.58,348.7
1631.3082,4.558,357.9
1647.2612,4.558,361.4
1624.1713,4.579,354.7
1637.1486,4.582,357.3
1586.7348,4.578,346.6
1639.0568,4.558,359.6
1626.057,4.574,355.5
1620.2997,4.581,353.7
1606.4492,4.582,350.6
1617.9274,4.573,353.8
1643.5926,4.563,360.2
1626.0484,4.583,354.8
1587.872,4.576,347.0
1615.1184,4.578,352.8
1642.6077,4.559,360.3
1671.2832,4.544,367.8
1642.32,4.562,360.0
1648.7826,4.566,361.1
1668.4965,4.555,366.3
1669.2184,4.552,366.7
1660.468,4.568,363.5
1652.055,4.57,361.5
1626.053,4.565,356.2
1674.7464,4.546,368.4
1648.6554,4.538,363.3
1613.3925,4.577,352.5
1619.7048,4.591,352.8
1617.799,4.583,353.0
1650.2475,4.565,361.5
1587.9972,4.579,346.8
1593.7299,4.581,347.9
1631.192,4.582,356.0
1638.5498,4.549,360.2
1641.477,4.566,359.5
1586.3882,4.577,346.6
1621.8818,4.579,354.2
1619.8128,4.568,354.6
1630.4588,4.562,357.4
1592.6668,4.574,348.2
1593.7299,4.581,347.9
1613.568,4.584,352.0
1647.5085,4.565,360.9
1640.63,4.57,359.0
1586.512,4.58,346.4
1600.1192,4.577,349.6
1627.614,4.59,354.6
1659.014,4.564,363.5
1663.8456,4.551,365.6
1620.8766,4.571,354.6
1625.9526,4.566,356.1
1681.902,4.558,369.0
1657.7407,4.543,364.9
1636.5772,4.574,357.8
1659.2952,4.556,364.2
1654.835,4.55,363.7
1674.9418,4.549,368.2
1664.4867,4.569,364.3
1594.1478,4.573,348.6
1652.7186,4.563,362.2
1635.4427,4.567,358.1
1624.178,4.57,355.4
1595.1364,4.589,347.6
1636.1589,4.569,358.1
1649.1969,4.547,362.7
1627.8866,4.574,355.9
1596.2589,4.583,348.3
1621.8375,4.575,354.5
1659.842,4.555,364.4
1628.2356,4.566,356.6
1596.1088,4.576,348.8
1580.2205,4.595,343.9
1623.8723,4.573,355.1
1661.664,4.56,364.4
1645.7252,4.574,359.8
1611.4894,4.582,351.7
1609.4491,4.571,352.1
1590.2055,4.563,348.5
1662.3009,4.563,364.3
1610.3592,4.584,351.3
1607.3742,4.569,351.8
1609.619,4.565,352.6
1694.2544,4.552,372.2
1669.85,4.55,367.0
1655.8626,4.578,361.7
1656.0733,4.571,362.3
1645.4746,4.543,362.2
1680.54,4.542,370.0
1635.4427,4.567,358.1
1627.8345,4.579,355.5
1630.3966,4.558,357.7
1669.1396,4.558,366.2
1606.7711,4.579,350.9
1606.3415,4.583,350.5
1615.656,4.564,354.0
1643.2542,4.557,360.6
1635.477,4.562,358.5
1585.0151,4.577,346.3
1590.3798,4.574,347.7
1621.936,4.556,356.0
1641.622,4.555,360.4
