1852.053,4.395,421.4
1871.216,4.372,428.0
1848.6636,4.358,424.2
1991.76,4.3,463.2
1880.5226,4.339,433.4
1843.1712,4.376,421.2
1836.24,4.372,420.0
1601.1941,4.499,355.9
1586.363,4.526,350.5
1584.961,4.522,350.5
1659.1045,4.495,369.1
1644.7312,4.484,366.8
1639.2675,4.485,365.5
1636.3161,4.509,362.9
1573.5517,4.523,347.9
1587.1734,4.518,351.3
1598.1735,4.521,353.5
1579.6374,4.521,349.4
1590.8874,4.517,352.2
1645.0026,4.497,365.8
1628.7125,4.493,362.5
1615.5,4.5,359.0
1604.9184,4.512,355.7
1603.266,4.529,354.0
1577.8904,4.516,349.4
1615.296,4.512,358.0
1618.518,4.521,358.0
1602.9495,4.509,355.5
1669.1495,4.493,371.5
1672.525,4.49,372.5
1660.93,4.489,370.0
1591.492,4.52,352.1
1551.6459,4.533,342.3
1561.944,4.53,344.8
1585.047,4.53,349.9
1555.9454,4.531,343.4
1562.6336,4.532,344.8
1635.5903,4.507,362.9
1608.4544,4.508,356.8
1622.8812,4.503,360.4
1610.6403,4.523,356.1
1572.5242,4.537,346.6
1562.6702,4.519,345.8
1589.679,4.529,351.0
1579.0176,4.527,348.8
1589.1315,4.521,351.5
1606.7455,4.507,356.5
1618.1095,4.501,359.5
1631.4369,4.503,362.3
1626.6666,4.511,360.6
1563.54,4.532,345.0
1569.024,4.54,345.6
1594.5408,4.512,353.4
1600.5912,4.524,353.8
1583.3769,4.533,349.3
1553.4761,4.541,342.1
1588.1772,4.517,351.6
1631.534,4.507,362.0
1600.6644,4.514,354.6
1608.4754,4.522,355.7
1572.9228,4.516,348.3
1570.148,4.538,346.0
1545.3022,4.537,340.6
1560.2743,4.537,343.9
1584.8,4.528,350.0
1558.803,4.538,343.5
1593.1272,4.508,353.4
1628.0178,4.506,361.3
1612.1173,4.517,356.9
1590.8325,4.513,352.5
1600.2374,4.523,353.8
1580.2332,4.524,349.3
1570.9694,4.543,345.8
1522.575,4.545,335.0
1574.4563,4.523,348.1
1594.2576,4.524,352.4
1590.9868,4.516,352.3
1609.3358,4.513,356.6
1642.6088,4.504,364.7
1622.0706,4.502,360.3
1552.7085,4.515,343.9
1603.3221,4.533,353.7
1605.7622,4.522,355.1
1594.8621,4.527,352.3
1615.1092,4.514,357.8
1617.1212,4.497,359.6
1637.3063,4.487,364.9
1645.0533,4.491,366.3
1620.0888,4.504,359.7
1610.784,4.512,357.0
1602.4989,4.523,354.3
1608.1197,4.521,355.7
1614.0675,4.525,356.7
1589.1264,4.512,352.2
1597.9896,4.509,354.4
1635.1952,4.496,363.7
1631.8576,4.493,363.2
1638.6417,4.503,363.9
1591.9896,4.533,351.2
1605.2741,4.513,355.7
1543.6904,4.519,341.6
1580.7248,4.528,349.1
1587.0225,4.515,351.5
1581.8048,4.504,351.2
1624.68,4.513,360.0
1619.8892,4.516,358.7
1637.05,4.516,362.5
1579.9868,4.522,349.4
1563.54,4.532,345.0
1593.152,4.526,352.0
1569.5862,4.522,347.1
1595.3984,4.544,351.1
1577.0456,4.511,349.6
1642.7152,4.508,364.4
1623.039,4.521,359.0
1634.589,4.503,363.0
1571.568,4.516,348.0
1567.879,4.538,345.5
1575.5685,4.521,348.5
1563.2586,4.547,343.8
1577.48,4.52,349.0
1572.1216,4.528,347.2
1593.4512,4.532,351.6
1614.7809,4.527,356.7
1625.3133,4.511,360.3
1604.4384,4.517,355.2
1551.318,4.54,341.7
1548.6867,4.527,342.1
1602.3156,4.534,353.4
1559.7326,4.546,343.1
1606.2395,4.531,354.5
1581.035,4.525,349.4
1614.544,4.52,357.2
1617.235,4.525,357.4
1611.6237,4.503,357.9
1605.916,4.511,356.0
1562.0891,4.537,344.3
1558.582,4.54,343.3
1556.8516,4.531,343.6
1541.559,4.53,340.3
1587.1464,4.536,349.9
1595.466,4.53,352.2
1597.602,4.513,354.0
1603.696,4.52,354.8
1608.243,4.515,356.2
1630.35,4.5,362.3
1611.5706,4.518,356.7
1588.576,4.513,352.0
1598.6256,4.521,353.6
1615.3015,4.531,356.5
1561.1812,4.516,345.7
1636.477,4.502,363.5
1659.1762,4.477,370.6
1657.5543,4.503,368.1
1582.2036,4.518,350.2
1612.8693,4.509,357.7
1577.311,4.526,348.5
1559.1171,4.531,344.1
1605.3696,4.512,355.8
1658.7648,4.488,369.6
1646.6845,4.493,366.5
1662.04,4.492,370.0
1655.0016,4.512,366.8
1602.7583,4.511,355.3
1599.176,4.52,353.8
1593.752,4.52,352.6
1576.8847,4.517,349.1
1601.496,4.524,354.0
1584.562,4.508,351.5
1638.3424,4.496,364.4
1623.502,4.516,359.5
1610.1197,4.519,356.3
1570.098,4.53,346.6
1584.7572,4.524,350.3
1586.8156,4.526,350.6
1575.38,4.54,347.0
1579.0176,4.527,348.8
1623.6858,4.514,359.7
1623.7692,4.518,359.4
1602.6374,4.498,356.3
1613.04,4.512,357.5
1553.0058,4.533,342.6
1584.9438,4.531,349.8
1595.5667,4.529,352.3
1604.5826,4.534,353.9
1569.828,4.524,347.0
1552.6512,4.528,342.9
1557.632,4.528,344.0
1603.576,4.535,353.6
1581.4017,4.517,350.1
1582.904,4.52,350.2
1581.7056,4.514,350.4
1576.742,4.54,347.3
1647.4175,4.495,366.5
1564.7695,4.529,345.5
1556.688,4.52,344.4
1571.216,4.528,347.0
1598.9876,4.508,354.7
1607.5528,4.508,356.6
1656.1198,4.493,368.6
1597.6992,4.512,354.1
1640.548,4.507,364.0
1621.3075,4.525,358.3
1588.9716,4.509,352.4
1594.6609,4.529,352.1
1634.3404,4.516,361.9
1584.0117,4.509,351.3
1559.2684,4.517,345.2
1577.3364,4.517,349.2
1597.6226,4.522,353.3
1613.7792,4.528,356.4
1611.9012,4.524,356.3
1557.3966,4.526,344.1
1579.2,4.512,350.0
1595.8665,4.535,351.9
1583.5176,4.536,349.1
1603.0107,4.527,354.1
1587.1207,4.523,350.9
1579.6775,4.525,349.1
1601.019,4.515,354.6
1584.2025,4.525,350.1
1610.521,4.51,357.1
1573.2409,4.543,346.3
1560.4107,4.519,345.3
1554.8384,4.541,342.4
1563.54,4.532,345.0
1595.5146,4.534,351.9
1589.8345,4.523,351.5
1577.6224,4.523,348.8
1587.971,4.51,352.1
1598.374,4.505,354.8
1605.204,4.509,356.0
1616.1826,4.517,357.8
1624.139,4.499,361.0
1608.528,4.512,356.5
1590.7336,4.514,352.4
1596.8576,4.516,353.6
1585.4169,4.513,351.3
1618.6275,4.515,358.5
1585.3554,4.527,350.2
1617.235,4.525,357.4
1627.9092,4.527,359.6
1570.175,4.525,347.0
1547.6604,4.524,342.1
1574.1252,4.539,346.8
1574.7333,4.529,347.7
1560.304,4.52,345.2
1561.7272,4.532,344.6
1605.109,4.51,355.9
1582.6554,4.518,350.3
1565.304,4.524,346.0
1560.4898,4.514,345.7
1553.4835,4.549,341.5
1589.5884,4.556,348.9
1548.4753,4.553,340.1
1577.5056,4.554,346.4
1590.05,4.543,350.0
1565.1368,4.534,345.2
1579.0535,4.531,348.5
1555.912,4.523,344.0
1604.565,4.525,354.6
1614.4074,4.507,358.2
1621.5276,4.508,359.7
1571.7492,4.501,349.2
1603.3056,4.524,354.4
1613.3264,4.528,356.3
1614.2814,4.518,357.3
1624.68,4.513,360.0
1612.074,4.503,358.0
1603.78,4.505,356.0
1615.654,4.513,358.0
1610.3105,4.517,356.5
1571.8798,4.526,347.3
1558.6258,4.523,344.6
1584.2835,4.533,349.5
1584.4248,4.536,349.3
1570.7912,4.532,346.6
1610.1197,4.519,356.3
1590.6384,4.524,351.6
1597.4665,4.519,353.5
1582.904,4.52,350.2
1604.8215,4.527,354.5
1578.527,4.523,349.0
1606.5517,4.537,354.1
1572.9779,4.537,346.7
1546.2006,4.529,341.4
1593.3944,4.537,351.2
1566.3906,4.518,346.7
1543.0072,4.517,341.6
1564.8113,4.537,344.9
1583.559,4.518,350.5
1573.4952,4.506,349.2
1583.1072,4.518,350.4
1624.502,4.51,360.2
1583.01,4.51,351.0
1602.4989,4.523,354.3
1611.0235,4.519,356.5
1611.832,4.52,356.6
1590.9399,4.521,351.9
1570.0338,4.509,348.2
1622.25,4.5,360.5
1616.1984,4.512,358.2
1599.2741,4.519,353.9
1610.8034,4.526,355.9
1553.79,4.53,343.0
1593.2476,4.534,351.4
1612.4498,4.537,355.4
1592.4976,4.528,351.7
1588.5072,4.536,350.2
1561.4005,4.535,344.3
1600.434,4.521,354.0
1593.6525,4.521,352.5
1582.5538,4.519,350.2
1611.0887,4.537,355.1
1556.3985,4.531,343.5
1566.8198,4.531,345.8
1573.3488,4.542,346.4
1580.3084,4.532,348.7
1589.7648,4.537,350.4
1561.9226,4.526,345.1
1573.48,4.528,347.5
1570.0727,4.513,347.9
1573.6902,4.526,347.7
1582.2896,4.526,349.6
1610.8034,4.526,355.9
1574.8715,4.519,348.5
1586.3176,4.522,350.8
1605.2742,4.527,354.6
1637.3248,4.528,361.6
1617.1008,4.512,358.4
1602.9495,4.509,355.5
1634.2382,4.507,362.6
1624.2324,4.508,360.3
1593.3022,4.529,351.8
1602.1799,4.517,354.7
1547.0862,4.521,342.2
1547.5242,4.517,342.6
1572.4038,4.521,347.8
1555.9992,4.518,344.4
1599.135,4.525,353.4
1606.8892,4.529,354.8
1606.1796,4.527,354.8
1597.678,4.526,353.0
1569.1323,4.539,345.7
1577.7636,4.526,348.6
1576.6828,4.532,347.9
1564.575,4.535,345.0
1577.5829,4.519,349.1
1567.0581,4.533,345.7
1559.0232,4.536,343.7
1601.5089,4.533,353.3
1635.9625,4.513,362.5
1575.037,4.513,349.0
1596.619,4.523,353.0
1573.9335,4.545,346.3
1580.268,4.541,348.0
1588.3,4.538,350.0
1591.5192,4.506,353.2
1609.8012,4.527,355.6
1562.2442,4.523,345.4
1622.9596,4.492,361.3
1609.4071,4.517,356.3
1623.6822,4.494,361.3
1607.8345,4.505,356.9
1607.2693,4.511,356.3
1598.8222,4.519,353.8
1584.4069,4.523,350.3
1599.4384,4.508,354.8
1576.8195,4.535,347.7
1577.7512,4.504,350.3
1579.4928,4.518,349.6
1604.4056,4.522,354.8
1578.6004,4.531,348.4
1597.8768,4.524,353.2
1569.8576,4.528,346.7
1587.1207,4.523,350.9
1580.3424,4.536,348.4
1588.8752,4.528,350.9
1547.196,4.52,342.3
1564.5933,4.539,344.7
1577.65,4.54,347.5
1588.1734,4.526,350.9
1573.269,4.53,347.3
1582.1454,4.523,349.8
1567.7495,4.535,345.7
1555.368,4.528,343.5
1588.8574,4.537,350.2
1612.7438,4.534,355.7
1563.7076,4.522,345.8
1608.052,4.517,356.0
1581.5032,4.516,350.2
1614.4226,4.487,359.8
1606.4724,4.524,355.1
1594.9304,4.508,353.8
1611.0657,4.509,357.3
1577.643,4.514,349.5
1604.148,4.52,354.9
1586.3195,4.513,351.5
1606.2144,4.522,355.2
1587.8674,4.529,350.6
1604.565,4.525,354.6
1603.9867,4.517,355.1
1591.6932,4.527,351.6
1611.4035,4.515,356.9
1559.745,4.521,345.0
1551.2796,4.524,342.9
1576.366,4.535,347.6
1569.9636,4.527,346.8
1579.572,4.539,348.0
1573.1915,4.535,346.9
1611.774,4.53,355.8
1563.5445,4.515,346.3
1603.0678,4.531,353.8
1565.487,4.518,346.5
1552.2936,4.523,343.2
1567.4038,4.534,345.7
1565.5902,4.534,345.3
1567.8064,4.526,346.4
1546.2063,4.533,341.1
1565.2224,4.529,345.6
1564.2486,4.538,344.7
1599.7932,4.509,354.8
1628.2848,4.503,361.6
1637.3774,4.502,363.7
1619.703,4.518,358.5
1596.1667,4.523,352.9
1621.6956,4.516,359.1
1615.859,4.501,359.0
1611.2844,4.521,356.4
1628.4642,4.521,360.2
1656.1636,4.498,368.2
1601.3371,4.507,355.3
1610.667,4.518,356.5
1603.696,4.52,354.8
1591.9435,4.529,351.5
1591.9896,4.533,351.2
1568.0952,4.536,345.7
1587.5168,4.528,350.6
1598.7891,4.533,352.7
1559.4432,4.528,344.4
1619.968,4.52,358.4
1596.7336,4.508,354.2
1579.087,4.535,348.2
1583.2975,4.525,349.9
1551.877,4.535,342.2
1548.1232,4.528,341.9
1562.2272,4.544,343.8
1577.346,4.53,348.2
1590.381,4.531,351.0
1565.4605,4.531,345.5
1554.5718,4.527,343.4
1600.3008,4.536,352.8
1619.592,4.524,358.0
1608.999,4.507,357.0
1607.6016,4.488,358.2
1598.1306,4.526,353.1
1603.8242,4.514,355.3
1613.3778,4.518,357.1
1594.0896,4.512,353.3
1628.3722,4.522,360.1
1618.876,4.522,358.0
1645.0026,4.497,365.8
1598.0448,4.499,355.2
1621.788,4.515,359.2
1600.4514,4.539,352.6
1600.0988,4.538,352.6
1613.748,4.533,356.0
1578.527,4.523,349.0
1552.62,4.52,343.5
1578.527,4.523,349.0
1581.7518,4.518,350.1
1588.8804,4.519,351.6
1576.6791,4.519,348.9
1591.895,4.525,351.8
1575.459,4.535,347.4
1550.286,4.533,342.0
1562.5428,4.537,344.4
1611.0624,4.528,355.8
1553.307,4.522,343.5
1558.7544,4.526,344.4
1586.5206,4.542,349.3
1591.4129,4.543,350.3
1571.916,4.517,348.0
1610.868,4.53,355.6
1599.3891,4.527,353.3
1620.6996,4.517,358.8
1574.0712,4.518,348.4
1564.4148,4.511,346.8
1586.3704,4.517,351.2
1619.045,4.525,357.8
1610.8323,4.521,356.3
1600.599,4.51,354.9
1623.2416,4.504,360.4
1636.679,4.51,362.9
1604.7933,4.499,356.7
1596.266,4.522,353.0
1602.4592,4.528,353.9
1603.7754,4.533,353.8
1579.7808,4.524,349.2
1561.7072,4.528,344.9
1588.3203,4.529,350.7
1594.0058,4.531,351.8
1593.4032,4.528,351.9
1575.22,4.52,348.5
1604.3081,4.523,354.7
1569.2736,4.512,347.8
1585.7856,4.536,349.6
1604.9904,4.539,353.6
1609.018,4.535,354.8
1550.5938,4.522,342.9
1546.6596,4.533,341.2
1559.3669,4.537,343.7
1546.7648,4.528,341.6
1578.4956,4.532,348.3
1590.4364,4.526,351.4
1605.4071,4.521,355.1
1609.8982,4.526,355.7
1635.2375,4.511,362.5
1594.2576,4.524,352.4
1605.744,4.536,354.0
1622.8748,4.513,359.6
1590.2336,4.528,351.2
1584.5143,4.513,351.1
1638.018,4.505,363.6
1611.2139,4.517,356.7
1614.7656,4.508,358.2
1608.668,4.52,355.9
1598.94,4.536,352.5
1573.0848,4.536,346.8
1557.465,4.55,342.3
1570.3104,4.528,346.8
1584.8592,4.523,350.4
1587.7176,4.508,352.2
1588.4766,4.514,351.9
1572.604,4.532,347.0
1563.1488,4.523,345.6
1580.621,4.529,349.0
1577.6595,4.527,348.5
1561.7728,4.544,343.7
1578.2854,4.534,348.1
1609.4715,4.535,354.9
1561.208,4.52,345.4
1550.3872,4.528,342.4
1575.7764,4.532,347.7
1596.7244,4.531,352.4
1576.7136,4.536,347.6
1584.111,4.539,349.0
1556.742,4.532,343.5
1559.2426,4.534,343.9
1596.5728,4.528,352.6
1609.6678,4.519,356.2
1635.691,4.531,361.0
1632.62,4.51,362.0
1635.6952,4.516,362.2
1631.0887,4.517,361.1
1613.5668,4.516,357.3
1571.8798,4.526,347.3
1606.73,4.526,355.0
1611.716,4.502,358.0
1579.9446,4.518,349.7
1546.1538,4.513,342.6
1585.9104,4.526,350.4
1622.814,4.533,358.0
1610.868,4.53,355.6
1621.5714,4.527,358.2
1608.8598,4.518,356.1
1588.7275,4.525,351.1
1602.9512,4.523,354.4
1637.4638,4.501,363.8
1577.131,4.519,349.0
1577.3786,4.534,347.9
1563.8139,4.521,345.9
1588.626,4.526,351.0
1579.1214,4.526,348.9
1569.481,4.523,347.0
1602.3156,4.534,353.4
1631.5376,4.522,360.8
1579.611,4.53,348.7
1549.2732,4.538,341.4
1585.7856,4.536,349.6
1565.0074,4.531,345.4
1570.7302,4.511,348.2
1634.7864,4.511,362.4
1649.5824,4.496,366.9
1608.8311,4.523,355.7
1595.9675,4.525,352.7
1594.992,4.512,353.5
1606.4724,4.524,355.1
1595.108,4.52,352.9
1600.4357,4.507,355.1
1610.7084,4.508,357.3
1624.8636,4.506,360.6
1586.4708,4.516,351.3
1578.6688,4.526,348.8
1557.632,4.528,344.0
1591.0377,4.529,351.3
1589.8824,4.527,351.2
1575.8487,4.527,348.1
1588.0128,4.532,350.4
1582.9099,4.511,350.9
1592.9906,4.514,352.9
1609.7634,4.518,356.3
1591.434,4.534,351.0
1563.3564,4.542,344.2
1581.035,4.525,349.4
1581.9126,4.534,348.9
1556.055,4.53,343.5
1566.3906,4.518,346.7
1555.2836,4.537,342.8
1540.8784,4.528,340.3
1593.795,4.515,353.0
1576.8195,4.535,347.7
1595.913,4.521,353.0
1612.6636,4.516,357.1
1618.3072,4.528,357.4
1601.0015,4.529,353.5
1590.4878,4.521,351.8
1596.0252,4.506,354.2
1616.804,4.52,357.7
1599.3704,4.504,355.1
1598.5892,4.498,355.4
1656.974,4.51,367.4
1597.2254,4.526,352.9
1584.765,4.515,351.0
1577.4507,4.529,348.3
1587.37,4.525,350.8
1561.944,4.53,344.8
1584.814,4.51,351.4
1600.3098,4.513,354.6
1599.234,4.524,353.5
1607.7325,4.525,355.3
1560.6182,4.538,343.9
1558.9232,4.516,345.2
1573.9636,4.532,347.3
1581.7338,4.527,349.4
1547.7955,4.535,341.3
1556.8655,4.535,343.3
1565.9136,4.531,345.6
1582.308,4.508,351.0
1588.1155,4.531,350.5
1591.4906,4.529,351.4
1581.138,4.524,349.5
1568.0464,4.528,346.3
1554.5718,4.527,343.4
1564.662,4.53,345.4
1583.7612,4.516,350.7
1584.7602,4.506,351.7
1626.2116,4.516,360.1
1612.8693,4.509,357.7
1604.3022,4.509,355.8
1594.6362,4.497,354.6
1624.1372,4.514,359.8
1607.4742,4.523,355.4
1577.1916,4.514,349.4
1593.0513,4.527,351.9
1597.5236,4.523,353.2
1565.7824,4.528,345.8
1598.527,4.522,353.5
1600.2374,4.523,353.8
1615.8775,4.525,357.1
1573.3744,4.516,348.4
1568.9232,4.524,346.8
1548.6958,4.531,341.8
1583.1685,4.535,349.1
1547.5662,4.533,341.4
1568.3927,4.529,346.3
1577.2068,4.527,348.4
1588.873,4.51,352.3
1600.1952,4.528,353.4
1610.5124,4.529,355.6
1574.4168,4.532,347.4
1546.8912,4.539,340.8
1565.955,4.539,345.0
1575.6391,4.529,347.9
1535.196,4.542,338.0
1576.6828,4.532,347.9
1587.7035,4.535,350.1
1622.8748,4.513,359.6
1637.3931,4.507,363.3
1608.4332,4.513,356.4
1588.275,4.525,351.0
1617.6138,4.521,357.8
1592.1432,4.518,352.4
1611.7365,4.521,356.5
1633.525,4.525,361.0
1595.638,4.51,353.8
1610.6496,4.494,358.4
1621.8846,4.494,360.9
1578.32,4.525,348.8
1589.5312,4.526,351.2
1544.7042,4.518,341.9
1558.7544,4.526,344.4
1564.4464,4.532,345.2
1556.2736,4.528,343.7
1591.5363,4.533,351.1
1623.4762,4.526,358.7
1591.6914,4.518,352.3
1607.8296,4.524,355.4
1600.4925,4.525,353.7
1594.6078,4.534,351.7
1577.1701,4.523,348.7
1564.6834,4.534,345.1
1598.432,4.541,352.0
1576.4718,4.534,347.7
1551.6459,4.533,342.3
1569.3246,4.533,346.2
1559.2568,4.538,343.6
1610.1216,4.533,355.2
1586.2196,4.514,351.4
1573.449,4.502,349.5
1589.9772,4.494,353.8
1600.984,4.52,354.2
1610.1197,4.519,356.3
1607.764,4.52,355.7
1637.7783,4.523,362.1
1583.8524,4.524,350.1
1577.1701,4.523,348.7
1640.5632,4.512,363.6
1617.256,4.52,357.8
1611.461,4.49,358.9
1577.5188,4.524,348.7
1566.7947,4.527,346.1
1580.9937,4.521,349.7
1581.138,4.524,349.5
1567.7893,4.543,345.1
1580.2332,4.524,349.3
1575.2568,4.524,348.2
1594.4572,4.522,352.6
1599.5672,4.516,354.2
1574.523,4.518,348.5
1575.3234,4.519,348.6
1624.6997,4.537,358.1
1548.5364,4.516,342.9
1591.083,4.533,351.0
1570.148,4.538,346.0
1552.884,4.53,342.8
1552.1188,4.549,341.2
1573.5158,4.519,348.2
1581.4875,4.525,349.5
1548.2094,4.519,342.6
1602.5968,4.522,354.4
1573.641,4.509,349.0
1592.481,4.51,353.1
1617.1796,4.516,358.1
1614.7514,4.513,357.8
1567.5036,4.516,347.1
1612.3792,4.519,356.8
1590.3243,4.509,352.7
1614.064,4.496,359.0
1626.8384,4.499,361.6
1617.0079,4.513,358.3
1616.9148,4.514,358.2
1589.5175,4.535,350.5
1602.1152,4.536,353.2
1569.796,4.52,347.3
1594.1544,4.534,351.6
1617.1398,4.526,357.3
1596.825,4.53,352.5
1572.202,4.54,346.3
1590.5786,4.511,352.6
1605.7935,4.517,355.5
1577.9712,4.524,348.8
1595.4044,4.517,353.2
1551.6225,4.525,342.9
1561.7919,4.523,345.3
1559.5702,4.531,344.2
1563.0656,4.528,345.2
1584.1796,4.534,349.4
1556.7552,4.536,343.2
1571.031,4.534,346.5
1596.5728,4.528,352.6
1572.5744,4.528,347.3
1589.6325,4.525,351.3
1587.9255,4.515,351.7
1599.4384,4.508,354.8
1602.3072,4.511,355.2
1612.806,4.524,356.5
1625.8515,4.515,360.1
1613.9241,4.517,357.3
1617.4808,4.498,359.6
1672.6272,4.506,371.2
1628.2872,4.518,360.4
1605.6007,4.519,355.3
1618.14,4.525,357.6
1565.7564,4.524,346.1
1588.6105,4.535,350.3
1576.5449,4.529,348.1
1605.9855,4.515,355.7
1567.9552,4.516,347.2
1584.414,4.514,351.0
1573.2376,4.526,347.6
1558.5376,4.528,344.2
1559.745,4.521,345.0
1572.6798,4.527,347.4
1573.48,4.528,347.5
1550.5165,4.535,341.9
1563.54,4.532,345.0
1563.9932,4.532,345.1
1570.6895,4.507,348.5
1596.2094,4.518,353.3
1569.9692,4.514,347.8
1592.4429,4.533,351.3
1616.853,4.529,357.0
1603.0224,4.536,353.4
1573.864,4.52,348.2
1586.343,4.535,349.8
1584.8133,4.519,350.7
1613.5847,4.511,357.7
1594.4429,4.513,353.3
1601.077,4.505,355.4
1612.628,4.492,359.0
1644.5529,4.497,365.7
1623.0612,4.506,360.2
1604.8578,4.522,354.9
1589.775,4.51,352.5
1605.6007,4.519,355.3
1603.62,4.53,354.0
1601.561,4.537,353.0
1622.2652,4.534,357.8
1620.4516,4.534,357.4
1605.744,4.536,354.0
1597.9779,4.541,351.9
1589.6204,4.534,350.6
1580.0266,4.526,349.1
1553.3574,4.538,342.3
1556.8516,4.531,343.6
1577.9373,4.533,348.1
1565.4366,4.527,345.8
1604.8368,4.536,353.8
1590.889,4.526,351.5
1593.1272,4.508,353.4
1602.9221,4.537,353.3
1587.6624,4.531,350.4
1544.6217,4.539,340.3
1570.3148,4.549,345.2
1561.6185,4.533,344.5
1573.4565,4.541,346.5
1585.7638,4.523,350.6
1610.1568,4.528,355.6
1626.2154,4.506,360.9
1631.3544,4.524,360.6
1633.7986,4.522,361.3
1598.0748,4.522,353.4
1602.3602,4.529,353.8
1616.5566,4.513,358.2
1615.0906,4.519,357.4
1608.0768,4.512,356.4
1597.407,4.515,353.8
1582.6065,4.505,351.3
1598.4405,4.509,354.5
1597.7214,4.521,353.4
1601.355,4.53,353.5
1583.1948,4.526,349.8
1573.5517,4.523,347.9
1589.3794,4.514,352.1
1575.8064,4.536,347.4
1581.3545,4.535,348.7
1599.135,4.525,353.4
1616.4463,4.519,357.7
1576.4727,4.521,348.7
1601.5089,4.533,353.3
1628.4642,4.521,360.2
1591.6914,4.518,352.3
1574.3109,4.533,347.3
1555.7373,4.537,342.9
1594.1544,4.534,351.6
1558.32,4.53,344.0
1588.8752,4.528,350.9
1584.9438,4.531,349.8
1599.1912,4.538,352.4
1586.661,4.505,352.2
1605.534,4.515,355.6
1590.4357,4.517,352.1
1599.2741,4.519,353.9
1599.6006,4.511,354.6
1578.5,4.51,350.0
1627.652,4.52,360.1
1603.8242,4.514,355.3
1583.808,4.52,350.4
1621.4352,4.494,360.8
1595.7672,4.504,354.3
1617.1008,4.512,358.4
1586.6684,4.523,350.8
1572.816,4.53,347.2
1592.487,4.537,351.0
1577.829,4.521,349.0
1583.1522,4.522,350.1
1583.8667,4.537,349.1
1578.705,4.53,348.5
1574.1936,4.508,349.2
1576.5486,4.507,349.8
1587.0728,4.519,351.2
1594.0572,4.526,352.2
1597.024,4.537,352.0
1588.466,4.532,350.5
1562.4825,4.525,345.3
1539.1749,4.539,339.1
1558.3358,4.534,343.7
1568.4409,4.537,345.7
1566.3667,4.531,345.7
1585.3969,4.531,349.9
1607.6352,4.526,355.2
1630.7214,4.506,361.9
1603.18,4.516,355.0
1584.1632,4.512,351.1
1614.4869,4.511,357.9
1572.508,4.52,347.9
1594.8621,4.527,352.3
1597.145,4.499,355.0
1595.3168,4.504,354.2
1598.5046,4.513,354.2
1645.8465,4.503,365.5
1595.1627,4.533,351.9
1582.9476,4.524,349.9
1578.705,4.53,348.5
1591.7403,4.531,351.3
1584.3048,4.524,350.2
1564.0259,4.519,346.1
1575.2412,4.511,349.2
1596.1667,4.523,352.9
1596.0672,4.524,352.8
1580.0466,4.517,349.8
1572.8194,4.517,348.2
1579.225,4.525,349.0
1596.4214,4.534,352.1
1552.9036,4.538,342.2
1560.1122,4.526,344.7
1570.0694,4.526,346.9
1546.8885,4.535,341.1
1566.8628,4.539,345.2
1628.7069,4.533,359.3
1571.2902,4.523,347.4
1584.765,4.515,351.0
1579.5949,4.517,349.7
1606.483,4.505,356.6
1605.7622,4.522,355.1
1634.3404,4.516,361.9
1593.2852,4.511,353.2
1610.3328,4.512,356.9
1604.727,4.514,355.5
1611.7296,4.492,358.8
1607.2434,4.487,358.2
1623.5107,4.501,360.7
1605.582,4.505,356.4
1592.848,4.52,352.4
1601.3085,4.535,353.1
1566.8198,4.531,345.8
1584.8,4.528,350.0
1582.845,4.525,349.8
1596.6236,4.532,352.3
1567.726,4.531,346.0
1601.1158,4.514,354.7
1610.5716,4.519,356.4
1580.064,4.53,348.8
1619.3282,4.522,358.1
1543.4694,4.521,341.4
1553.0304,4.512,344.2
1571.395,4.522,347.5
1562.397,4.53,344.9
1553.5696,4.532,342.8
1569.3769,4.511,347.9
1583.5608,4.509,351.2
1605.6972,4.518,355.4
1605.6288,4.528,354.6
1578.705,4.53,348.5
1570.6845,4.533,346.5
1604.016,4.512,355.5
1618.4637,4.507,359.1
1598.795,4.51,354.5
1590.2868,4.523,351.6
1602.3077,4.487,357.1
1613.8856,4.493,359.2
1616.5688,4.508,358.6
1597.602,4.513,354.0
1592.932,4.51,353.2
1571.3865,4.509,348.5
1569.542,4.505,348.4
1566.4956,4.517,346.8
1568.6496,4.518,347.2
1605.432,4.53,354.4
1572.816,4.53,347.2
1592.0916,4.532,351.3
1613.553,4.535,355.8
1587.1064,4.532,350.2
1558.5548,4.532,343.9
1567.9647,4.533,345.9
1577.9712,4.524,348.8
1561.5992,4.529,344.8
1602.669,4.535,353.4
1597.376,4.538,352.0
1582.3925,4.525,349.7
1587.8225,4.525,350.9
1563.9468,4.524,345.7
1569.6912,4.521,347.2
1559.7876,4.529,344.4
1591.1392,4.528,351.4
1560.5422,4.522,345.1
1573.7228,4.517,348.4
1596.54,4.51,354.0
1599.726,4.519,354.0
1608.4848,4.498,357.6
1632.3468,4.508,362.1
1641.0114,4.491,365.4
1570.9753,4.513,348.1
1593.45,4.5,354.1
1598.8588,4.514,354.2
1588.4766,4.514,351.9
1600.0806,4.506,355.1
1649.3922,4.509,365.8
1581.138,4.524,349.5
1565.5922,4.517,346.6
1590.7391,4.523,351.7
1605.1488,4.519,355.2
1543.0072,4.517,341.6
1552.8996,4.509,344.4
1572.4038,4.521,347.8
1567.8828,4.521,346.8
1576.549,4.498,350.5
1592.2608,4.503,353.6
1580.9556,4.508,350.7
1595.2476,4.514,353.4
1573.5517,4.523,347.9
1564.0785,4.527,345.5
1574.523,4.518,348.5
1580.7015,4.515,350.1
1543.6999,4.523,341.3
1562.85,4.53,345.0
1558.578,4.515,345.2
1597.0256,4.528,352.7
1553.6402,4.502,345.1
1610.3328,4.512,356.9
1620.1794,4.503,359.8
1636.544,4.496,364.0
1613.661,4.515,357.4
1611.9675,4.509,357.5
1606.4069,4.501,356.9
1603.6124,4.502,356.2
1630.8875,4.499,362.5
1617.301,4.495,359.8
1631.4246,4.498,362.7
1598.44,4.49,356.0
1602.2768,4.516,354.8
1587.6252,4.518,351.4
1586.55,4.533,350.0
1582.2578,4.513,350.6
1548.0025,4.525,342.1
1560.4107,4.519,345.3
1576.0416,4.512,349.3
1574.047,4.505,349.4
1592.1279,4.509,353.1
1587.9528,4.501,352.8
1553.5629,4.507,344.7
1586.2196,4.514,351.4
1600.149,4.533,353.0
1562.7204,4.527,345.2
1542.684,4.524,341.0
1577.7258,4.522,348.9
1543.0173,4.521,341.3
1580.9937,4.521,349.7
1570.317,4.515,347.8
1565.7681,4.511,347.1
1575.2412,4.511,349.2
1584.704,4.502,352.0
1631.172,4.506,362.0
1587.069,4.51,351.9
1590.1674,4.506,352.9
1598.7288,4.506,354.8
1610.8156,4.502,357.8
1588.9716,4.509,352.4
1618.0122,4.487,360.6
1609.3844,4.498,357.8
1601.5275,4.505,355.5
1598.086,4.508,354.5
1590.085,4.525,351.4
1594.0572,4.526,352.2
1567.536,4.52,346.8
1578.7936,4.516,349.6
1576.8422,4.513,349.4
1582.7588,4.508,351.1
1599.372,4.518,354.0
1594.698,4.515,353.2
1578.7813,4.489,351.7
1581.9548,4.516,350.3
1577.6856,4.518,349.2
1554.966,4.515,344.4
1555.3824,4.532,343.2
1562.3752,4.526,345.2
1606.02,4.524,355.0
1557.2474,4.519,344.6
1547.616,4.512,343.0
1572.1508,4.532,346.9
1590.0836,4.516,352.1
1572.4712,4.516,348.2
1576.3909,4.513,349.3
1584.7428,4.497,352.4
1601.6637,4.513,354.9
1592.3416,4.516,352.6
1577.4967,4.511,349.7
1617.4776,4.503,359.2
1582.156,4.505,351.2
1641.77,4.498,365.0
1619.09,4.51,359.0
1619.1,4.5,359.8
1600.9818,4.506,355.3
1591.7351,4.513,352.7
1572.056,4.52,347.8
1563.3032,4.513,346.4
1567.4316,4.508,347.7
1576.5356,4.516,349.1
1576.9625,4.525,348.5
1602.356,4.501,356.0
1578.7488,4.512,349.9
1595.638,4.51,353.8
1604.245,4.519,355.0
1571.8122,4.518,347.9
1575.048,4.526,348.0
1577.832,4.534,348.0
1555.149,4.53,343.3
1590.5375,4.525,351.5
1574.7927,4.537,347.1
1561.963,4.534,344.5
1611.612,4.527,356.0
1591.2396,4.518,352.2
1592.03,4.51,353.0
1601.3382,4.521,354.2
1582.1019,4.519,350.1
1579.402,4.51,350.2
1565.65,4.525,346.0
1589.85,4.5,353.3
1584.1119,4.517,350.7
1585.836,4.495,352.8
1624.9535,4.505,360.7
1611.7248,4.497,358.4
1605.6298,4.514,355.7
1601.4324,4.506,355.4
1590.265,4.505,353.0
1584.859,4.505,351.8
1578.951,4.51,350.1
1559.587,4.514,345.5
1558.365,4.517,345.0
1580.8045,4.505,350.9
1616.7096,4.521,357.6
1608.3788,4.523,355.6
1578.4867,4.519,349.3
1566.8424,4.518,346.8
1554.1028,4.523,343.6
1573.5158,4.519,348.2
1592.2962,4.521,352.2
1570.4163,4.527,346.9
1592.5448,4.532,351.4
1566.4912,4.504,347.8
1582.0077,4.511,350.7
1561.7385,4.515,345.9
1585.2096,4.524,350.4
1587.312,4.53,350.4
1564.1598,4.522,345.9
1566.6048,4.533,345.6
1577.4507,4.529,348.3
1563.9637,4.511,346.7
1606.011,4.51,356.1
1630.7276,4.516,361.1
1636.325,4.514,362.5
1617.3864,4.504,359.1
1595.8904,4.498,354.8
1635.6074,4.522,361.7
1611.9494,4.514,357.1
1604.631,4.515,355.4
1618.4238,4.522,357.9
1599.8418,4.527,353.4
1550.6451,4.509,343.9
1562.3244,4.518,345.8
1575.735,4.515,349.0
1614.938,4.511,358.0
1599.9214,4.517,354.2
1590.4357,4.517,352.1
1560.5422,4.522,345.1
1573.0024,4.541,346.4
1573.929,4.515,348.6
1579.6374,4.521,349.4
1612.7769,4.529,356.1
1572.5242,4.537,346.6
1580.192,4.52,349.6
1566.9012,4.526,346.2
1598.0837,4.531,352.7
1604.6247,4.529,354.3
1598.7615,4.515,354.1
1569.27,4.525,346.8
1593.856,4.528,352.0
1576.8847,4.517,349.1
1545.388,4.52,341.9
1581.456,4.512,350.5
1621.6128,4.512,359.4
1599.8892,4.508,354.9
1623.57,4.485,362.0
1635.6448,4.496,363.8
1597.8044,4.492,355.7
1604.3972,4.508,355.9
1610.1921,4.499,357.9
1629.2832,4.512,361.1
1585.6434,4.533,349.8
1599.0836,4.507,354.8
1559.768,4.508,346.0
1577.3494,4.499,350.6
1577.1916,4.514,349.4
1576.944,4.512,349.5
1602.0466,4.523,354.2
1622.193,4.53,358.1
1616.1053,4.513,358.1
1573.2711,4.517,348.3
1563.7888,4.504,347.2
1586.1584,4.528,350.3
1570.2312,4.533,346.4
1588.977,4.527,351.0
1585.0656,4.512,351.3
1577.3008,4.504,350.2
1612.4742,4.518,356.9
1571.8374,4.509,348.6
1596.9254,4.529,352.6
1604.526,4.53,354.2
1597.8312,4.529,352.8
1563.166,4.51,346.6
1586.9,4.534,350.0
1573.1632,4.531,347.2
1587.0728,4.519,351.2
1613.9567,4.507,358.1
1611.889,4.505,357.8
1661.7216,4.496,369.6
1638.1914,4.503,363.8
1604.1795,4.515,355.3
1612.758,4.515,357.2
1587.6742,4.522,351.1
1606.9564,4.519,355.6
1602.5663,4.513,355.1
1585.6165,4.511,351.5
1621.9296,4.528,358.2
1628.1957,4.519,360.3
1601.7514,4.526,353.9
1586.55,4.533,350.0
1587.6252,4.518,351.4
1579.55,4.513,350.0
1584.4069,4.523,350.3
1576.788,4.531,348.0
1563.9637,4.511,346.7
1617.1935,4.511,358.5
1571.2902,4.523,347.4
1584.141,4.53,349.7
1591.9435,4.529,351.5
1631.4384,4.528,360.3
1599.941,4.526,353.5
1576.7178,4.523,348.6
1567.8064,4.526,346.4
1580.5825,4.525,349.3
1567.3252,4.522,346.6
1592.748,4.53,351.6
1626.3944,4.504,361.1
1634.1387,4.503,362.9
1633.3472,4.517,361.6
1614.0358,4.511,357.8
1595.0896,4.511,353.6
1612.569,4.517,357.0
1608.528,4.512,356.5
1622.0414,4.522,358.7
1642.1055,4.515,363.7
1628.055,4.485,363.0
1609.3014,4.494,358.1
1584.0117,4.509,351.3
1585.4132,4.522,350.6
1573.1632,4.531,347.2
1592.2468,4.526,351.8
1604.8215,4.527,354.5
1641.3096,4.529,362.4
1576.7541,4.527,348.3
1603.7189,4.529,354.1
1597.407,4.515,353.8
1617.1008,4.512,358.4
1595.0512,4.516,353.2
1621.6658,4.526,358.3
1582.7091,4.513,350.7
1574.4196,4.519,348.4
1582.7422,4.526,349.7
1566.7947,4.527,346.1
1601.436,4.52,354.3
1609.215,4.533,355.0
1580.7462,4.519,349.8
1580.2371,4.537,348.3
1594.3018,4.537,351.4
1618.188,4.51,358.8
1643.3382,4.506,364.7
1618.9056,4.512,358.8
1609.8982,4.526,355.7
1634.6086,4.513,362.2
1635.6074,4.522,361.7
1590.4878,4.521,351.8
1615.4089,4.501,358.9
1660.416,4.512,368.0
1628.7351,4.503,361.7
1640.721,4.505,364.2
1580.4983,4.517,349.9
1592.6994,4.526,351.9
1594.148,4.516,353.0
1576.782,4.518,349.0
1580.13,4.525,349.2
1579.572,4.539,348.0
1585.116,4.516,351.0
1617.6345,4.535,356.7
1609.476,4.521,356.0
1644.385,4.525,363.4
1596.9254,4.529,352.6
1582.715,4.535,349.0
1602.8688,4.533,353.6
1600.2492,4.532,353.1
1575.081,4.53,347.7
1594.7368,4.546,350.8
1584.8415,4.545,348.7
1603.3648,4.528,354.1
1600.984,4.52,354.2
1592.0916,4.532,351.3
1587.3216,4.512,351.8
1586.0133,4.507,351.9
1616.352,4.52,357.6
1650.165,4.521,365.0
1648.1812,4.523,364.4
1620.5134,4.519,358.6
1679.7386,4.513,372.2
1671.5342,4.514,370.3
1646.55,4.5,365.9
1647.1,4.525,364.0
1665.8209,4.523,368.3
1648.92,4.53,364.0
1598.637,4.53,352.9
1592.3475,4.525,351.9
1601.7903,4.521,354.3
1612.9974,4.522,356.7
1628.1755,4.529,359.5
1630.7178,4.526,360.3
1590.569,4.538,350.5
1583.1522,4.522,350.1
1623.7408,4.528,358.6
1626.7045,4.535,358.7
1602.8688,4.533,353.6
1578.6004,4.531,348.4
1593.0513,4.527,351.9
1591.3416,4.526,351.6
1619.2128,4.528,357.6
1639.3158,4.531,361.8
1592.838,4.538,351.0
1612.548,4.536,355.5
1618.4448,4.536,356.8
1608.111,4.535,354.6
1581.6304,4.528,349.3
1586.2698,4.518,351.1
1606.9248,4.524,355.2
1660.6616,4.498,369.2
1607.8868,4.514,356.2
1637.142,4.53,361.4
1630.902,4.524,360.5
1628.28,4.523,360.0
1626.6558,4.521,359.8
1616.8244,4.534,356.6
1653.0836,4.508,366.7
1710.5879,4.517,378.7
1639.4075,4.525,362.3
1584.3614,4.519,350.6
1587.8462,4.538,349.9
1594.7555,4.537,351.5
1585.047,4.53,349.9
1600.149,4.533,353.0
1640.2176,4.536,361.6
1610.5362,4.538,354.9
1637.5034,4.531,361.4
1633.886,4.526,361.0
1650.1796,4.526,364.6
1624.6734,4.542,357.7
1597.216,4.544,351.5
1584.45,4.527,350.0
1611.246,4.54,354.9
1614.8385,4.545,355.3
1618.8984,4.536,356.9
1609.1166,4.534,354.9
1602.3678,4.538,353.1
1635.691,4.531,361.0
1624.3814,4.526,358.9
1618.14,4.525,357.6
1637.326,4.523,362.0
1642.0328,4.526,362.8
1629.7288,4.522,360.4
1633.527,4.515,361.8
1647.6963,4.513,365.1
1633.6103,4.529,360.7
1680.1552,4.496,373.7
1638.934,4.51,363.4
1650.9408,4.512,365.9
1641.3072,4.524,362.8
1609.962,4.53,355.4
1619.5448,4.534,357.2
1634.5714,4.543,359.8
1623.6964,4.538,357.8
1624.9856,4.534,358.4
1600.6897,4.523,353.9
1608.3456,4.528,355.2
1625.0324,4.519,359.6
1621.5714,4.527,358.2
1619.0613,4.539,356.7
1633.68,4.538,360.0
1588.1961,4.539,349.9
1615.2337,4.541,355.7
1648.7458,4.537,363.4
1606.0816,4.528,354.7
1581.6931,4.523,349.7
1576.955,4.538,347.5
1639.662,4.542,361.0
1619.3206,4.541,356.6
1650.6433,4.531,364.3
1592.2468,4.526,351.8
1624.1936,4.528,358.7
1623.7206,4.533,358.2
1630.2652,4.526,360.2
1615.2696,4.536,356.1
1631.5052,4.537,359.6
1633.7024,4.528,360.8
1651.1355,4.515,365.7
1640.3742,4.509,363.8
1641.3781,4.513,363.7
1651.1725,4.525,364.9
1640.584,4.532,362.0
1599.443,4.531,353.0
1606.4551,4.547,353.3
1613.4173,4.541,355.3
1612.5174,4.527,356.2
1612.9035,4.537,355.5
1625.0578,4.538,358.1
1631.5376,4.522,360.8
1622.2652,4.534,357.8
1618.0828,4.516,358.3
1617.0122,4.546,355.7
1626.3458,4.534,358.7
1602.3602,4.529,353.8
1608.8294,4.546,353.9
1617.664,4.544,356.0
1595.2533,4.541,351.3
1597.5238,4.541,351.8
1618.0201,4.531,357.1
1603.8558,4.523,354.6
1601.7903,4.521,354.3
1609.9833,4.539,354.7
1619.0468,4.553,355.6
1607.514,4.541,354.0
1636.413,4.533,361.0
1632.9724,4.531,360.4
1625.364,4.53,358.8
1644.2096,4.532,362.8
1648.4336,4.499,366.4
1667.3784,4.526,368.4
1655.1743,4.531,365.3
1637.6856,4.519,362.4
1620.1184,4.528,357.8
1646.2915,4.529,363.5
1626.285,4.525,359.4
1626.1112,4.522,359.6
1607.6575,4.535,354.5
1599.4945,4.535,352.7
1621.1187,4.527,358.1
1634.0704,4.519,361.6
1662.5959,4.529,367.1
1597.7608,4.516,353.8
1600.902,4.53,353.4
1603.8812,4.541,353.2
1632.8942,4.522,361.1
1632.4895,4.541,359.5
1610.848,4.544,354.5
1619.1175,4.529,357.5
1616.103,4.546,355.5
1595.8182,4.531,352.2
1655.738,4.54,364.7
1612.9388,4.532,355.9
1600.3492,4.531,353.2
1622.691,4.515,359.4
1593.7456,4.538,351.2
1588.5686,4.531,350.6
1625.4732,4.524,359.3
1638.7728,4.522,362.4
1650.9244,4.538,363.8
1620.9736,4.538,357.2
1648.5312,4.519,364.8
1667.7588,4.516,369.3
1642.1225,4.525,362.9
1668.8258,4.514,369.7
1638.8625,4.521,362.5
1623.552,4.53,358.4
1635.0531,4.533,360.7
1599.3402,4.541,352.2
1606.5517,4.537,354.1
1651.4608,4.532,364.4
1602.755,4.525,354.2
1635.8672,4.534,360.8
1618.14,4.525,357.6
1623.3386,4.537,357.8
1660.732,4.54,365.8
1625.1276,4.542,357.8
1605.8435,4.535,354.1
1588.7732,4.529,350.8
1618.7688,4.542,356.4
1594.9595,4.535,351.7
1627.2919,4.519,360.1
1602.8532,4.524,354.3
1595.5608,4.538,351.6
1667.776,4.532,368.0
1616.4463,4.519,357.7
1596.5728,4.528,352.6
1629.3108,4.541,358.8
1592.7758,4.543,350.6
1631.72,4.52,361.0
1640.3125,4.525,362.5
1661.552,4.52,367.6
1657.2272,4.523,366.4
1649.9736,4.518,365.2
1659.312,4.509,368.0
1642.6565,4.519,363.5
1610.928,4.52,356.4
1615.7106,4.522,357.3
1631.411,4.538,359.5
1613.9424,4.512,357.7
1596.8748,4.534,352.2
1630.6254,4.527,360.2
1660.8201,4.539,365.9
1623.4344,4.536,357.9
1853.982,4.446,417.0
1657.4212,4.526,366.2
1612.608,4.54,355.2
1596.1615,4.541,351.5
1634.507,4.534,360.5
1643.379,4.546,361.5
1626.5717,4.517,360.1
1612.4498,4.537,355.4
1610.188,4.523,356.0
1590.3874,4.522,351.7
1622.8849,4.537,357.7
1629.3108,4.541,358.8
1586.2,4.532,350.0
1618.3146,4.542,356.3
1599.5436,4.539,352.4
1596.1006,4.546,351.1
1606.706,4.54,353.9
1619.2836,4.532,357.3
1650.0384,4.512,365.7
1648.4904,4.509,365.6
1659.5466,4.538,365.7
1644.7272,4.516,364.2
1625.8698,4.539,358.2
1662.9375,4.525,367.5
1636.236,4.53,361.2
1621.4016,4.524,358.4
1624.4052,4.516,359.7
1666.6902,4.518,368.9
1639.6772,4.522,362.6
1607.4138,4.542,353.9
1576.5774,4.533,347.8
1610.8034,4.526,355.9
1603.3221,4.533,353.7
1602.558,4.527,354.0
1619.5152,4.539,356.8
1622.1105,4.545,356.9
1637.3196,4.533,361.2
1651.4608,4.532,364.4
1665.1847,4.541,366.7
1628.065,4.535,359.0
1625.0978,4.547,357.4
1636.9496,4.537,360.8
1611.657,4.545,354.6
1596.4684,4.538,351.8
1594.506,4.535,351.6
1601.8131,4.539,352.9
1588.0716,4.527,350.8
1581.1104,4.533,348.8
1603.7754,4.533,353.8
1628.1755,4.529,359.5
1652.3793,4.511,366.3
1658.6424,4.517,367.2
1615.2584,4.522,357.2
1630.5462,4.518,360.9
1633.3416,4.527,360.8
1623.7774,4.513,359.8
1598.9202,4.518,353.9
1621.5276,4.508,359.7
1632.7,4.504,362.5
1666.8145,4.511,369.5
1603.9534,4.522,354.7
1606.6926,4.531,354.6
1604.9365,4.535,353.9
1599.6924,4.542,352.2
1591.4129,4.543,350.3
1598.432,4.541,352.0
1619.475,4.53,357.5
1630.347,4.53,359.9
1594.4094,4.527,352.2
1620.9653,4.519,358.7
1641.1282,4.531,362.2
1592.3475,4.525,351.9
1611.739,4.535,355.4
1593.7456,4.538,351.2
1601.0064,4.538,352.8
1588.8959,4.541,349.9
1603.074,4.54,353.1
1585.2528,4.528,350.1
1629.501,4.539,359.0
1594.4589,4.531,351.9
1622.193,4.53,358.1
1611.321,4.53,355.7
1641.4,4.528,362.5
1629.879,4.535,359.4
1590.5786,4.511,352.6
1613.4496,4.522,356.8
1619.4028,4.526,357.8
1657.908,4.515,367.2
1634.1573,4.513,362.1
1622.1348,4.521,358.8
1667.3784,4.526,368.4
1628.8008,4.532,359.4
1623.1464,4.539,357.6
1624.3635,4.531,358.5
1601.6088,4.532,353.4
1593.3528,4.524,352.2
1596.0146,4.538,351.7
1593.1264,4.544,350.6
1636.5052,4.532,361.1
1605.2904,4.536,353.9
1638.3206,4.522,362.3
1616.1984,4.512,358.2
1631.3913,4.543,359.1
1619.5428,4.548,356.1
1555.9692,4.539,342.8
1588.3724,4.546,349.4
1605.1428,4.542,353.4
1614.2846,4.546,355.1
1607.4591,4.537,354.3
1562.2442,4.523,345.4
1602.0064,4.528,353.8
1642.9392,4.536,362.2
1595.0512,4.516,353.2
1640.9472,4.528,362.4
1631.706,4.53,360.2
1620.5909,4.523,358.3
1593.752,4.52,352.6
1633.6002,4.534,360.3
1605.1784,4.514,355.6
1615.9,4.52,357.5
1643.5603,4.519,363.7
1680.1108,4.514,372.2
1626.0282,4.518,359.9
1611.7365,4.521,356.5
1585.4578,4.526,350.3
1576.4727,4.521,348.7
1571.5094,4.538,346.3
1610.5932,4.542,354.6
1600.648,4.528,353.5
1596.6729,4.527,352.7
1598.2124,4.516,353.9
1604.0144,4.526,354.4
1589.8345,4.523,351.5
1600.902,4.53,353.4
1613.1972,4.534,355.8
1559.8206,4.537,343.8
1568.365,4.525,346.6
1569.3885,4.545,345.3
1588.0536,4.536,350.1
1558.8987,4.533,343.9
1637.595,4.53,361.5
1582.6392,4.527,349.6
1620.9736,4.538,357.2
1602.1616,4.531,353.6
1584.3614,4.519,350.6
1590.3216,4.536,350.6
1603.1466,4.521,354.6
1606.8275,4.525,355.1
1612.4495,4.523,356.5
1599.8418,4.527,353.4
1604.9427,4.507,356.1
1634.7023,4.517,361.9
1615.2027,4.513,357.9
1603.7189,4.529,354.1
1615.8054,4.521,357.4
1606.8496,4.534,354.4
1604.073,4.53,354.1
1590.6084,4.542,350.2
1596.204,4.545,351.2
1578.8439,4.533,348.3
1582.0832,4.528,349.4
1598.1306,4.526,353.1
1614.6848,4.528,356.6
1618.995,4.535,357.0
1599.7424,4.528,353.3
1572.0444,4.533,346.8
1579.012,4.54,347.8
1607.4018,4.533,354.6
1612.055,4.541,355.0
1594.0352,4.544,350.8
1575.38,4.54,347.0
1552.5275,4.525,343.1
1602.3161,4.543,352.7
1593.994,4.54,351.1
1601.4544,4.529,353.6
1594.0525,4.535,351.5
1563.668,4.535,344.8
1565.3528,4.532,345.4
1620.7785,4.521,358.5
