1891.812,4.344,435.5
1863.2768,4.378,425.6
1875.9822,4.377,428.6
1849.014,4.365,423.6
1829.6056,4.376,418.1
1844.2536,4.362,422.8
1933.4926,4.342,445.3
1943.5185,4.345,447.3
1722.7678,4.447,387.4
1565.0642,4.522,346.1
1591.677,4.509,353.0
1600.6897,4.523,353.9
1572.785,4.526,347.5
1569.9333,4.523,347.1
1584.9656,4.513,351.2
1613.9756,4.492,359.3
1615.95,4.5,359.1
1602.712,4.502,356.0
1577.1701,4.523,348.7
1579.4316,4.523,349.2
1605.31,4.522,355.0
1570.6275,4.525,347.1
1569.4048,4.528,346.6
1568.7541,4.517,347.3
1608.9346,4.498,357.7
1607.3289,4.491,357.9
1580.4,4.5,351.2
1616.2102,4.507,358.6
1596.186,4.509,354.0
1590.2361,4.519,351.9
1559.7352,4.504,346.3
1545.5091,4.523,341.7
1562.6128,4.528,345.1
1587.8225,4.525,350.9
1601.644,4.499,356.0
1599.5343,4.507,354.9
1623.0606,4.501,360.6
1592.6377,4.513,352.9
1570.551,4.53,346.7
1566.5811,4.529,345.9
1553.7402,4.518,343.9
1557.9575,4.525,344.3
1550.9502,4.527,342.6
1543.4832,4.529,340.8
1608.7355,4.505,357.1
1598.3051,4.501,355.1
1607.0793,4.513,356.1
1624.036,4.52,359.3
1579.1181,4.539,347.9
1587.5168,4.528,350.6
1603.3412,4.519,354.8
1570.317,4.515,347.8
1555.7115,4.529,343.5
1577.6224,4.523,348.8
1621.7001,4.491,361.1
1664.677,4.487,371.0
1621.339,4.49,361.1
1627.4643,4.497,361.9
1613.0553,4.507,357.9
1602.9,4.5,356.2
1576.2655,4.523,348.5
1601.8561,4.511,355.1
1669.248,4.48,372.6
1650.2376,4.488,367.7
1650.5908,4.478,368.6
1640.128,4.48,366.1
1590.48,4.512,352.5
1579.853,4.51,350.3
1599.697,4.51,354.7
1617.286,4.51,358.6
1625.4936,4.504,360.9
1593.2448,4.516,352.8
1599.0153,4.503,355.1
1620.7136,4.492,360.8
1661.3789,4.489,370.1
1626.0167,4.493,361.9
1570.8935,4.505,348.7
1566.358,4.514,347.0
1596.9759,4.533,352.3
1574.4906,4.527,347.8
1579.3664,4.528,348.8
1586.169,4.519,351.0
1619.4592,4.496,360.2
1590.1064,4.502,353.2
1600.1264,4.496,355.9
1601.978,4.505,355.6
1570.3525,4.519,347.5
1568.952,4.528,346.5
1605.9834,4.529,354.6
1571.216,4.528,347.0
1571.8122,4.518,347.9
1582.5072,4.506,351.2
1626.3885,4.499,361.5
1617.301,4.495,359.8
1625.85,4.5,361.3
1572.0705,4.537,346.5
1589.679,4.529,351.0
1563.6011,4.523,345.7
1585.7638,4.523,350.6
1542.676,4.52,341.3
1552.884,4.53,342.8
1595.3454,4.499,354.6
1608.8288,4.504,357.2
1610.1639,4.509,357.1
1595.3058,4.518,353.1
1580.0895,4.521,349.5
1562.6702,4.519,345.8
1574.4563,4.523,348.1
1549.9344,4.528,342.3
1541.6733,4.533,340.1
1568.0595,4.515,347.3
1589.8734,4.509,352.6
1612.776,4.51,357.6
1598.6984,4.511,354.4
1607.6469,4.507,356.7
1598.1146,4.517,353.8
1586.363,4.526,350.5
1546.995,4.53,341.5
1597.7775,4.525,353.1
1585.9104,4.526,350.4
1550.7175,4.525,342.7
1564.101,4.514,346.5
1593.3824,4.496,354.4
1650.4425,4.491,367.5
1638.1048,4.504,363.7
1581.206,4.51,350.6
1575.2412,4.511,349.2
1638.8564,4.516,362.9
1587.6189,4.509,352.1
1593.9504,4.518,352.8
1603.9086,4.494,356.9
1665.063,4.482,371.5
1639.4774,4.477,366.2
1639.2675,4.485,365.5
1589.206,4.502,353.0
1594.3032,4.519,352.8
1608.243,4.515,356.2
1595.6672,4.528,352.4
1607.7204,4.511,356.4
1622.1492,4.491,361.2
1630.1625,4.497,362.5
1660.6586,4.481,370.6
1648.728,4.49,367.2
1618.013,4.507,359.0
1613.7711,4.509,357.9
1554.7719,4.521,343.9
1567.5936,4.528,346.2
1584.8654,4.514,351.1
1562.6415,4.515,346.1
1626.3647,4.489,362.3
1606.0325,4.505,356.5
1621.08,4.503,360.0
1585.7638,4.523,350.6
1588.328,4.52,351.4
1598.5663,4.517,353.9
1550.4689,4.519,343.1
1573.292,4.508,349.0
1602.5968,4.522,354.4
1587.4052,4.502,352.6
1618.9192,4.502,359.6
1629.012,4.515,360.8
1639.2642,4.501,364.2
1577.7881,4.517,349.3
1542.24,4.536,340.0
1577.643,4.514,349.5
1571.563,4.529,347.0
1588.928,4.514,352.0
1580.1484,4.516,349.9
1607.6256,4.512,356.3
1667.0592,4.491,371.2
1623.6713,4.489,361.7
1596.9555,4.515,353.7
1542.2396,4.532,340.3
1549.7024,4.526,342.4
1585.818,4.518,351.0
1578.0424,4.532,348.2
1571.8557,4.539,346.3
1564.745,4.525,345.8
1611.8081,4.501,358.1
1620.1752,4.508,359.4
1598.8805,4.523,353.5
1617.4592,4.513,358.4
1570.9086,4.518,347.7
1563.1488,4.523,345.6
1553.7758,4.526,343.3
1540.54,4.531,340.0
1562.03,4.525,345.2
1587.064,4.528,350.5
1579.853,4.51,350.3
1599.3891,4.527,353.3
1598.21,4.502,355.0
1641.7422,4.493,365.4
1588.0698,4.509,352.2
1552.3083,4.527,342.9
1591.6914,4.518,352.3
1617.9894,4.517,358.2
1604.4366,4.498,356.7
1602.1674,4.503,355.8
1635.565,4.481,365.0
1614.58,4.475,360.8
1650.7673,4.487,367.9
1625.4,4.5,361.2
1611.4035,4.515,356.9
1601.7903,4.521,354.3
1592.871,4.506,353.5
1626.3944,4.504,361.1
1581.9072,4.512,350.6
1627.9473,4.481,363.3
1640.0816,4.486,365.6
1657.6281,4.491,369.1
1635.1488,4.512,362.4
1615.0155,4.515,357.7
1587.9255,4.515,351.7
1577.2935,4.513,349.5
1555.1158,4.522,343.9
1574.2475,4.525,347.9
1615.6764,4.503,358.8
1598.2473,4.511,354.3
1635.7655,4.505,363.1
1600.0517,4.511,354.7
1592.2848,4.512,352.9
1553.976,4.52,343.8
1601.5536,4.528,353.7
1560.2743,4.537,343.9
1568.739,4.53,346.3
1603.0448,4.508,355.6
1618.1046,4.506,359.1
1612.8693,4.509,357.7
1609.619,4.51,356.9
1583.2542,4.521,350.2
1575.1808,4.516,348.8
1557.0702,4.529,343.8
1555.7115,4.529,343.5
1586.406,4.53,350.2
1576.124,4.52,348.7
1628.11,4.51,361.0
1595.3168,4.504,354.2
1592.892,4.515,352.8
1581.5032,4.516,350.2
1601.7903,4.521,354.3
1585.2165,4.515,351.1
1564.5312,4.527,345.6
1565.115,4.53,345.5
1566.6261,4.537,345.3
1563.7766,4.534,344.9
1570.4206,4.514,347.9
1609.568,4.496,358.0
1611.7248,4.497,358.4
1585.8682,4.513,351.4
1576.9625,4.525,348.5
1561.0174,4.526,344.9
1547.6832,4.536,341.2
1545.2997,4.533,340.9
1563.0868,4.532,344.9
1577.9712,4.524,348.8
1577.6224,4.523,348.8
1614.7332,4.518,357.4
1616.3091,4.501,359.1
1584.8654,4.514,351.1
1616.2913,4.511,358.3
1596.8301,4.507,354.3
1605.614,4.495,357.2
1593.5976,4.517,352.8
1587.3442,4.498,352.9
1611.9816,4.504,357.9
1652.9616,4.482,368.8
1602.939,4.485,357.4
1639.748,4.49,365.2
1627.0024,4.492,362.2
1591.04,4.52,352.0
1560.46,4.51,346.0
1600.5675,4.515,354.5
1623.4212,4.502,360.6
1595.187,4.51,353.7
1658.1832,4.484,369.8
1693.5796,4.478,378.2
1874.969,4.39,427.1
1663.872,4.48,371.4
1598.7028,4.492,355.9
1569.2058,4.517,347.4
1604.5128,4.502,356.4
1584.063,4.513,351.0
1605.534,4.515,355.6
1591.8422,4.498,353.9
1628.8435,4.481,363.5
1618.469,4.502,359.5
1595.56,4.52,353.0
1562.8278,4.526,345.3
1569.932,4.54,345.8
1576.638,4.515,349.2
1594.0288,4.508,353.6
1564.824,4.52,346.2
1582.5072,4.506,351.2
1605.2568,4.494,357.2
1617.5686,4.502,359.3
1593.6964,4.516,352.9
1567.7495,4.535,345.7
1563.341,4.538,344.5
1579.6775,4.525,349.1
1580.3757,4.527,349.1
1564.3992,4.524,345.8
1606.5929,4.499,357.1
1612.5243,4.503,358.1
1642.542,4.51,364.2
1589.8345,4.523,351.5
1553.524,4.52,343.7
1565.568,4.53,345.6
1546.542,4.53,341.4
1528.422,4.53,337.4
1577.5149,4.537,347.7
1560.8873,4.523,345.1
1613.4132,4.508,357.9
1625.3084,4.516,359.9
1596.8594,4.502,354.7
1580.2332,4.524,349.3
1556.1789,4.533,343.3
1556.3205,4.515,344.7
1608.185,4.525,355.4
1534.5088,4.544,337.7
1569.6065,4.543,345.5
1571.916,4.517,348.0
1625.4914,4.514,360.1
1609.6678,4.519,356.2
1625.5848,4.508,360.6
1609.5024,4.516,356.4
1570.4568,4.518,347.6
1583.05,4.523,350.0
1573.641,4.509,349.0
1598.527,4.522,353.5
1606.149,4.518,355.5
1619.64,4.499,360.0
1608.0213,4.503,357.1
1631.9436,4.492,363.3
1636.3248,4.488,364.6
1582.6084,4.514,350.6
1581.0048,4.512,350.4
1602.9512,4.523,354.4
1586.9147,4.507,352.1
1592.4405,4.515,352.7
1590.2352,4.496,353.7
1615.3232,4.492,359.6
1644.6495,4.485,366.7
1647.784,4.496,366.5
1595.9675,4.525,352.7
1615.2792,4.517,357.6
1563.166,4.51,346.6
1585.5626,4.507,351.8
1589.559,4.503,353.0
1603.0098,4.494,356.7
1662.5116,4.486,370.6
1610.8312,4.492,358.6
1624.7718,4.502,360.9
1576.084,4.516,349.0
1583.6044,4.522,350.2
1577.5188,4.524,348.7
1581.4458,4.521,349.8
1542.6928,4.532,340.4
1574.339,4.537,347.0
1590.0288,4.512,352.4
1625.4936,4.504,360.9
1621.1616,4.512,359.3
1599.9552,4.512,354.6
1562.85,4.53,345.0
1568.0595,4.515,347.3
1552.2936,4.523,343.2
1543.2543,4.527,340.9
1578.384,4.52,349.2
1571.3604,4.518,347.8
1604.136,4.506,356.0
1634.414,4.505,362.8
1621.6018,4.487,361.4
1611.9675,4.509,357.5
1557.0324,4.521,344.4
1546.524,4.522,342.0
1560.0654,4.518,345.3
1549.7304,4.542,341.2
1592.4956,4.519,352.4
1559.1618,4.518,345.1
1613.3975,4.513,357.5
1602.755,4.525,354.2
1624.5886,4.514,359.9
1614.2336,4.504,358.4
1558.2109,4.531,343.9
1545.2948,4.529,341.2
1564.6888,4.517,346.4
1598.4837,4.527,353.1
1554.2284,4.526,343.4
1560.04,4.535,344.0
1605.7496,4.508,356.2
1608.3788,4.523,355.6
1635.678,4.506,363.0
1622.5208,4.502,360.4
1555.368,4.528,343.5
1611.9494,4.514,357.1
1575.849,4.505,349.8
1592.5986,4.527,351.8
1590.8325,4.513,352.5
1581.4017,4.517,350.1
1649.8992,4.503,366.4
1630.7123,4.501,362.3
1643.8344,4.484,366.6
1626.3944,4.504,361.1
1579.95,4.5,351.1
1593.5528,4.522,352.4
1604.2704,4.528,354.3
1601.5672,4.514,354.8
1597.473,4.505,354.6
1639.5156,4.482,365.8
1618.2,4.495,360.0
1629.909,4.505,361.8
1596.6018,4.514,353.7
1596.991,4.51,354.1
1581.5566,4.511,350.6
1578.5458,4.514,349.7
1581.3434,4.522,349.7
1636.18,4.495,364.0
1625.2158,4.497,361.4
1634.6141,4.487,364.3
1594.698,4.515,353.2
1571.9517,4.521,347.7
1571.395,4.522,347.5
1582.904,4.52,350.2
1578.6004,4.531,348.4
1580.796,4.536,348.5
1585.7682,4.514,351.3
1607.9426,4.499,357.4
1581.456,4.512,350.5
1600.148,4.51,354.8
1618.5552,4.506,359.2
1572.5424,4.524,347.6
1553.4761,4.541,342.1
1555.9299,4.527,343.7
1573.2038,4.522,347.9
1614.3282,4.527,356.6
1613.7955,4.489,359.5
1601.4324,4.506,355.4
1600.8864,4.507,355.2
1635.75,4.5,363.5
1576.9978,4.529,348.2
1584.0376,4.531,349.6
1584.063,4.513,351.0
1565.392,4.54,344.8
1578.705,4.53,348.5
1553.2137,4.527,343.1
1585.968,4.512,351.5
1599.0836,4.507,354.8
1626.306,4.51,360.6
1602.6316,4.517,354.8
1561.416,4.539,344.0
1569.192,4.53,346.4
1562.1804,4.532,344.7
1557.6624,4.536,343.4
1566.2854,4.519,346.6
1564.2925,4.525,345.7
1612.8,4.5,358.4
1636.3032,4.504,363.3
1596.464,4.52,353.2
1609.0737,4.511,356.7
1571.0475,4.521,347.5
1571.2444,4.532,346.7
1561.6354,4.537,344.2
1546.435,4.535,341.0
1582.1019,4.519,350.1
1556.4724,4.522,344.2
1619.9099,4.501,359.9
1658.4464,4.492,369.2
1656.4075,4.495,368.5
1614.8581,4.507,358.3
1572.186,4.51,348.6
1575.3609,4.523,348.3
1605.56,4.51,356.0
1623.4762,4.526,358.7
1634.5732,4.498,363.4
1625.7068,4.481,362.8
1659.7008,4.476,370.8
1598.31,4.515,354.0
1589.1315,4.521,351.5
1591.677,4.509,353.0
1584.2632,4.511,351.2
1593.6384,4.512,353.2
1622.8716,4.493,361.2
1623.417,4.497,361.0
1650.48,4.485,368.0
1605.614,4.495,357.2
1599.504,4.512,354.5
1567.92,4.512,347.5
1570.2312,4.533,346.4
1569.0853,4.531,346.3
1574.2475,4.525,347.9
1602.5438,4.499,356.2
1610.2384,4.513,356.8
1586.0919,4.497,352.7
1562.4576,4.521,345.6
1569.7225,4.525,346.9
1578.9816,4.536,348.1
1572.9217,4.529,347.3
1570.3525,4.519,347.5
1565.2456,4.516,346.6
1602.917,4.495,356.6
1582.7056,4.504,351.4
1632.612,4.505,362.4
1598.1146,4.517,353.8
1565.276,4.52,346.3
1558.8987,4.533,343.9
1595.7675,4.527,352.5
1557.3047,4.531,343.7
1559.6136,4.518,345.2
1587.2221,4.513,351.7
1621.9784,4.508,359.8
1617.7455,4.505,359.1
1628.3808,4.512,360.9
1572.0444,4.533,346.8
1571.8039,4.531,346.9
1571.6376,4.524,347.4
1561.47,4.526,345.0
1567.0075,4.525,346.3
1585.3969,4.531,349.9
1593.2852,4.511,353.2
1602.3072,4.511,355.2
1593.9656,4.504,353.9
1603.4956,4.508,355.7
1587.0192,4.524,350.8
1555.8356,4.532,343.3
1553.1803,4.519,343.7
1592.4976,4.528,351.7
1525.574,4.535,336.4
1548.6958,4.531,341.8
1571.038,4.508,348.5
1617.552,4.512,358.5
1599.5298,4.521,353.8
1606.4208,4.496,357.3
1594.0896,4.512,353.3
1564.3166,4.529,345.4
1585.7638,4.523,350.6
1582.056,4.515,350.4
1602.0466,4.523,354.2
1610.18,4.504,357.5
1640.3354,4.499,364.6
1627.552,4.496,362.0
1641.04,4.496,365.0
1620.7136,4.492,360.8
1606.437,4.515,355.8
1589.5776,4.512,352.3
1596.0672,4.524,352.8
1585.716,4.51,351.6
1591.3602,4.503,353.4
1625.0304,4.494,361.6
1605.15,4.5,356.7
1601.8472,4.492,356.6
1619.0097,4.501,359.7
1586.52,4.52,351.0
1614.7514,4.513,357.8
1594.148,4.516,353.0
1577.2482,4.509,349.8
1600.6644,4.514,354.6
1591.2963,4.499,353.7
1622.7893,4.499,360.7
1624.2324,4.508,360.3
1615.296,4.512,358.0
1565.6223,4.521,346.3
1585.662,4.524,350.5
1557.2474,4.519,344.6
1573.6902,4.526,347.7
1567.536,4.52,346.8
1551.6225,4.525,342.9
1617.48,4.493,360.0
1631.4369,4.503,362.3
1605.3696,4.512,355.8
1619.7244,4.508,359.3
1573.5804,4.514,348.6
1559.315,4.525,344.6
1579.6968,4.516,349.8
1582.7422,4.526,349.7
1564.2925,4.525,345.7
1566.632,4.52,346.6
1618.7388,4.494,360.2
1627.9232,4.502,361.6
1602.6892,4.507,355.6
1610.2152,4.518,356.4
1575.5006,4.526,348.1
1576.4058,4.526,348.3
1551.6225,4.525,342.9
1559.896,4.528,344.5
1567.5036,4.516,347.1
1585.7468,4.532,349.9
1598.6984,4.511,354.4
1599.9552,4.512,354.6
1606.7232,4.512,356.1
1620.7104,4.512,359.2
1569.9915,4.531,346.5
1558.3018,4.526,344.3
1541.6675,4.525,340.7
1549.9224,4.524,342.6
1566.1282,4.529,345.8
1574.8044,4.524,348.1
1569.0664,4.514,347.6
1608.4716,4.503,357.2
1615.1344,4.504,358.6
1613.04,4.512,357.5
1592.0448,4.528,351.6
1590.483,4.53,351.1
1580.4792,4.526,349.2
1619.8158,4.507,359.4
1568.1905,4.505,348.1
1625.0388,4.499,361.2
1618.56,4.496,360.0
1619.6926,4.478,361.7
1646.7178,4.498,366.1
1641.6746,4.483,366.2
1598.8222,4.519,353.8
1604.658,4.51,355.8
1574.4563,4.523,348.1
1618.0032,4.512,358.6
1589.5776,4.512,352.3
1621.0792,4.498,360.4
1614.0628,4.486,359.8
1648.1505,4.497,366.5
1648.4817,4.493,366.9
1602.7583,4.511,355.3
1596.2094,4.518,353.3
1587.7255,4.517,351.5
1587.4052,4.502,352.6
1601.436,4.52,354.3
1612.987,4.493,359.0
1602.7842,4.506,355.7
