1887.0898,4.406,428.3
1824.134,4.42,412.7
1841.9622,4.414,417.3
1860.501,4.414,421.5
1922.7936,4.368,440.2
1929.7965,4.371,441.5
1834.6584,4.406,416.4
1836.9316,4.403,417.2
1801.1922,4.443,405.4
1574.0694,4.531,347.4
1626.9365,4.513,360.5
1633.7088,4.518,361.6
1635.5136,4.528,361.2
1554.0528,4.552,341.4
1581.0405,4.555,347.1
1602.9045,4.555,351.9
1606.15,4.55,353.0
1602.51,4.55,352.2
1624.5081,4.539,357.9
1665.9632,4.532,367.6
1628.1876,4.524,359.9
1566.4542,4.551,344.2
1579.0005,4.557,346.5
1593.3184,4.568,348.8
1559.6277,4.551,342.7
1603.7931,4.519,354.9
1646.515,4.511,365.0
1611.0021,4.547,354.3
1583.6408,4.552,347.9
1598.1248,4.544,351.7
1592.2158,4.557,349.4
1542.4398,4.554,338.7
1644.828,4.52,363.9
1616.352,4.52,357.6
1570.9479,4.539,346.1
1571.6172,4.566,344.2
1554.9568,4.544,342.2
1555.19,4.55,341.8
1575.4472,4.552,346.1
1603.974,4.531,354.0
1598.1735,4.521,353.5
1592.7942,4.534,351.3
1580.238,4.554,347.0
1581.496,4.555,347.2
1543.367,4.546,339.5
1537.65,4.556,337.5
1568.2746,4.551,344.6
1645.6608,4.536,362.8
1629.3476,4.531,359.6
1613.4173,4.541,355.3
1582.2752,4.552,347.6
1580.4544,4.552,347.2
1599.507,4.557,351.0
1592.6715,4.557,349.5
1596.9222,4.538,351.9
1606.452,4.538,354.0
1661.7309,4.507,368.7
1598.3851,4.537,352.3
1585.507,4.543,349.0
1583.4467,4.541,348.7
1615.5491,4.547,355.3
1615.6672,4.508,358.4
1704.9378,4.514,377.7
1654.5134,4.523,365.8
1591.1259,4.537,350.7
1589.7231,4.533,350.7
1616.4585,4.547,355.5
1563.756,4.53,345.2
1648.7916,4.516,365.1
1667.184,4.512,369.5
1649.1948,4.532,363.9
1582.9926,4.541,348.6
1610.4935,4.543,354.5
1615.3499,4.549,355.1
1621.4016,4.524,358.4
1636.679,4.51,362.9
1639.2096,4.512,363.3
1608.3705,4.555,353.1
1607.5665,4.545,353.7
1561.7832,4.548,343.4
1580.238,4.554,347.0
1573.7167,4.547,346.1
1633.8894,4.521,361.4
1653.1728,4.528,365.1
1614.2268,4.542,355.4
1571.7093,4.557,344.9
1561.56,4.55,343.2
1585.5528,4.568,347.1
1610.7,4.55,354.0
1644.1002,4.518,363.9
1631.4267,4.533,359.9
1582.4626,4.546,348.1
1579.6011,4.543,347.7
1581.4592,4.534,348.8
1578.4164,4.554,346.6
1607.718,4.548,353.5
1649.6388,4.527,364.4
1607.4083,4.519,355.7
1602.2144,4.544,352.6
1574.112,4.56,345.2
1571.878,4.543,346.0
1565.9868,4.547,344.4
1588.932,4.545,349.6
1606.806,4.539,354.0
1621.5911,4.541,357.1
1633.8518,4.541,359.8
1561.679,4.553,343.0
1582.0818,4.558,347.1
1599.858,4.558,351.0
1589.2674,4.559,348.6
1585.0188,4.539,349.2
1624.5523,4.529,358.7
1653.2736,4.532,364.8
1596.699,4.549,351.0
1573.2807,4.551,345.7
1571.7888,4.548,345.6
1558.1496,4.552,342.3
1529.0886,4.559,335.4
1633.164,4.524,361.0
1649.5381,4.523,364.7
1630.768,4.54,359.2
1562.0266,4.558,342.7
1564.9536,4.544,344.4
1558.0383,4.557,341.9
1577.0834,4.562,345.7
1662.8745,4.515,368.3
1676.4462,4.509,371.8
1645.6536,4.526,363.6
1611.8564,4.543,354.8
1592.692,4.535,351.2
1622.985,4.55,356.7
1591.5168,4.542,350.4
1676.3868,4.521,370.8
1652.0761,4.493,367.7
1657.614,4.529,366.0
1634.0717,4.553,358.9
1597.4644,4.546,351.4
1628.5932,4.539,358.8
1625.5662,4.523,359.4
1661.484,4.51,368.4
1659.9846,4.533,366.2
1612.065,4.55,354.3
1596.3072,4.544,351.3
1581.312,4.544,348.0
1586.871,4.521,351.0
1680.1108,4.514,372.2
1683.672,4.526,372.0
1597.919,4.546,351.5
1567.3755,4.555,344.1
1562.5896,4.553,343.2
1579.3644,4.562,346.2
1613.615,4.525,356.6
1621.2306,4.521,358.6
1645.3857,4.529,363.3
1586.6636,4.562,347.8
1566.6873,4.553,344.1
1577.5056,4.554,346.4
1576.074,4.542,347.0
1599.3402,4.541,352.2
1648.7458,4.537,363.4
1621.2534,4.511,359.4
1620.3132,4.554,355.8
1572.3991,4.559,344.9
1589.857,4.562,348.5
1574.646,4.551,346.0
1570.6845,4.533,346.5
1664.0846,4.538,366.7
1628.535,4.53,359.5
1611.155,4.55,354.1
1575.7933,4.553,346.1
1596.348,4.548,351.0
1571.832,4.56,344.7
1564.4256,4.569,342.4
1615.528,4.538,356.0
1637.0541,4.521,362.1
1628.6128,4.534,359.2
1568.184,4.56,343.9
1555.5318,4.551,341.8
1579.7106,4.563,346.2
1566.232,4.553,344.0
1579.087,4.535,348.2
1616.0679,4.523,357.3
1611.4815,4.533,355.5
1609.3728,4.536,354.8
1571.1426,4.558,344.7
1539.3693,4.553,338.1
1552.4486,4.562,340.3
1556.7804,4.548,342.3
1584.3472,4.528,349.9
1610.3802,4.521,356.2
1598.7816,4.524,353.4
1604.738,4.546,353.0
1576.2816,4.561,345.6
1553.5936,4.544,341.9
1596.1006,4.546,351.1
1597.4244,4.524,353.1
1692.9716,4.517,374.8
1693.9248,4.528,374.1
1606.8084,4.548,353.3
1592.15,4.549,350.0
1606.304,4.544,353.5
1620.2592,4.536,357.2
1629.9,4.5,362.2
1617.6446,4.511,358.6
1601.0436,4.524,353.9
1600.8512,4.544,352.3
1590.816,4.54,350.4
1624.6696,4.556,356.6
1631.16,4.531,360.0
1663.9028,4.508,369.1
1679.8723,4.517,371.9
1592.568,4.545,350.4
1616.615,4.55,355.3
1617.111,4.545,355.8
1586.406,4.53,350.2
1647.4368,4.516,364.8
1603.0833,4.517,354.9
1637.4846,4.541,360.6
1589.8304,4.558,348.8
1575.21,4.55,346.2
1588.1928,4.552,348.9
1568.0532,4.553,344.4
1614.2013,4.533,356.1
1632.4362,4.527,360.6
1639.041,4.534,361.5
1566.9283,4.559,343.7
1567.0404,4.558,343.8
1603.0676,4.549,352.4
1560.8808,4.552,342.9
1572.0942,4.541,346.2
1654.9983,4.533,365.1
1647.8384,4.537,363.2
1612.0116,4.546,354.6
1546.6541,4.553,339.7
1585.836,4.557,348.0
1564.0672,4.552,343.6
1598.5583,4.553,351.1
1652.4044,4.516,365.9
1629.905,4.525,360.2
1594.1782,4.547,350.6
1579.9304,4.561,346.4
1565.904,4.56,343.4
1573.3224,4.563,344.8
1569.8962,4.561,344.2
1602.9684,4.532,353.7
1614.1125,4.515,357.5
1662.1176,4.524,367.4
1559.5188,4.564,341.7
1547.9046,4.554,339.9
1571.2645,4.561,344.5
1593.3996,4.563,349.2
1564.856,4.549,344.0
1592.0092,4.546,350.2
1622.7407,4.529,358.3
1603.8288,4.546,352.8
1575.119,4.555,345.8
1584.7084,4.559,347.6
1549.1555,4.555,340.1
1565.888,4.552,344.0
1616.2764,4.516,357.9
1631.7866,4.534,359.9
1599.1418,4.534,352.7
1615.4908,4.543,355.6
1614.185,4.547,355.0
1632.2505,4.553,358.5
1622.3053,4.543,357.1
1640.763,4.535,361.8
1642.1225,4.525,362.9
1581.7944,4.548,347.8
1576.9824,4.542,347.2
1579.7505,4.533,348.5
1660.245,4.53,366.5
1602.8216,4.538,353.2
1585.4328,4.548,348.6
1582.9172,4.546,348.2
1585.488,4.556,348.0
1614.1666,4.538,355.7
1586.8344,4.539,349.6
1608.976,4.54,354.4
1593.4768,4.558,349.6
1576.0982,4.546,346.7
1595.646,4.546,351.0
1558.0171,4.541,343.1
1573.0848,4.536,346.8
1608.974,4.558,353.0
1580.6934,4.554,347.1
1567.8401,4.559,343.9
1555.19,4.55,341.8
1564.7614,4.558,343.3
1617.567,4.531,357.0
1597.7816,4.534,352.4
1591.948,4.568,348.5
1585.9168,4.552,348.4
1566.565,4.55,344.3
1630.5542,4.547,358.6
1624.0788,4.534,358.2
1643.575,4.534,362.5
1605.3952,4.544,353.3
1599.9864,4.548,351.8
1574.1714,4.547,346.2
1800.266,4.42,407.3
1668.42,4.485,372.0
1612.0647,4.527,356.1
1595.0612,4.534,351.8
1581.9013,4.547,347.9
1577.5238,4.558,346.1
1610.5124,4.529,355.6
1592.448,4.524,352.0
1577.5056,4.554,346.4
1567.9422,4.554,344.3
1573.7358,4.551,345.8
1565.9991,4.551,344.1
1618.281,4.533,357.0
1616.757,4.53,356.9
1593.2332,4.556,349.7
1584.968,4.565,347.2
1556.4426,4.559,341.4
1558.152,4.556,342.0
1595.0208,4.552,350.4
1608.6216,4.539,354.4
1566.207,4.545,344.6
1577.9092,4.571,345.2
1593.4768,4.558,349.6
1589.0524,4.561,348.4
1567.475,4.55,344.5
1580.8576,4.544,347.9
1638.3784,4.546,360.4
1563.0122,4.541,344.2
1617.2096,4.544,355.9
1603.2722,4.547,352.6
1629.0813,4.529,359.7
1642.9406,4.531,362.6
1609.9833,4.539,354.7
1603.982,4.54,353.3
1586.3805,4.539,349.5
1629.2766,4.522,360.3
1605.5444,4.538,353.8
1573.099,4.565,344.6
1581.316,4.565,346.4
1566.1288,4.558,343.6
1606.0004,4.547,353.2
1561.1652,4.533,344.4
1594.1104,4.552,350.2
1588.3803,4.563,348.1
1574.2227,4.559,345.3
1592.7096,4.548,350.2
1596.6236,4.532,352.3
1599.6765,4.551,351.5
1610.648,4.555,353.6
1570.785,4.553,345.0
1571.0976,4.546,345.6
1559.632,4.555,342.4
1581.0405,4.555,347.1
1626.201,4.545,357.8
1596.513,4.542,351.5
1546.3064,4.556,339.4
1584.968,4.565,347.2
1579.6004,4.564,346.1
1624.005,4.53,358.5
1655.3684,4.513,366.8
1596.6236,4.532,352.3
1610.0234,4.534,355.1
1598.737,4.529,353.0
1612.5452,4.522,356.6
1639.225,4.522,362.5
1623.765,4.542,357.5
1615.332,4.54,355.8
1593.8276,4.546,350.6
1640.763,4.535,361.8
1640.756,4.54,361.4
1598.022,4.545,351.6
1536.264,4.56,336.9
1594.95,4.557,350.0
1584.096,4.552,348.0
1604.032,4.544,353.0
1573.8275,4.529,347.5
1604.5344,4.548,352.8
1599.576,4.565,350.4
1601.4969,4.551,351.9
1550.9718,4.559,340.2
1554.0528,4.552,341.4
1630.578,4.542,359.0
1639.764,4.536,361.5
1587.924,4.563,348.0
1596.35,4.561,350.0
1550.6316,4.558,340.2
1558.8234,4.546,342.9
1589.2092,4.551,349.2
1608.15,4.53,355.0
1598.022,4.545,351.6
1590.0136,4.552,349.3
1574.0379,4.527,347.7
1620.78,4.54,357.0
1642.557,4.515,363.8
1641.4902,4.527,362.6
1575.4048,4.544,346.7
1597.5238,4.541,351.8
1610.6927,4.541,354.7
1608.6632,4.534,354.8
1609.1868,4.524,355.7
1635.878,4.519,362.0
1584.3366,4.554,347.9
1596.9459,4.551,350.9
1601.8056,4.548,352.2
1568.6979,4.543,345.3
1612.4662,4.546,354.7
1639.6776,4.532,361.8
1597.3188,4.543,351.6
1570.008,4.56,344.3
1559.0464,4.544,343.1
1576.7916,4.548,346.7
1617.3306,4.561,354.6
1594.0968,4.539,351.2
1575.119,4.555,345.8
1545.2668,4.561,338.8
1555.6454,4.558,341.3
1564.9956,4.564,342.9
1629.837,4.545,358.6
1600.2945,4.545,352.1
1550.7471,4.557,340.3
1570.231,4.558,344.5
1582.4289,4.559,347.1
1600.35,4.54,352.5
1635.6964,4.526,361.4
1648.8371,4.541,363.1
1586.2363,4.549,348.7
1603.7269,4.547,352.7
1580.4798,4.539,348.2
1585.164,4.52,350.7
1614.4832,4.544,355.3
1643.8464,4.536,362.4
1581.736,4.54,348.4
1571.6956,4.553,345.2
1594.4606,4.553,350.2
1611.3836,4.534,355.4
1580.8659,4.531,348.9
1569.6244,4.547,345.2
1585.3152,4.566,347.2
1568.853,4.554,344.5
1569.06,4.548,345.0
1565.568,4.53,345.6
1601.6107,4.541,352.7
1593.264,4.56,349.4
1599.9864,4.548,351.8
1551.2028,4.557,340.4
1594.593,4.543,351.0
1578.0481,4.549,346.9
1604.5197,4.557,352.1
1582.035,4.55,347.7
1556.8985,4.559,341.5
1552.0044,4.546,341.4
1593.534,4.566,349.0
1583.5069,4.549,348.1
1600.1999,4.537,352.7
1624.0994,4.529,358.6
1598.3112,4.551,351.2
1609.8911,4.549,353.9
1606.203,4.545,353.4
1618.612,4.52,358.1
1632.9724,4.531,360.4
1613.6827,4.529,356.3
1590.732,4.532,351.0
1627.158,4.535,358.8
1659.292,4.52,367.1
1600.648,4.528,353.5
1569.9696,4.548,345.2
1586.2917,4.557,348.1
1592.0028,4.559,349.2
1600.0486,4.534,352.9
1620.2925,4.545,356.5
1607.3134,4.543,353.8
1582.0596,4.554,347.4
1592.1094,4.558,349.3
1597.6704,4.544,351.6
1576.6496,4.528,348.2
1589.8755,4.549,349.5
1615.2696,4.536,356.1
1564.8738,4.557,343.4
1565.9084,4.564,343.1
1583.232,4.56,347.2
1585.056,4.56,347.6
1573.0024,4.541,346.4
1602.965,4.55,352.3
1599.5728,4.552,351.4
1560.0875,4.555,342.5
1569.06,4.548,345.0
1586.6595,4.545,349.1
1614.5223,4.539,355.7
1632.8663,4.537,359.9
1584.9027,4.527,350.1
1590.225,4.55,349.5
1584.6295,4.547,348.5
1649.3625,4.525,364.5
1636.6875,4.515,362.5
1613.475,4.545,355.0
1612.9632,4.541,355.2
1622.985,4.55,356.7
1588.6164,4.548,349.3
1573.645,4.535,347.0
1627.0134,4.546,357.9
1608.9813,4.549,353.7
1591.7632,4.544,350.3
1567.7495,4.535,345.7
1592.15,4.549,350.0
1627.3632,4.528,359.4
1582.1865,4.527,349.5
1573.8624,4.554,345.6
1591.4108,4.556,349.3
1536.4015,4.555,337.3
1581.5171,4.559,346.9
1626.9682,4.537,358.6
1596.5552,4.546,351.2
1605.99,4.556,352.5
1578.9579,4.549,347.1
1573.2,4.56,345.0
1560.6418,4.546,343.3
1590.9552,4.556,349.2
1622.7186,4.534,357.9
1619.6409,4.533,357.3
1596.8202,4.539,351.8
1578.3164,4.538,347.8
1634.0964,4.548,359.3
1661.7204,4.518,367.8
1621.287,4.53,357.9
1598.432,4.541,352.0
1605.0776,4.529,354.4
1617.2096,4.544,355.9
1659.941,4.523,367.0
1618.3772,4.532,357.1
1581.125,4.55,347.5
1568.2603,4.547,344.9
1607.3365,4.565,352.1
1606.6575,4.545,353.5
1627.2697,4.529,359.3
1592.045,4.55,349.9
1552.6848,4.556,340.8
1572.1344,4.549,345.6
1567.0404,4.558,343.8
1625.1534,4.537,358.2
1603.2247,4.543,352.9
1634.7416,4.546,359.6
1562.5953,4.557,342.9
1590.8487,4.557,349.1
1578.216,4.56,346.1
1560.6558,4.554,342.7
1612.41,4.542,355.0
1573.1632,4.531,347.2
1606.6512,4.554,352.8
1555.7601,4.553,341.7
1557.0128,4.558,341.6
1557.3545,4.555,341.9
1624.911,4.53,358.7
1654.5771,4.517,366.3
1618.6074,4.539,356.6
1604.785,4.55,352.7
1611.1872,4.536,355.2
1615.6257,4.537,356.1
1620.5198,4.538,357.1
1637.9387,4.541,360.7
1603.9774,4.549,352.6
1598.622,4.548,351.5
1586.0235,4.551,348.5
1605.8592,4.521,355.2
1603.0215,4.545,352.7
1606.1018,4.546,353.3
1580.4764,4.556,346.9
1567.4962,4.558,343.9
1559.3972,4.549,342.8
1615.782,4.526,357.0
1589.4144,4.536,350.4
1584.9246,4.557,347.8
1578.672,4.56,346.2
1566.4415,4.547,344.5
1579.197,4.551,347.0
1585.0842,4.547,348.6
1617.5376,4.536,356.6
1576.3947,4.539,347.3
1581.7548,4.561,346.8
1561.9095,4.555,342.9
1560.7619,4.549,343.1
1574.6913,4.563,345.1
1628.6128,4.534,359.2
1635.0608,4.528,361.1
1623.765,4.542,357.5
1620.0135,4.557,355.5
1594.9836,4.548,350.7
1612.3514,4.538,355.3
1619.4222,4.521,358.2
1607.1457,4.531,354.7
1600.5526,4.538,352.7
1599.9975,4.539,352.5
1609.884,4.54,354.6
1643.0085,4.515,363.9
1593.7945,4.555,349.9
1608.2216,4.552,353.3
1561.9938,4.542,343.9
1581.2055,4.545,347.9
1592.4252,4.542,350.6
1600.4989,4.543,352.3
1606.7537,4.553,352.9
1571.82,4.556,345.0
1576.2285,4.549,346.5
1618.376,4.546,356.0
1594.61,4.525,352.4
1608.222,4.543,354.0
1600.9532,4.543,352.4
1547.3335,4.555,339.7
1563.737,4.559,343.0
1559.3972,4.549,342.8
1578.503,4.549,347.0
1618.0793,4.549,355.7
1618.964,4.54,356.6
1577.5695,4.545,347.1
1573.4216,4.558,345.2
1582.2988,4.556,347.3
1587.6,4.536,350.0
1637.5905,4.515,362.7
1614.7516,4.532,356.3
1594.6962,4.542,351.1
1635.228,4.536,360.5
1610.748,4.545,354.4
1630.7069,4.531,359.9
1644.9885,4.513,364.5
1611.5424,4.537,355.2
1578.1122,4.527,348.6
1589.9076,4.553,349.2
1564.5224,4.552,343.7
1611.4438,4.538,355.1
1627.19,4.525,359.6
1587.0086,4.546,349.1
1590.3629,4.553,349.3
1590.6351,4.559,348.9
1592.6394,4.553,349.8
1623.3624,4.532,358.2
1600.7024,4.532,353.2
1580.751,4.545,347.8
1548.4796,4.549,340.4
1576.8316,4.556,346.1
1590.68,4.55,349.6
1599.645,4.538,352.5
1597.5432,4.554,350.8
1594.404,4.536,351.5
1567.5705,4.545,344.9
1596.264,4.54,351.6
1558.7175,4.551,342.5
1557.3309,4.539,343.1
1601.0015,4.529,353.5
1625.7228,4.531,358.8
1608.1728,4.548,353.6
1611.1468,4.541,354.8
1591.0377,4.529,351.3
1627.5496,4.526,359.6
1635.4261,4.519,361.9
1631.0887,4.517,361.1
1610.1216,4.533,355.2
1599.5903,4.543,352.1
1617.8771,4.523,357.7
1628.424,4.536,359.0
1631.8984,4.523,360.8
1588.86,4.55,349.2
1569.1323,4.539,345.7
1551.2003,4.537,341.9
1584.7356,4.546,348.6
1629.7336,4.517,360.8
1613.4891,4.531,356.1
1585.953,4.53,350.1
1565.7658,4.549,344.2
1575.0808,4.547,346.4
1573.9878,4.557,345.4
1641.3993,4.533,362.1
1571.4018,4.539,346.2
1545.2882,4.553,339.4
1590.1194,4.551,349.4
1570.752,4.545,345.6
1570.3422,4.557,344.6
1593.4512,4.532,351.6
1621.3075,4.525,358.3
1586.4786,4.551,348.6
1560.8808,4.552,342.9
1591.8874,4.534,351.1
1634.5161,4.529,360.9
1640.3125,4.525,362.5
1626.748,4.52,359.9
1603.9296,4.536,353.6
1577.4088,4.538,347.6
1616.8894,4.538,356.3
1648.34,4.516,365.0
1629.894,4.53,359.8
1588.1155,4.531,350.5
1567.116,4.545,344.8
1579.224,4.538,348.0
1604.8578,4.522,354.9
1590.3351,4.527,351.3
1588.4775,4.545,349.5
1567.296,4.535,345.6
1560.993,4.551,343.0
1595.3112,4.536,351.7
1637.6864,4.529,361.6
1594.5098,4.526,352.3
1572.816,4.53,347.2
1594.4606,4.553,350.2
1543.8216,4.546,339.6
1564.6092,4.543,344.4
1606.9564,4.519,355.6
1581.2148,4.532,348.9
1579.5204,4.548,347.3
1616.2597,4.549,355.3
1572.2436,4.548,345.7
1565.5011,4.539,344.9
1590.5043,4.543,350.1
1617.3662,4.514,358.3
1633.7989,4.517,361.7
1604.7232,4.528,354.4
1597.9832,4.532,352.6
1582.9099,4.511,350.9
1646.7937,4.513,364.9
1629.012,4.51,361.2
1603.9161,4.527,354.3
1578.836,4.52,349.3
1604.6247,4.529,354.3
1629.6357,4.503,361.9
1651.4344,4.522,365.2
1593.4032,4.528,351.9
1596.7735,4.535,352.1
1590.9953,4.547,349.9
1571.532,4.542,346.0
1615.7546,4.531,356.6
1633.0755,4.515,361.7
1595.1504,4.542,351.2
1565.8272,4.536,345.2
1559.6004,4.539,343.6
1566.7712,4.544,344.8
1629.0,4.525,360.0
1596.8725,4.525,352.9
1577.65,4.54,347.5
1590.9953,4.547,349.9
1552.2304,4.544,341.6
1587.9099,4.533,350.3
1575.3528,4.536,347.3
1597.5792,4.536,352.2
1584.1441,4.543,348.7
1570.7094,4.537,346.2
1565.955,4.539,345.0
1595.013,4.53,352.1
1618.5468,4.511,358.8
1627.2828,4.524,359.7
1591.1852,4.532,351.1
1588.7136,4.534,350.4
1574.5791,4.539,346.9
1593.5976,4.517,352.8
1623.132,4.52,359.1
1600.2374,4.523,353.8
1585.3554,4.527,350.2
1590.9195,4.539,350.5
1582.4328,4.542,348.4
1613.615,4.525,356.6
1618.9701,4.521,358.1
1585.158,4.542,349.0
1565.1878,4.546,344.3
1584.6696,4.538,349.2
1568.1504,4.548,344.8
1575.5685,4.521,348.5
1623.6254,4.534,358.1
1600.1999,4.537,352.7
1577.6208,4.536,347.8
1562.3377,4.543,343.9
1542.4662,4.538,339.9
1563.6855,4.539,344.5
1611.8564,4.543,354.8
1607.6672,4.544,353.8
1555.9869,4.551,341.9
1537.0128,4.542,338.4
1563.0449,4.553,343.3
1582.536,4.528,349.5
1598.1822,4.507,354.6
1608.8845,4.513,356.5
1621.287,4.53,357.9
1570.2043,4.529,346.7
1605.176,4.528,354.5
1599.041,4.535,352.6
1621.1685,4.497,360.5
1640.9376,4.518,363.2
1610.415,4.53,355.5
1591.744,4.522,352.0
1586.9616,4.529,350.4
1600.7472,4.527,353.6
1603.0107,4.527,354.1
1609.4456,4.526,355.6
1588.1961,4.539,349.9
1569.405,4.549,345.0
1565.0774,4.547,344.2
1598.8896,4.532,352.8
1603.8176,4.528,354.2
1599.2741,4.519,353.9
1590.9806,4.534,350.9
1563.0122,4.541,344.2
1568.6784,4.539,345.6
1576.3947,4.539,347.3
1619.703,4.518,358.5
1578.3164,4.538,347.8
1585.5684,4.551,348.4
1560.04,4.535,344.0
1550.185,4.55,340.7
1550.6346,4.538,341.7
1615.3015,4.531,356.5
1629.7336,4.517,360.8
1554.8445,4.545,342.1
1585.15,4.529,350.0
1594.0572,4.526,352.2
1628.095,4.525,359.8
1661.1918,4.497,369.4
1614.2814,4.518,357.3
1591.592,4.528,351.5
1615.4943,4.529,356.7
1600.5912,4.524,353.8
1642.3888,4.496,365.3
1630.5462,4.518,360.9
1591.392,4.521,352.0
1572.2436,4.548,345.7
1537.704,4.536,339.0
1567.38,4.53,346.0
1611.9961,4.537,355.3
1604.955,4.521,355.0
1588.8752,4.528,350.9
1556.766,4.54,342.9
1560.852,4.54,343.8
1585.507,4.543,349.0
1660.648,4.52,367.4
1579.6456,4.534,348.4
1531.8996,4.543,337.2
1567.4608,4.546,344.8
1568.3328,4.538,345.6
1593.3528,4.524,352.2
1587.1662,4.527,350.6
1599.6957,4.533,352.9
1580.4032,4.544,347.8
1574.8425,4.545,346.5
1572.386,4.555,345.2
1588.932,4.545,349.6
1650.3788,4.508,366.1
1661.7502,4.523,367.4
1608.505,4.531,355.0
1606.408,4.52,355.4
1593.9052,4.523,352.4
1620.1752,4.508,359.4
1649.07,4.518,365.0
1622.665,4.525,358.6
1594.6609,4.529,352.1
1630.3325,4.535,359.5
1592.748,4.53,351.6
1648.192,4.528,364.0
1617.5377,4.517,358.1
1613.6506,4.534,355.9
1587.8068,4.534,350.2
1566.4208,4.522,346.4
1575.0581,4.543,346.7
1615.0155,4.515,357.7
1607.9904,4.527,355.2
1587.7376,4.552,348.8
1615.3499,4.549,355.1
1579.012,4.54,347.8
1570.7094,4.537,346.2
1577.5892,4.532,348.1
1617.6345,4.535,356.7
1579.0535,4.531,348.5
1576.768,4.544,347.0
1550.1808,4.538,341.6
1579.9992,4.552,347.1
1613.8714,4.541,355.4
1595.919,4.53,352.3
1592.3964,4.529,351.6
1629.5196,4.534,359.4
1607.8296,4.524,355.4
1600.2492,4.532,353.1
1645.0151,4.523,363.7
1655.114,4.516,366.5
1637.0541,4.521,362.1
1606.6926,4.531,354.6
1607.4018,4.533,354.6
1585.662,4.524,350.5
1648.7454,4.506,365.9
1633.8842,4.511,362.2
1587.4145,4.529,350.5
1576.421,4.543,347.0
1566.99,4.542,345.0
1561.963,4.534,344.5
1613.9422,4.531,356.2
1624.5322,4.534,358.3
1596.513,4.542,351.5
1587.8832,4.542,349.6
1569.1323,4.539,345.7
1588.8574,4.537,350.2
1637.3164,4.513,362.8
1602.4155,4.533,353.5
1572.3323,4.543,346.1
1579.4357,4.553,346.9
1548.4815,4.545,340.7
1530.109,4.535,337.4
1612.5091,4.541,355.1
1613.3264,4.528,356.3
1573.7525,4.555,345.5
1596.8028,4.548,351.1
1553.2517,4.543,341.9
1586.276,4.54,349.4
1629.642,4.508,361.5
1634.5125,4.509,362.5
1589.0,4.54,350.0
1580.4983,4.517,349.9
1609.57,4.534,355.0
1601.9484,4.524,354.1
1627.4678,4.522,359.9
1623.132,4.52,359.1
1605.0906,4.538,353.7
1591.6205,4.541,350.5
1572.4977,4.533,346.9
1604.9904,4.539,353.6
1609.509,4.53,355.3
1592.1135,4.545,350.3
1559.964,4.548,343.0
1572.8708,4.538,346.6
1588.466,4.532,350.5
1583.6044,4.522,350.2
1625.7024,4.536,358.4
1603.9296,4.536,353.6
1586.9748,4.542,349.4
1575.38,4.54,347.0
1589.3111,4.537,350.3
1605.4962,4.543,353.4
1617.4405,4.537,356.5
1565.5321,4.547,344.3
1566.11,4.55,344.2
1576.074,4.542,347.0
1575.9204,4.556,345.9
1642.4793,4.521,363.3
1591.744,4.522,352.0
1597.3282,4.534,352.3
1623.594,4.515,359.6
1607.4018,4.533,354.6
1606.706,4.54,353.9
1620.0615,4.519,358.5
1645.266,4.515,364.4
1621.4768,4.528,358.1
1596.8748,4.534,352.2
1616.757,4.53,356.9
1641.486,4.522,363.0
1638.018,4.505,363.6
1596.6585,4.545,351.3
1583.552,4.54,348.8
1602.8008,4.556,351.8
1579.544,4.552,347.0
1607.8551,4.533,354.7
1623.4573,4.531,358.3
1582.2954,4.539,348.6
1578.9816,4.536,348.1
1565.1562,4.538,344.9
1600.2484,4.541,352.4
1607.3134,4.543,353.8
1619.6656,4.528,357.7
1569.4976,4.544,345.4
1552.459,4.546,341.5
1580.3676,4.557,346.8
1577.3766,4.551,346.6
1614.6156,4.524,356.9
1584.0566,4.522,350.3
1586.554,4.546,349.0
1562.3492,4.547,343.6
1585.9436,4.556,348.1
1574.208,4.555,345.6
1623.6636,4.524,358.9
1613.3975,4.513,357.5
1624.5322,4.534,358.3
1645.3886,4.534,362.9
1604.682,4.533,354.0
1593.152,4.526,352.0
1641.1276,4.526,362.6
1654.0992,4.512,366.6
1622.3053,4.543,357.1
1585.4578,4.526,350.3
1571.532,4.542,346.0
1600.6008,4.542,352.4
1629.5342,4.529,359.8
1617.5924,4.526,357.4
1583.2654,4.547,348.2
1605.24,4.55,352.8
1612.975,4.55,354.5
1581.8726,4.543,348.2
1619.9691,4.539,356.9
1635.4952,4.538,360.4
1567.335,4.543,345.0
1577.2224,4.544,347.1
1575.9902,4.547,346.6
1616.8236,4.557,354.8
1605.8982,4.539,353.8
1617.5655,4.545,355.9
1601.3592,4.539,352.8
1559.8521,4.549,342.9
1572.0542,4.558,344.9
1584.3366,4.554,347.9
1611.762,4.553,354.0
1641.67,4.535,362.0
1627.9704,4.536,358.9
1570.8977,4.531,346.7
1615.4044,4.553,354.8
1661.4364,4.516,367.9
1658.6928,4.527,366.4
1611.968,4.528,356.0
1630.347,4.53,359.9
1620.19,4.532,357.5
1631.1768,4.521,360.8
1651.4152,4.517,365.6
1602.2144,4.544,352.6
1579.544,4.552,347.0
1594.775,4.55,350.5
1607.1617,4.549,353.3
1599.7943,4.541,352.3
1639.407,4.53,361.9
1617.181,4.535,356.6
1591.7632,4.544,350.3
1586.7648,4.544,349.2
1606.5564,4.546,353.4
1615.5894,4.542,355.7
1631.6131,4.531,360.1
1625.9871,4.533,358.7
1575.882,4.548,346.5
1592.0092,4.546,350.2
1575.7933,4.553,346.1
1572.9516,4.554,345.4
1648.1952,4.548,362.4
1617.3059,4.529,357.1
1586.3992,4.556,348.2
1575.4472,4.552,346.1
1607.6166,4.549,353.4
1588.0716,4.527,350.8
1662.0882,4.519,367.8
1650.7698,4.514,365.7
1633.2262,4.538,359.9
1615.4642,4.534,356.3
1593.7456,4.538,351.2
1639.3172,4.526,362.2
1672.1904,4.528,369.3
1646.568,4.536,363.0
1603.5618,4.526,354.3
1635.1743,4.551,359.3
1601.1208,4.559,351.2
1642.4797,4.541,361.7
1621.2132,4.526,358.2
1588.7218,4.547,349.4
1605.8431,4.553,352.7
1591.0615,4.555,349.3
1590.1505,4.555,349.1
1632.3507,4.523,360.9
1606.8591,4.543,353.7
1641.0246,4.542,361.3
1582.6461,4.557,347.3
1600.8348,4.553,351.6
1578.85,4.55,347.0
1622.6624,4.544,357.1
1613.259,4.538,355.5
1583.584,4.544,348.5
1623.2599,4.561,355.9
1608.4755,4.545,353.9
1607.4132,4.551,353.2
1572.716,4.552,345.5
1643.026,4.54,361.9
1665.0095,4.543,366.5
1599.5316,4.548,351.7
1603.0215,4.545,352.7
1618.5342,4.549,355.8
1656.9867,4.531,365.7
1641.8528,4.528,362.6
1619.345,4.55,355.9
1629.5484,4.548,358.3
1616.5576,4.546,355.6
1656.5472,4.536,365.2
1661.7502,4.523,367.4
1619.3835,4.545,356.3
1616.4184,4.561,354.4
1606.5485,4.555,352.7
1607.1066,4.554,352.9
1618.1184,4.544,356.1
1634.0688,4.524,361.2
1620.747,4.545,356.6
1580.4544,4.552,347.2
1618.2912,4.556,355.2
1635.0208,4.562,358.4
1620.3132,4.554,355.8
1611.7989,4.539,355.1
1631.3676,4.548,358.7
1609.0767,4.557,353.1
1610.3961,4.553,353.7
1616.5688,4.564,354.2
1617.5835,4.563,354.5
1636.5888,4.536,360.8
1593.599,4.535,351.4
1645.266,4.555,361.2
1599.2605,4.555,351.1
1641.622,4.555,360.4
1637.5034,4.531,361.4
1654.5312,4.528,365.4
1677.8293,4.531,370.3
1605.798,4.54,353.7
1615.9176,4.534,356.4
1631.63,4.55,358.6
1685.5625,4.525,372.5
1655.4368,4.528,365.6
1636.0106,4.547,359.8
1633.2085,4.543,359.5
1594.593,4.543,351.0
1636.92,4.547,360.0
1628.065,4.535,359.0
1610.4468,4.548,354.1
1594.8442,4.558,349.9
1600.3795,4.553,351.5
1636.5152,4.556,359.2
1631.3676,4.548,358.7
1630.8627,4.539,359.3
1670.655,4.546,367.5
1594.32,4.55,350.4
1578.8258,4.546,347.3
1587.1416,4.566,347.6
1630.6233,4.551,358.3
1648.019,4.535,363.4
1609.5849,4.543,354.3
1606.093,4.555,352.6
1615.96,4.552,355.0
1626.0364,4.556,356.9
1586.88,4.56,348.0
1671.5964,4.556,366.9
1690.5161,4.531,373.1
1633.3328,4.532,360.4
1646.475,4.542,362.5
1633.9275,4.545,359.5
1657.3661,4.537,365.3
1673.0496,4.512,370.8
1633.7943,4.527,360.9
1639.394,4.54,361.1
1615.0944,4.547,355.2
1666.3308,4.533,367.6
1643.575,4.534,362.5
1627.1442,4.554,357.3
1614.6405,4.565,353.7
1584.0132,4.557,347.6
1602.7354,4.561,351.4
1676.7066,4.539,369.4
1666.8092,4.522,368.6
1638.94,4.54,361.0
1605.695,4.55,352.9
1604.7894,4.541,353.4
1641.1848,4.569,359.2
1603.6696,4.552,352.3
1631.0322,4.542,359.1
1606.2519,4.549,353.1
1575.119,4.555,345.8
1618.9524,4.563,354.8
1603.1526,4.557,351.8
1601.258,4.54,352.7
1618.3146,4.542,356.3
1657.017,4.546,364.5
1643.8995,4.555,360.9
1621.6902,4.563,355.4
1616.4585,4.547,355.5
1634.2274,4.537,360.2
1669.6414,4.526,368.9
1681.0375,4.525,371.5
1636.5764,4.541,360.4
1623.4344,4.536,357.9
1655.108,4.547,364.0
1679.271,4.53,370.7
1675.8128,4.528,370.1
1654.0164,4.549,363.6
1639.6304,4.552,360.2
1609.68,4.56,353.0
1680.5048,4.537,370.4
1637.2356,4.524,361.9
1617.38,4.556,355.0
1618.2428,4.561,354.8
1620.3132,4.554,355.8
1616.1655,4.559,354.5
1666.4732,4.526,368.2
1643.6574,4.543,361.8
1628.5347,4.563,356.9
1644.7695,4.565,360.3
1608.768,4.56,352.8
1588.648,4.552,349.0
1641.828,4.548,361.0
1671.088,4.541,368.0
1627.08,4.55,357.6
1613.0016,4.572,352.8
1614.5451,4.557,354.3
1614.7978,4.559,354.2
1575.2448,4.558,345.6
1670.76,4.55,367.2
1670.9771,4.537,368.3
1626.0608,4.537,358.4
1647.0158,4.546,362.3
1653.5574,4.554,363.1
1684.2852,4.524,372.3
1640.763,4.535,361.8
1644.5568,4.548,361.6
1657.656,4.554,364.0
1650.1012,4.532,364.1
1677.4992,4.524,370.8
1637.124,4.54,360.6
1599.2605,4.555,351.1
1601.6812,4.558,351.4
1614.8385,4.545,355.3
1649.3805,4.545,362.9
1649.835,4.545,363.0
1621.6794,4.554,356.1
1601.658,4.545,352.4
1645.3431,4.559,360.9
1614.9948,4.548,355.1
1629.0995,4.519,360.5
1643.3492,4.556,360.7
1629.5832,4.557,357.6
1632.48,4.56,358.0
1616.409,4.57,353.7
1596.6674,4.558,350.3
1614.6204,4.538,355.8
1632.2505,4.553,358.5
1623.7584,4.556,356.4
1595.65,4.559,350.0
1620.7686,4.554,355.9
1607.515,4.55,353.3
1692.408,4.53,373.6
1650.4254,4.518,365.3
1665.8998,4.538,367.1
1604.9892,4.548,352.9
1620.255,4.55,356.1
1638.6786,4.518,362.7
1677.662,4.522,371.0
1641.9429,4.527,362.7
1631.8456,4.543,359.2
1655.108,4.547,364.0
1650.9076,4.558,362.2
1632.085,4.55,358.7
1644.0284,4.534,362.6
1616.3166,4.562,354.3
1599.5427,4.561,350.7
1619.4024,4.554,355.6
1613.328,4.56,353.8
1647.7392,4.528,363.9
1641.672,4.53,362.4
1623.1168,4.544,357.2
1595.997,4.547,351.0
1580.403,4.565,346.2
1586.7205,4.553,348.5
1621.3806,4.557,355.8
1642.656,4.544,361.5
1610.5474,4.547,354.2
1592.9892,4.554,349.8
1603.9188,4.554,352.2
1640.0643,4.557,359.9
1672.4232,4.536,368.7
1619.1867,4.547,356.1
1647.717,4.558,361.5
1607.8683,4.551,353.3
1611.321,4.53,355.7
1666.6515,4.545,366.7
1643.026,4.54,361.9
1689.8714,4.522,373.7
1657.465,4.541,365.0
1622.5272,4.536,357.7
1638.1342,4.534,361.3
1665.3591,4.539,366.9
1662.0325,4.525,367.3
1689.8714,4.522,373.7
1613.7352,4.556,354.2
1601.055,4.542,352.5
1603.2564,4.556,351.9
1630.0284,4.543,358.8
1655.8272,4.539,364.8
1635.949,4.538,360.5
1598.2072,4.552,351.1
1624.6282,4.561,356.2
1620.9072,4.548,356.4
1625.439,4.534,358.5
1661.4636,4.542,365.8
1645.29,4.545,362.0
1604.9116,4.562,351.8
1583.5985,4.565,346.9
1622.8038,4.561,355.8
1627.3713,4.547,357.9
1616.202,4.545,355.6
1636.413,4.533,361.0
1604.1676,4.556,352.1
1583.3944,4.571,346.4
1599.9627,4.557,351.1
1624.8672,4.554,356.8
1669.602,4.51,370.2
1649.4692,4.534,363.8
1629.4518,4.549,358.2
1629.779,4.555,357.8
1627.0403,4.541,358.3
1649.648,4.532,364.0
1665.4833,4.527,367.9
1611.9128,4.556,353.8
1624.6696,4.556,356.6
1633.5198,4.554,358.7
1591.9304,4.538,350.8
1633.8518,4.541,359.8
1640.2092,4.541,361.2
1613.684,4.552,354.5
1605.5444,4.538,353.8
1635.1743,4.551,359.3
1597.7183,4.561,350.3
1654.1964,4.542,364.2
1669.7257,4.541,367.7
1592.6394,4.553,349.8
1611.6065,4.559,353.5
1586.2284,4.566,347.4
1586.5551,4.563,347.7
1647.2856,4.548,362.2
1662.3568,4.537,366.4
1604.271,4.555,352.2
1597.7183,4.561,350.3
1600.4549,4.561,350.9
1598.7692,4.564,350.3
1601.8131,4.539,352.9
1598.08,4.54,352.0
1648.1728,4.558,361.6
1609.9392,4.544,354.3
1664.7558,4.551,365.8
1664.6628,4.526,367.8
1646.4699,4.527,363.7
1620.3904,4.544,356.6
1596.595,4.55,350.9
1594.8794,4.549,350.6
1609.9833,4.539,354.7
1680.585,4.525,371.4
1634.4939,4.539,360.1
1608.9813,4.549,353.7
1624.3717,4.559,356.3
1618.8665,4.541,356.5
1599.645,4.538,352.5
1665.5661,4.547,366.3
1628.0871,4.549,357.9
1588.5417,4.553,348.9
1589.8014,4.554,349.1
1628.9969,4.549,358.1
1653.085,4.529,365.0
1632.6,4.535,360.0
1593.9,4.554,350.0
1627.8209,4.561,356.9
1605.182,4.555,352.4
1614.8994,4.558,354.3
1649.272,4.556,362.0
1630.2538,4.531,359.8
1609.4855,4.553,353.5
1624.1721,4.561,356.1
1574.5536,4.556,345.6
1595.6811,4.563,349.7
1623.2034,4.557,356.2
1656.4688,4.516,366.8
1670.14,4.52,369.5
1636.3886,4.543,360.2
1615.7475,4.545,355.5
1644.6376,4.552,361.3
1639.9451,4.519,362.9
1641.0375,4.527,362.5
1647.6478,4.549,362.2
1661.0191,4.547,365.3
1615.884,4.539,356.0
1641.1174,4.541,361.4
1653.922,4.54,364.3
1623.8312,4.546,357.2
1594.775,4.55,350.5
1593.0225,4.545,350.5
1592.3949,4.551,349.9
1594.8794,4.549,350.6
1595.0473,4.543,351.1
1639.0208,4.544,360.7
1589.2092,4.551,349.2
1605.695,4.55,352.9
1600.235,4.55,351.7
1586.9028,4.564,347.7
1618.569,4.53,357.3
1619.345,4.55,355.9
1595.161,4.555,350.2
1582.8625,4.555,347.5
1590.225,4.55,349.5
1587.6588,4.557,348.4
1607.4591,4.537,354.3
1621.3308,4.539,357.2
1617.9214,4.546,355.9
1627.5645,4.545,358.1
1621.7847,4.539,357.3
1652.2891,4.543,363.7
1675.8876,4.516,371.1
1672.1934,4.517,370.2
1623.3624,4.532,358.2
1635.1348,4.537,360.4
1652.7318,4.533,364.6
1645.3875,4.539,362.5
1631.811,4.514,361.5
1617.9583,4.541,356.3
1591.2735,4.553,349.5
1602.567,4.545,352.6
1592.322,4.556,349.5
1609.1792,4.556,353.2
1632.6934,4.534,360.1
1610.7,4.55,354.0
1600.3138,4.558,351.1
1598.2448,4.556,350.8
1578.654,4.556,346.5
1616.114,4.555,354.8
1614.6204,4.538,355.8
1609.6887,4.551,353.7
1586.9232,4.568,347.4
1612.2173,4.553,354.1
1600.235,4.55,351.7
1565.4416,4.556,343.6
1625.0578,4.538,358.1
1597.172,4.54,351.8
1624.927,4.558,356.5
1591.659,4.545,350.2
1618.344,4.56,354.9
1607.16,4.54,354.0
1605.4071,4.521,355.1
1680.3752,4.522,371.6
1628.952,4.54,358.8
1612.4498,4.537,355.4
1643.46,4.55,361.2
1603.6287,4.539,353.3
1646.736,4.524,364.0
1641.664,4.54,361.6
1618.3356,4.551,355.6
1576.3576,4.552,346.3
1608.0174,4.554,353.1
1588.2602,4.534,350.3
1590.7752,4.536,350.7
1594.098,4.565,349.2
1608.8711,4.559,352.9
1617.5835,4.563,354.5
1587.5514,4.558,348.3
1624.2688,4.532,358.4
1611.4815,4.533,355.5
1602.567,4.545,352.6
1593.41,4.55,350.2
1584.2525,4.559,347.5
1584.7299,4.563,347.3
1593.9696,4.549,350.4
1620.4025,4.525,358.1
1592.9828,4.541,350.8
1570.5755,4.559,344.5
1597.2285,4.557,350.5
1595.65,4.559,350.0
1581.0988,4.546,347.8
1602.912,4.528,354.0
1621.688,4.54,357.2
1626.201,4.545,357.8
1608.425,4.55,353.5
1595.8138,4.522,352.9
1683.7,4.52,372.5
1652.2519,4.523,365.3
1588.7136,4.534,350.4
1652.8338,4.542,363.9
1596.348,4.548,351.0
1635.9691,4.523,361.7
1652.6528,4.544,363.7
1589.6643,4.551,349.3
1580.3676,4.557,346.8
1600.7696,4.558,351.2
1591.9896,4.533,351.2
1607.2128,4.544,353.7
1624.2192,4.542,357.6
1569.75,4.55,345.0
1572.8073,4.547,345.9
1580.952,4.56,346.7
1573.845,4.55,345.9
1613.1279,4.553,354.3
1644.204,4.542,362.0
1570.3148,4.549,345.2
1573.2807,4.551,345.7
1578.672,4.56,346.2
1555.9867,4.559,341.3
1588.6871,4.543,349.7
1617.0176,4.532,356.8
1609.3836,4.554,353.4
1574.1909,4.551,345.9
1597.8564,4.564,350.1
1599.3855,4.545,351.9
1614.5822,4.543,355.4
1680.877,4.51,372.7
1622.9808,4.536,357.8
1638.486,4.54,360.9
1607.6672,4.544,353.8
