1831.3686,4.414,414.9
1841.6586,4.426,416.1
1815.4782,4.414,411.3
1855.3239,4.383,423.3
1907.8199,4.403,433.3
1871.9066,4.418,423.7
1814.9296,4.444,408.4
1728.4608,4.464,387.2
1554.278,4.558,341.0
1641.3096,4.529,362.4
1655.6975,4.525,365.9
1615.4301,4.539,355.9
1540.0455,4.555,338.1
1586.88,4.56,348.0
1570.6868,4.558,344.6
1601.1567,4.563,350.9
1577.3543,4.547,346.9
1648.5648,4.539,363.2
1613.1972,4.534,355.8
1574.992,4.552,346.0
1570.36,4.565,344.0
1586.5758,4.567,347.4
1562.9328,4.554,343.2
1586.5087,4.529,350.3
1647.1973,4.529,363.7
1642.118,4.54,361.7
1564.187,4.555,343.4
1573.4216,4.558,345.2
1611.5091,4.551,354.1
1592.8835,4.555,349.7
1651.8996,4.506,366.6
1670.3424,4.512,370.2
1605.5886,4.533,354.2
1582.3269,4.543,348.3
1617.4805,4.555,355.1
1606.5564,4.546,353.4
1610.4768,4.534,355.2
1684.5465,4.515,373.1
1655.3684,4.513,366.8
1603.1225,4.535,353.5
1590.1194,4.551,349.4
1580.8576,4.544,347.9
1564.9776,4.552,343.8
1627.1079,4.521,359.9
1653.8445,4.515,366.3
1600.192,4.546,352.0
1583.762,4.538,349.0
1573.954,4.549,346.0
1580.0825,4.547,347.5
1655.5656,4.516,366.6
1621.9296,4.528,358.2
1583.3789,4.567,346.7
1572.1767,4.561,344.7
1548.1392,4.548,340.4
1601.7182,4.562,351.1
1618.9701,4.521,358.1
1631.52,4.532,360.0
1607.0599,4.541,353.9
1583.3407,4.559,347.3
1566.9093,4.551,344.3
1540.0302,4.559,337.8
1587.2883,4.573,347.1
1594.71,4.524,352.5
1627.6425,4.525,359.7
1617.3432,4.538,356.4
1575.5032,4.568,344.9
1577.414,4.559,346.0
1584.4914,4.561,347.4
1553.937,4.557,341.0
1631.4267,4.533,359.9
1630.692,4.536,359.5
1608.6632,4.534,354.8
1577.7232,4.552,346.6
1589.7362,4.546,349.7
1573.908,4.57,344.4
1544.472,4.56,338.7
1611.3525,4.525,356.1
1618.0201,4.531,357.1
1603.1232,4.544,352.8
1573.0245,4.545,346.1
1557.1152,4.569,340.8
1551.4277,4.559,340.3
1576.7704,4.573,344.8
1599.5436,4.539,352.4
1600.8462,4.526,353.7
1599.2214,4.551,351.4
1552.1142,4.557,340.6
1556.8985,4.559,341.5
1556.085,4.57,340.5
1522.584,4.56,333.9
1599.2896,4.528,353.2
1622.335,4.538,357.5
1610.1813,4.537,354.9
1577.462,4.546,347.0
1565.7852,4.557,343.6
1587.6841,4.561,348.1
1586.2392,4.536,349.7
1601.5275,4.505,355.5
1677.2424,4.516,371.4
1630.9734,4.533,359.8
1563.136,4.544,344.0
1584.0384,4.544,348.6
1581.668,4.532,349.0
1638.1375,4.519,362.5
1638.8463,4.511,363.3
1632.6592,4.544,359.3
1615.392,4.544,355.5
1631.63,4.55,358.6
1590.381,4.531,351.0
1582.6783,4.531,349.3
1681.6791,4.517,372.3
1628.0199,4.511,360.9
1603.3221,4.533,353.7
1560.4096,4.544,343.4
1576.7377,4.561,345.7
1591.3452,4.548,349.9
1651.1725,4.525,364.9
1641.64,4.51,364.0
1643.2098,4.538,362.1
1562.0266,4.558,342.7
1576.4855,4.555,346.1
1595.7558,4.558,350.1
1589.5584,4.552,349.2
1564.23,4.534,345.0
1653.522,4.524,365.5
1668.0586,4.534,367.9
1571.9862,4.542,346.1
1561.5666,4.554,342.9
1548.7053,4.551,340.3
1607.9593,4.559,352.7
1573.9328,4.528,347.6
1624.8166,4.531,358.6
1622.456,4.532,358.0
1571.475,4.555,345.0
1567.5854,4.549,344.6
1590.7694,4.562,348.7
1531.6077,4.557,336.1
1618.964,4.54,356.6
1628.8302,4.517,360.6
1653.461,4.535,364.6
1568.421,4.566,343.5
1554.3738,4.569,340.2
1581.7878,4.569,346.2
1555.4184,4.552,341.7
1574.018,4.54,346.7
1623.172,4.534,358.0
1636.9584,4.532,361.2
1591.4668,4.564,348.7
1563.9624,4.557,343.2
1569.447,4.565,343.8
1548.2445,4.555,339.9
1555.858,4.54,342.7
1615.2696,4.536,356.1
1640.4927,4.533,361.9
1546.3144,4.552,339.7
1566.481,4.567,343.0
1587.8439,4.551,348.9
1557.5815,4.561,341.5
1557.7968,4.571,340.8
1618.4124,4.541,356.4
1618.876,4.522,358.0
1614.8385,4.545,355.3
1547.2996,4.567,338.8
1576.862,4.564,345.5
1583.4467,4.541,348.7
1632.3333,4.533,360.1
1641.8794,4.502,364.7
1639.7698,4.526,362.3
1568.0073,4.541,345.3
1611.8564,4.543,354.8
1558.4454,4.533,343.8
1822.8816,4.432,411.3
1612.8052,4.538,355.4
1625.1276,4.542,357.8
1614.2846,4.546,355.1
1592.5,4.55,350.0
1671.117,4.53,368.9
1659.9281,4.507,368.3
1644.4818,4.534,362.7
1593.6844,4.543,350.8
1615.8048,4.549,355.2
1588.65,4.539,350.0
1612.758,4.515,357.2
1653.0513,4.503,367.1
1615.5904,4.528,356.8
1588.6871,4.543,349.7
1607.515,4.55,353.3
1573.099,4.565,344.6
1573.5168,4.553,345.6
1603.476,4.536,353.5
1622.4674,4.546,356.9
1579.1468,4.543,347.6
1575.615,4.567,345.0
1553.2367,4.567,340.1
1574.365,4.57,344.5
1561.4005,4.535,344.3
1646.1123,4.531,363.3
1636.689,4.53,361.3
1577.809,4.547,347.0
1575.7933,4.553,346.1
1590.5745,4.551,349.5
1552.2304,4.544,341.6
1593.2301,4.543,350.7
1615.448,4.52,357.4
1607.5584,4.536,354.4
1595.8939,4.561,349.9
1563.3882,4.554,343.3
1554.504,4.56,340.9
1573.4991,4.549,345.9
1596.1006,4.546,351.1
1623.7923,4.537,357.9
1617.3432,4.538,356.4
1571.9614,4.567,344.2
1552.0032,4.554,340.8
1591.4912,4.568,348.4
1551.8763,4.563,340.1
1562.022,4.554,343.0
1621.6449,4.531,357.9
1608.8958,4.527,355.4
1576.2486,4.553,346.2
1553.3694,4.554,341.1
1568.4614,4.541,345.4
1576.2486,4.553,346.2
1583.361,4.563,347.0
1605.2344,4.532,354.2
1595.9559,4.543,351.3
1589.908,4.54,350.2
1574.3568,4.566,344.8
1535.3048,4.568,336.1
1561.322,4.58,340.9
1545.8688,4.544,340.2
1631.715,4.525,360.6
1628.5475,4.525,359.9
1618.116,4.53,357.2
1579.4357,4.553,346.9
1588.218,4.53,350.6
1624.4118,4.554,356.7
1602.8131,4.529,353.9
1664.4312,4.518,368.4
1672.9752,4.524,369.8
1580.8576,4.544,347.9
1549.3892,4.541,341.2
1578.5856,4.544,347.4
1623.7206,4.533,358.2
1699.5776,4.501,377.6
1653.5021,4.519,365.9
1587.601,4.549,349.0
1561.9796,4.538,344.2
1590.05,4.543,350.0
1589.9456,4.544,349.9
1654.381,4.514,366.5
1632.5309,4.511,361.9
1660.9957,4.537,366.1
1585.6448,4.546,348.8
1597.0177,4.559,350.3
1561.679,4.553,343.0
1608.268,4.556,353.0
1626.6444,4.526,359.4
1614.354,4.522,357.0
1584.749,4.567,347.0
1547.7805,4.559,339.5
1601.2254,4.558,351.3
1538.914,4.553,338.0
1591.59,4.55,349.8
1637.4162,4.522,362.1
1637.139,4.515,362.6
1581.279,4.557,347.0
1571.832,4.56,344.7
1563.2811,4.559,342.9
1577.4291,4.563,345.7
1601.85,4.525,354.0
1636.4214,4.523,361.8
1627.8944,4.532,359.2
1569.1975,4.555,344.5
1570.6868,4.558,344.6
1585.968,4.56,347.8
1571.376,4.56,344.6
1604.9325,4.553,352.5
1613.9088,4.536,355.8
1563.7401,4.563,342.7
1548.5904,4.552,340.2
1577.8985,4.567,345.5
1559.9752,4.564,341.8
1594.1544,4.534,351.6
1586.9748,4.542,349.4
1582.9934,4.558,347.3
1557.2408,4.556,341.8
1581.6042,4.554,347.3
1615.9176,4.534,356.4
1657.936,4.52,366.8
1596.348,4.548,351.0
1594.0968,4.539,351.2
1601.055,4.542,352.5
1617.9912,4.536,356.7
1632.4264,4.532,360.2
1630.6731,4.541,359.1
1614.4832,4.544,355.3
1577.3543,4.547,346.9
1559.8611,4.557,342.3
1585.4016,4.544,348.9
1608.6216,4.539,354.4
1569.843,4.545,345.4
1560.8736,4.548,343.2
1582.2447,4.569,346.3
1562.7016,4.552,343.3
1599.948,4.535,352.8
1587.3924,4.538,349.8
1588.3556,4.559,348.4
1577.068,4.558,346.0
1556.7804,4.548,342.3
1577.2872,4.556,346.2
1613.1279,4.553,354.3
1596.1166,4.537,351.8
1554.3888,4.561,340.8
1542.192,4.56,338.2
1564.536,4.56,343.1
1554.8484,4.557,341.2
1591.8273,4.539,350.7
1595.81,4.54,351.5
1588.5417,4.553,348.9
1617.5376,4.536,356.6
1555.9585,4.535,343.1
1640.8384,4.544,361.1
1634.9736,4.524,361.4
1702.29,4.475,380.4
1595.7648,4.536,351.8
1608.6763,4.543,354.1
1621.8802,4.514,359.3
1627.3836,4.518,360.2
1603.7269,4.547,352.7
1611.2025,4.545,354.5
1558.2645,4.563,341.5
1611.408,4.552,354.0
1624.48,4.544,357.5
1593.0598,4.549,350.2
1570.8792,4.548,345.4
1555.6464,4.554,341.6
1576.8316,4.556,346.1
1604.032,4.544,353.0
1592.8493,4.529,351.7
1568.4952,4.549,344.8
1550.9532,4.567,339.6
1568.4078,4.558,344.1
1561.0016,4.559,342.4
1565.2827,4.541,344.7
1559.9552,4.544,343.3
1586.3568,4.569,347.2
1580.6934,4.554,347.1
1537.3125,4.555,337.5
1590.2862,4.558,348.9
1620.2592,4.536,357.2
1601.7514,4.526,353.9
1633.6166,4.514,361.9
1600.502,4.534,353.0
1605.1926,4.546,353.1
1596.1615,4.541,351.5
1602.9864,4.518,354.8
1624.7698,4.541,357.8
1573.0848,4.536,346.8
1557.674,4.54,343.1
1656.7082,4.529,365.8
1627.097,4.526,359.5
1588.6164,4.548,349.3
1564.7614,4.558,343.3
1573.1712,4.552,345.6
1619.1867,4.547,356.1
1625.0805,4.533,358.5
1575.727,4.541,347.0
1551.2028,4.557,340.4
1570.9088,4.556,344.8
1607.2128,4.544,353.7
1644.1105,4.523,363.5
1599.488,4.544,352.0
1541.9844,4.554,338.6
1543.4082,4.569,337.8
1554.7338,4.558,341.1
1554.7296,4.562,340.8
1622.0452,4.541,357.2
1610.0595,4.529,355.5
1580.1669,4.563,346.3
1564.8738,4.557,343.4
1572.0652,4.562,344.6
1585.7028,4.554,348.2
1627.816,4.528,359.5
1637.2335,4.529,361.5
1591.8672,4.543,350.4
1604.8368,4.536,353.8
1606.6512,4.554,352.8
1613.2298,4.529,356.2
1646.0172,4.527,363.6
1599.7943,4.541,352.3
1620.0961,4.547,356.3
1573.262,4.547,346.0
1630.347,4.53,359.9
1608.0519,4.531,354.9
1549.6041,4.559,339.9
1579.7826,4.554,346.9
1575.024,4.56,345.4
1583.5069,4.549,348.1
1631.411,4.538,359.5
1587.0426,4.537,349.8
1577.7012,4.548,346.9
1570.4244,4.548,345.3
1546.4298,4.551,339.8
1568.1344,4.544,345.1
1608.0174,4.554,353.1
1605.294,4.545,353.2
1557.3545,4.555,341.9
1538.544,4.56,337.4
1543.4424,4.561,338.4
1562.0891,4.537,344.3
1574.352,4.524,348.0
1601.964,4.564,351.0
1557.4668,4.562,341.4
1576.7039,4.553,346.3
1561.9095,4.555,342.9
1633.7024,4.528,360.8
1661.8617,4.527,367.1
1609.284,4.546,354.0
1592.8962,4.533,351.4
1596.3663,4.539,351.7
1601.4602,4.538,352.9
1610.2384,4.513,356.8
1617.525,4.55,355.5
1586.9386,4.538,349.7
1583.3412,4.542,348.6
1559.3669,4.537,343.7
1593.0225,4.545,350.5
1592.8835,4.555,349.7
1547.5647,4.553,339.9
1590.7853,4.549,349.7
1548.361,4.534,341.5
1583.0276,4.532,349.3
1607.7096,4.557,352.8
1573.7668,4.559,345.2
1579.674,4.555,346.8
1560.0875,4.555,342.5
1589.2092,4.551,349.2
1582.8544,4.538,348.8
1570.0791,4.547,345.3
1563.855,4.566,342.5
1584.2031,4.551,348.1
1554.619,4.559,341.0
1562.4774,4.554,343.1
1570.5501,4.551,345.1
1609.6348,4.556,353.3
1565.9868,4.547,344.4
1550.522,4.555,340.4
1604.436,4.54,353.4
1630.3325,4.535,359.5
1624.7649,4.517,359.7
1598.94,4.536,352.5
1583.4467,4.541,348.7
1580.751,4.545,347.8
1633.3416,4.527,360.8
1635.2438,4.526,361.3
1588.932,4.545,349.6
1603.0215,4.545,352.7
1539.0312,4.552,338.1
1610.0392,4.543,354.4
1616.0794,4.537,356.2
1567.93,4.55,344.6
1547.68,4.552,340.0
1555.3041,4.557,341.3
1555.2925,4.541,342.5
1612.2112,4.544,354.8
1626.4619,4.547,357.7
1582.667,4.561,347.0
1565.452,4.564,343.0
1576.5165,4.563,345.5
1604.9408,4.544,353.2
1590.5406,4.547,349.8
1565.888,4.552,344.0
1547.0785,4.565,338.9
1588.1635,4.565,347.9
1554.0516,4.556,341.1
1563.2586,4.547,343.8
1572.224,4.544,346.0
1593.1644,4.548,350.3
1549.956,4.552,340.5
1595.7495,4.545,351.1
1604.33,4.55,352.6
1621.494,4.542,357.0
1609.6066,4.529,355.4
1624.3416,4.536,358.1
1580.9337,4.539,348.3
1604.738,4.546,353.0
1595.476,4.552,350.5
1637.0541,4.521,362.1
1616.2077,4.531,356.7
1578.9579,4.549,347.1
1587.5514,4.558,348.3
1561.0016,4.559,342.4
1574.388,4.545,346.4
1595.5016,4.543,351.2
1580.616,4.542,348.0
1547.1015,4.557,339.5
1563.1668,4.572,341.9
1565.098,4.555,343.6
1609.5849,4.543,354.3
1622.7596,4.543,357.2
1560.0875,4.555,342.5
1578.2868,4.551,346.8
1558.3788,4.554,342.2
1602.0104,4.546,352.4
1586.6532,4.532,350.1
1581.125,4.55,347.5
1581.9515,4.555,347.3
1570.1884,4.546,345.4
1585.512,4.56,347.7
1562.2272,4.544,343.8
1588.8959,4.541,349.9
1636.9632,4.527,361.6
1600.4412,4.548,351.9
1573.2409,4.543,346.3
1622.2878,4.529,358.2
1640.76,4.52,363.0
1605.597,4.542,353.5
1594.902,4.54,351.3
1583.9008,4.541,348.8
1613.392,4.532,356.0
1643.924,4.52,363.7
1602.9221,4.537,353.3
1564.299,4.554,343.5
1569.295,4.55,344.9
1550.274,4.565,339.6
1576.5282,4.542,347.1
1606.806,4.539,354.0
1601.2901,4.553,351.7
1560.5379,4.551,342.9
1572.8256,4.551,345.6
1559.064,4.56,341.9
1577.7839,4.543,347.3
1611.6606,4.554,353.9
1606.9581,4.551,353.1
1575.5562,4.551,346.2
1579.144,4.564,346.0
1573.297,4.555,345.4
1578.1784,4.552,346.7
1597.4644,4.546,351.4
1599.1912,4.538,352.4
1572.5893,4.549,345.7
1576.9581,4.559,345.9
1547.7805,4.559,339.5
1620.0942,4.533,357.4
1624.1739,4.533,358.3
1613.0754,4.549,354.6
1617.4668,4.546,355.8
1594.074,4.548,350.5
1618.4745,4.545,356.1
1637.0503,4.531,361.3
1623.8616,4.541,357.6
1590.7123,4.541,350.3
1582.7304,4.552,347.7
1565.2248,4.566,342.8
1620.4881,4.543,356.7
1616.4678,4.533,356.6
1566.097,4.546,344.5
1559.6277,4.551,342.7
1544.9488,4.552,339.4
1603.2247,4.543,352.9
1578.9057,4.541,347.7
1587.8462,4.538,349.9
1580.3865,4.561,346.5
1567.7196,4.556,344.1
1564.0828,4.564,342.7
1594.32,4.55,350.4
1596.264,4.54,351.6
1598.7663,4.551,351.3
1568.5279,4.561,343.9
1546.2051,4.549,339.9
1577.9958,4.562,345.9
1596.4908,4.551,350.8
1599.5903,4.543,352.1
1572.3526,4.547,345.8
1583.708,4.564,347.0
1568.025,4.545,345.0
1592.1135,4.545,350.3
1604.073,4.53,354.1
1647.1,4.525,364.0
1601.5092,4.542,352.6
1608.6632,4.534,354.8
1599.0897,4.539,352.3
1609.6683,4.533,355.1
1661.4312,4.532,366.6
1614.9948,4.548,355.1
1616.5695,4.555,354.9
1570.6746,4.554,344.9
1596.204,4.545,351.2
1622.814,4.533,358.0
1610.0234,4.534,355.1
1584.5232,4.548,348.4
1573.0442,4.549,345.8
1581.2987,4.561,346.7
1605.7485,4.545,353.3
1620.423,4.539,357.0
1592.7351,4.539,350.9
1572.855,4.559,345.0
1577.8699,4.559,346.1
1551.3216,4.544,341.4
1572.0942,4.541,346.2
1616.5576,4.546,355.6
1589.0,4.54,350.0
1557.6944,4.552,342.2
1565.3109,4.549,344.1
1575.8481,4.569,344.9
1590.225,4.55,349.5
1593.504,4.527,352.0
1603.0678,4.531,353.8
1594.3018,4.537,351.4
1600.4015,4.535,352.9
1586.1144,4.524,350.6
1633.6002,4.534,360.3
1617.33,4.524,357.5
1610.2386,4.541,354.6
1618.1784,4.548,355.8
1586.903,4.547,349.0
1602.115,4.513,355.0
1638.954,4.53,361.8
1585.7172,4.541,349.2
1563.8436,4.554,343.4
1589.857,4.562,348.5
1571.475,4.555,345.0
1587.0086,4.546,349.1
1619.0272,4.544,356.3
1595.118,4.564,349.5
1589.1848,4.564,348.2
1578.798,4.563,346.0
1582.9172,4.546,348.2
1638.7644,4.537,361.2
1597.3282,4.534,352.3
1574.925,4.565,345.0
1560.0875,4.555,342.5
1548.2502,4.551,340.2
1585.5389,4.547,348.7
1594.8108,4.554,350.2
1589.5578,4.539,350.2
1545.967,4.555,339.4
1560.0897,4.563,341.9
1557.347,4.567,341.0
1612.6636,4.516,357.1
1616.2346,4.526,357.1
1643.005,4.55,361.1
1589.8755,4.549,349.5
1627.4678,4.522,359.9
1666.4406,4.521,368.6
1591.0296,4.551,349.6
1617.1784,4.558,354.8
1584.1748,4.547,348.4
1613.8064,4.523,356.8
1603.679,4.543,353.0
1580.0825,4.547,347.5
1599.2605,4.555,351.1
1557.2352,4.548,342.4
1598.3298,4.542,351.9
1628.1152,4.544,358.3
1578.5856,4.544,347.4
1555.4184,4.552,341.7
1563.3974,4.562,342.7
1553.1404,4.556,340.9
1606.7505,4.535,354.3
1608.425,4.55,353.5
1562.5953,4.557,342.9
1557.3544,4.559,341.6
1548.799,4.562,339.5
1565.2172,4.558,343.4
1590.225,4.55,349.5
1614.9762,4.539,355.8
1540.231,4.565,337.4
1566.36,4.56,343.5
1590.6351,4.559,348.9
1566.1909,4.541,344.9
1588.466,4.532,350.5
1628.1594,4.534,359.1
1582.9593,4.537,348.9
1603.476,4.545,352.8
1593.6552,4.552,350.1
1635.3856,4.544,359.9
1610.868,4.53,355.6
1580.2965,4.545,347.7
1565.298,4.545,344.4
1599.2382,4.542,352.1
1617.21,4.53,357.0
1614.6204,4.538,355.8
1603.0215,4.545,352.7
1578.0891,4.557,346.3
1567.7088,4.552,344.4
1592.568,4.545,350.4
1609.215,4.533,355.0
1603.2722,4.547,352.6
1552.2304,4.544,341.6
1562.8039,4.547,343.7
1574.1714,4.547,346.2
1587.7035,4.535,350.1
1615.102,4.556,354.5
1578.2312,4.564,345.8
1579.6935,4.559,346.5
1555.6454,4.558,341.3
1557.2392,4.552,342.1
1598.7663,4.551,351.3
1610.99,4.538,355.0
1593.6192,4.548,350.4
1561.4398,4.547,343.4
1591.3329,4.561,348.9
1600.9053,4.539,352.7
1636.3095,4.539,360.5
1594.4589,4.531,351.9
1582.8625,4.555,347.5
1617.98,4.55,355.6
1598.7374,4.538,352.3
1630.2652,4.526,360.2
1578.18,4.535,348.0
1591.623,4.554,349.5
1573.11,4.54,346.5
1581.0392,4.538,348.4
1596.7244,4.531,352.4
1575.5124,4.543,346.8
1583.8173,4.563,347.1
1562.9382,4.558,342.9
1584.5115,4.565,347.1
1618.9502,4.526,357.7
1613.8714,4.541,355.4
1575.3187,4.549,346.3
1564.4664,4.536,344.9
1589.8304,4.558,348.8
1585.368,4.54,349.2
1579.7834,4.537,348.2
1572.025,4.55,345.5
1550.6136,4.566,339.6
1533.4504,4.553,336.8
1577.414,4.559,346.0
1597.5675,4.545,351.5
1609.43,4.54,354.5
1589.5584,4.552,349.2
1538.2501,4.547,338.3
1590.3378,4.566,348.3
1572.5893,4.549,345.7
1621.324,4.52,358.7
1633.525,4.525,361.0
1594.2153,4.551,350.3
1584.5984,4.543,348.8
1605.597,4.542,353.5
1623.6767,4.519,359.3
1629.1602,4.533,359.4
1569.3696,4.541,345.6
1611.8632,4.552,354.1
1571.7696,4.544,345.9
1600.502,4.534,353.0
1592.136,4.536,351.0
1586.0988,4.563,347.6
1575.48,4.56,345.5
1589.6643,4.551,349.3
1569.5296,4.552,344.8
1619.6414,4.547,356.2
1602.055,4.55,352.1
1582.8625,4.555,347.5
1557.7947,4.543,342.9
1562.256,4.56,342.6
1580.4798,4.539,348.2
1591.0615,4.555,349.3
1595.3,4.558,350.0
1600.8741,4.557,351.3
1560.9851,4.547,343.3
1576.12,4.55,346.4
1588.7538,4.538,350.1
1578.4516,4.541,347.6
1602.8008,4.556,351.8
1556.6678,4.549,342.2
1576.8486,4.539,347.4
1614.46,4.535,356.0
1622.5272,4.536,357.7
1617.6996,4.539,356.4
1588.7916,4.542,349.8
1606.503,4.551,353.0
1609.2739,4.537,354.7
1595.2476,4.514,353.4
1614.0288,4.544,355.2
1619.4816,4.544,356.4
1596.7728,4.557,350.4
1603.6696,4.552,352.3
1627.5168,4.536,358.8
1594.2561,4.533,351.7
1564.8661,4.553,343.7
1567.2536,4.552,344.3
1550.9775,4.555,340.5
1604.328,4.532,354.0
1606.452,4.538,354.0
1568.1504,4.548,344.8
1585.3265,4.549,348.5
1595.7876,4.562,349.8
1578.558,4.54,347.7
1577.6768,4.544,347.2
1565.9868,4.547,344.4
1549.3717,4.561,339.7
1575.48,4.56,345.5
1559.6277,4.551,342.7
1577.5932,4.549,346.8
1576.5282,4.542,347.1
1600.2484,4.541,352.4
1560.0828,4.551,342.8
1589.1039,4.539,350.1
1581.3876,4.556,347.1
1617.7824,4.524,357.6
1630.181,4.522,360.5
1616.6304,4.536,356.4
1559.621,4.547,343.0
1608.3222,4.542,354.1
1614.2814,4.518,357.3
1605.8592,4.521,355.2
1641.0375,4.527,362.5
1575.4287,4.531,347.7
1567.608,4.557,344.0
1575.338,4.553,346.0
1614.6204,4.538,355.8
1632.7724,4.538,359.8
1579.842,4.545,347.6
1594.1387,4.543,350.9
1584.1212,4.556,347.7
1579.466,4.54,347.9
1599.2896,4.528,353.2
1623.958,4.54,357.7
1541.8788,4.551,338.8
1565.2222,4.562,343.1
1552.5644,4.561,340.4
1576.8316,4.556,346.1
1605.294,4.545,353.2
1600.0988,4.538,352.6
1580.932,4.556,347.0
1556.7852,4.556,341.7
1544.3855,4.549,339.5
1571.9862,4.542,346.1
1612.52,4.55,354.4
1622.623,4.535,357.8
1589.0712,4.548,349.4
1594.9836,4.548,350.7
1594.3018,4.537,351.4
1651.0143,4.537,363.9
1610.4372,4.539,354.8
1586.343,4.535,349.8
1617.4668,4.546,355.8
1618.2348,4.524,357.7
1610.8323,4.521,356.3
1584.6971,4.529,349.9
1575.5745,4.555,345.9
1585.8597,4.561,347.7
1551.6639,4.549,341.1
1596.4684,4.538,351.8
1601.248,4.549,352.0
1562.9382,4.558,342.9
1583.5575,4.557,347.5
1580.616,4.542,348.0
1598.2705,4.547,351.5
1605.0419,4.543,353.3
1589.526,4.548,349.5
1577.1592,4.553,346.4
1562.3583,4.551,343.3
1598.415,4.55,351.3
1570.386,4.54,345.9
1579.572,4.539,348.0
1592.955,4.55,350.1
1578.6925,4.543,347.5
1592.352,4.56,349.2
1550.754,4.545,341.2
1575.6198,4.542,346.9
1625.5116,4.538,358.2
1588.9192,4.532,350.6
1598.4765,4.545,351.7
1597.113,4.545,351.4
1608.976,4.54,354.4
1634.432,4.52,361.6
1642.9314,4.521,363.4
1597.7816,4.534,352.4
1587.04,4.55,348.8
1609.6286,4.538,354.7
1654.1476,4.522,365.8
1626.5634,4.522,359.7
1562.9148,4.546,343.8
1564.0748,4.556,343.3
1556.3288,4.552,341.9
1568.5888,4.544,345.2
1628.2536,4.533,359.2
1616.6565,4.545,355.7
1619.9574,4.553,355.8
1574.9504,4.544,346.6
1568.8246,4.546,345.1
1593.189,4.539,351.0
1568.4992,4.528,346.4
1595.0473,4.543,351.1
1586.3158,4.561,347.8
1598.981,4.562,350.5
1574.568,4.56,345.3
1589.9373,4.557,348.9
1603.0678,4.531,353.8
1583.6898,4.543,348.6
1523.0052,4.549,334.8
1562.3583,4.551,343.3
1589.4523,4.553,349.1
1604.9365,4.535,353.9
1638.1393,4.529,361.7
1595.013,4.53,352.1
1565.655,4.55,344.1
1586.0994,4.546,348.9
1608.4656,4.536,354.6
1628.6512,4.514,360.8
1621.1918,4.531,357.8
1584.2496,4.542,348.8
1584.8,4.528,350.0
1570.1884,4.546,345.4
1598.0837,4.531,352.7
1579.7834,4.537,348.2
1574.0628,4.548,346.1
1567.8056,4.547,344.8
1565.655,4.55,344.1
1582.6104,4.536,348.9
1590.5375,4.525,351.5
1586.6912,4.549,348.8
1585.7282,4.558,347.9
1585.22,4.55,348.4
1572.9516,4.554,345.4
1611.4021,4.543,354.7
1592.3408,4.534,351.2
1570.5151,4.543,345.7
1544.7342,4.542,340.1
1557.3544,4.559,341.6
1589.857,4.562,348.5
1630.0496,4.538,359.2
1598.9202,4.518,353.9
1574.3,4.55,346.0
1570.7979,4.557,344.7
1593.5527,4.531,351.7
1576.893,4.53,348.1
1637.3164,4.513,362.8
1624.5805,4.519,359.5
1602.2155,4.535,353.3
1614.54,4.548,355.0
1584.006,4.54,348.9
1638.219,4.513,363.0
1617.2778,4.534,356.7
1590.483,4.53,351.1
1593.599,4.535,351.4
1580.9919,4.547,347.7
1631.2695,4.515,361.3
1622.3064,4.524,358.6
1550.4112,4.552,340.6
1552.9136,4.546,341.6
1583.4,4.55,348.0
1553.6799,4.531,342.9
1572.738,4.535,346.8
1590.2582,4.541,350.2
1578.4516,4.541,347.6
1581.4466,4.547,347.8
1561.551,4.546,343.5
1590.75,4.545,350.0
1567.1656,4.532,345.8
1565.1368,4.534,345.2
1558.2655,4.555,342.1
1577.76,4.56,346.0
1555.074,4.547,342.0
1556.3256,4.548,342.2
1582.6104,4.536,348.9
1600.5526,4.538,352.7
1590.4,4.544,350.0
1598.784,4.542,352.0
1559.9144,4.532,344.2
1589.9352,4.522,351.6
1644.385,4.525,363.4
1598.6825,4.525,353.3
1581.3844,4.526,349.4
1593.9504,4.536,351.4
1623.3624,4.532,358.2
1634.6976,4.512,362.3
1562.761,4.535,344.6
1592.6049,4.549,350.1
1597.401,4.551,351.0
1603.758,4.524,354.5
1594.656,4.52,352.8
1585.9613,4.543,349.1
1560.3131,4.553,342.7
1595.4585,4.539,351.5
1598.1819,4.539,352.1
1602.4008,4.524,354.2
1593.654,4.53,351.8
1542.6816,4.548,339.2
1543.2518,4.547,339.4
1570.6746,4.554,344.9
1581.8415,4.539,348.5
1589.2261,4.529,350.9
1567.5532,4.541,345.2
1554.8495,4.553,341.5
1565.8764,4.548,344.3
1572.224,4.544,346.0
1588.9608,4.536,350.3
1622.0414,4.522,358.7
1601.0817,4.519,354.3
1595.0473,4.543,351.1
1590.5375,4.525,351.5
1602.912,4.528,354.0
1614.7332,4.518,357.4
1616.2764,4.516,357.9
1593.6046,4.526,352.1
1622.623,4.535,357.8
1555.1336,4.526,343.6
1606.8182,4.511,356.2
1604.1795,4.515,355.3
1558.8234,4.546,342.9
1554.1665,4.551,341.5
1566.8084,4.556,343.9
1568.6052,4.548,344.9
1621.2625,4.535,357.5
1624.9856,4.534,358.4
1598.6358,4.539,352.2
1586.2,4.532,350.0
1555.4112,4.544,342.3
1593.5528,4.522,352.4
1581.035,4.525,349.4
1591.8,4.548,350.0
1548.02,4.553,340.0
1558.2655,4.555,342.1
1565.7767,4.553,343.9
1589.841,4.545,349.8
1606.5696,4.523,355.2
1569.932,4.54,345.8
1536.0934,4.546,337.9
1556.2129,4.549,342.1
1566.3312,4.548,344.4
1611.1188,4.518,356.6
1627.6575,4.515,360.5
1610.4372,4.539,354.8
1610.9653,4.529,355.7
1591.1914,4.523,351.8
1592.0878,4.514,352.7
1645.248,4.51,364.8
1617.4248,4.523,357.6
1588.4776,4.523,351.2
1629.0,4.525,360.0
1564.1215,4.535,344.9
1607.5988,4.531,354.8
1596.6018,4.514,353.7
1555.7256,4.533,343.2
1560.4188,4.548,343.1
1574.2798,4.546,346.3
1538.16,4.524,340.0
1589.4297,4.527,351.1
1583.4,4.524,350.0
1552.6848,4.544,341.7
1590.1152,4.538,350.4
1536.4515,4.539,338.5
1559.9144,4.532,344.2
1586.1713,4.541,349.3
1598.8282,4.546,351.7
1577.9686,4.537,347.8
1565.3214,4.553,343.8
1543.806,4.554,339.0
1584.2496,4.542,348.8
1603.9161,4.527,354.3
1564.5933,4.539,344.7
1552.3431,4.543,341.7
1591.7403,4.531,351.3
1594.5098,4.526,352.3
1629.8244,4.516,360.9
1622.8748,4.513,359.6
1585.9104,4.526,350.4
1591.9435,4.529,351.5
1582.1865,4.527,349.5
1646.3424,4.513,364.8
1622.3064,4.524,358.6
1602.062,4.532,353.5
1579.0176,4.527,348.8
1583.6408,4.552,347.9
1610.1216,4.533,355.2
1639.7596,4.516,363.1
1586.2392,4.536,349.7
1575.7515,4.545,346.7
1564.4992,4.544,344.3
1595.6629,4.537,351.7
1606.7634,4.521,355.4
1598.6256,4.521,353.6
1537.4572,4.546,338.2
1593.6192,4.548,350.4
1540.7658,4.529,340.2
1555.6761,4.521,344.1
1620.4516,4.534,357.4
1589.868,4.536,350.5
1552.2304,4.544,341.6
1568.6052,4.548,344.9
1569.6244,4.547,345.2
1583.6898,4.543,348.6
1594.2576,4.524,352.4
1582.8194,4.534,349.1
1587.8225,4.525,350.9
1604.7369,4.537,353.7
1565.7187,4.537,345.1
1623.7408,4.528,358.6
1634.6122,4.523,361.4
1571.5911,4.533,346.7
1592.487,4.537,351.0
1599.8961,4.531,353.1
1591.4384,4.516,352.4
1630.9856,4.528,360.2
1567.0798,4.537,345.4
1554.0336,4.536,342.6
1568.8246,4.546,345.1
1577.0612,4.537,347.6
1630.4264,4.534,359.6
1582.366,4.534,349.0
1594.9836,4.548,350.7
1568.5085,4.553,344.5
1559.5008,4.544,343.2
1627.4412,4.532,359.1
1592.9504,4.528,351.8
1602.9196,4.546,352.6
1585.7856,4.536,349.6
1566.645,4.541,345.0
1589.35,4.541,350.0
1595.8138,4.522,352.9
1563.7766,4.534,344.9
1570.9885,4.547,345.5
1555.074,4.547,342.0
1563.4663,4.541,344.3
1588.5072,4.536,350.2
1614.47,4.516,357.5
1615.654,4.513,358.0
1606.9596,4.542,353.8
1567.726,4.531,346.0
1603.3221,4.533,353.7
1613.7,4.5,358.6
1607.34,4.515,356.0
1582.6392,4.527,349.6
1602.0104,4.546,352.4
1599.443,4.531,353.0
1677.5054,4.507,372.2
1640.2188,4.521,362.8
1597.8158,4.547,351.4
1574.552,4.535,347.2
1555.505,4.535,343.0
1596.32,4.535,352.0
1594.7616,4.528,352.2
1593.152,4.526,352.0
1583.1856,4.552,347.8
1578.7992,4.542,347.6
1585.507,4.543,349.0
1609.7357,4.523,355.9
1623.7692,4.518,359.4
1596.3202,4.526,352.7
1559.0464,4.544,343.1
1575.5745,4.555,345.9
1575.7736,4.549,346.4
1586.6254,4.541,349.4
1603.8558,4.523,354.6
1573.8576,4.533,347.2
1570.5501,4.551,345.1
1560.177,4.542,343.5
1574.8638,4.549,346.2
1609.4715,4.535,354.9
1633.886,4.526,361.0
1617.4016,4.528,357.2
1597.1256,4.536,352.1
1583.5845,4.531,349.5
1580.3757,4.527,349.1
1651.3648,4.507,366.4
1629.1912,4.508,361.4
1603.982,4.54,353.3
1595.413,4.535,351.8
1590.2336,4.528,351.2
1605.8592,4.521,355.2
1595.6148,4.524,352.7
1582.356,4.547,348.0
1560.177,4.542,343.5
1559.133,4.535,343.8
1586.2608,4.527,350.4
1623.57,4.525,358.8
1610.6403,4.523,356.1
1580.7221,4.541,348.1
1587.6736,4.544,349.4
1567.188,4.536,345.5
1586.554,4.546,349.0
1630.0944,4.518,360.8
1570.9694,4.543,345.8
1559.5092,4.548,342.9
1553.2563,4.551,341.3
1569.6065,4.543,345.5
1565.2224,4.529,345.6
1577.136,4.532,348.0
1600.9384,4.552,351.7
1565.9721,4.543,344.7
1583.855,4.55,348.1
1613.997,4.521,357.0
1627.297,4.514,360.5
1605.1488,4.519,355.2
1572.96,4.52,348.0
1632.1465,4.535,359.9
1605.7269,4.527,354.7
1623.3261,4.513,359.7
1606.6512,4.536,354.2
1597.728,4.539,352.0
1579.158,4.53,348.6
1608.0878,4.526,355.3
1595.3651,4.531,352.1
1571.3775,4.535,346.5
1575.2729,4.541,346.9
1573.5168,4.553,345.6
1578.4785,4.545,347.3
1611.5424,4.537,355.2
1602.3025,4.525,354.1
1563.7006,4.543,344.2
1564.29,4.55,343.8
1580.8848,4.548,347.6
1574.926,4.54,346.9
1578.3906,4.533,348.2
1595.7216,4.554,350.4
1581.0702,4.542,348.1
1540.9905,4.539,339.5
1593.1573,4.561,349.3
1587.252,4.548,349.0
1635.0531,4.533,360.7
1594.4094,4.527,352.2
1578.4956,4.532,348.3
1616.5576,4.546,355.6
1577.3025,4.539,347.5
1650.6322,4.526,364.7
1672.1118,4.518,370.1
1623.0765,4.535,357.9
1595.7648,4.536,351.8
1582.366,4.534,349.0
1622.2505,4.505,360.1
1640.6751,4.531,362.1
1559.1171,4.531,344.1
1618.4745,4.545,356.1
1578.5856,4.544,347.4
1616.7918,4.539,356.2
1646.1062,4.526,363.7
1593.373,4.546,350.5
1581.8726,4.543,348.2
1584.765,4.55,348.3
1559.7675,4.525,344.7
1617.148,4.54,356.2
1602.8718,4.542,352.9
1557.1227,4.549,342.3
1604.8718,4.558,352.1
1548.594,4.548,340.5
1582.887,4.542,348.5
1613.6736,4.543,355.2
1609.737,4.555,353.4
1596.4517,4.547,351.1
1561.76,4.54,344.0
1596.348,4.548,351.0
1591.0908,4.524,351.7
1576.9252,4.534,347.8
1578.1784,4.552,346.7
1589.3746,4.558,348.7
1603.6287,4.539,353.3
1650.704,4.52,365.2
1629.4525,4.525,360.1
1638.042,4.535,361.2
1600.9554,4.534,353.1
1600.7025,4.541,352.5
1597.4784,4.528,352.8
1606.5696,4.523,355.2
1666.404,4.516,369.0
1595.5667,4.529,352.3
1607.5665,4.545,353.7
1593.8276,4.546,350.6
1612.6205,4.549,354.5
1619.9691,4.539,356.9
1580.9337,4.539,348.3
1581.9276,4.551,347.6
1578.6925,4.543,347.5
1579.4128,4.549,347.2
1622.7888,4.538,357.6
1608.3222,4.542,354.1
1574.9504,4.544,346.6
1565.408,4.544,344.5
1566.0165,4.559,343.5
1605.0788,4.556,352.3
1617.148,4.54,356.2
1584.4928,4.544,348.7
1569.1975,4.555,344.5
1575.936,4.56,345.6
1539.4864,4.552,338.2
1576.8996,4.547,346.8
1650.744,4.545,363.2
1629.3312,4.536,359.2
1607.312,4.52,355.6
1621.5911,4.541,357.1
1615.4301,4.539,355.9
1610.476,4.52,356.3
1643.031,4.53,362.7
1642.2016,4.544,361.4
1636.4028,4.538,360.6
1607.868,4.542,354.0
1610.6096,4.528,355.7
1648.896,4.52,364.8
1615.398,4.53,356.6
1621.3584,4.534,357.6
1565.9991,4.551,344.1
1574.7114,4.542,346.7
1587.0956,4.558,348.2
1573.4316,4.537,346.8
1620.5856,4.542,356.8
1626.5905,4.555,357.1
1605.99,4.556,352.5
1616.7703,4.553,355.1
1580.268,4.541,348.0
1630.9734,4.533,359.8
1644.0258,4.539,362.2
1614.9376,4.544,355.4
1562.2524,4.556,342.9
1581.7725,4.565,346.5
1568.6308,4.556,344.3
1619.8,4.55,356.0
1618.4124,4.541,356.4
1572.025,4.55,345.5
1613.1279,4.553,354.3
1636.444,4.552,359.5
1650.252,4.52,365.1
1670.879,4.522,369.5
1607.8928,4.528,355.1
1614.384,4.545,355.2
1602.3678,4.538,353.1
1650.6322,4.526,364.7
1668.1658,4.522,368.9
1637.5034,4.531,361.4
1602.6127,4.549,352.3
1604.032,4.544,353.0
1635.1348,4.537,360.4
1607.28,4.525,355.2
1599.0336,4.544,351.9
1619.0016,4.558,355.2
1595.1941,4.559,349.9
1593.2688,4.547,350.4
1613.0995,4.535,355.7
1610.0824,4.538,354.8
1603.1113,4.553,352.1
1600.731,4.554,351.5
1617.9583,4.541,356.3
1628.498,4.54,358.7
1620.1627,4.537,357.1
1587.9178,4.546,349.3
1616.4665,4.565,354.1
1576.8753,4.543,347.1
1598.2448,4.556,350.8
1598.622,4.548,351.5
1586.7648,4.544,349.2
1612.151,4.567,353.0
1629.485,4.558,357.5
1592.7096,4.548,350.2
1620.9424,4.543,356.8
1640.9376,4.518,363.2
1664.6036,4.532,367.3
1656.8364,4.548,364.3
1617.8604,4.542,356.2
1637.2274,4.534,361.1
1659.2522,4.531,366.2
1670.8288,4.544,367.7
1610.4372,4.539,354.8
1644.4736,4.544,361.9
1627.59,4.54,358.5
1636.9496,4.537,360.8
1640.6633,4.541,361.3
1609.638,4.547,354.0
1598.5583,4.553,351.1
1612.5714,4.554,354.1
1638.3107,4.537,361.1
1620.7128,4.536,357.3
1610.4976,4.552,353.8
1579.9752,4.548,347.4
1628.277,4.561,357.0
1602.304,4.552,352.0
1618.1184,4.544,356.1
1624.4479,4.549,357.1
1610.346,4.549,354.0
1599.4022,4.558,350.9
1587.5982,4.566,347.7
1623.8575,4.555,356.5
1633.32,4.537,360.0
1597.8561,4.551,351.1
1564.7682,4.566,342.7
1612.1079,4.563,353.3
1613.0754,4.549,354.6
1664.2363,4.531,367.3
1664.8604,4.529,367.6
1618.09,4.558,355.0
1615.5894,4.542,355.7
1641.654,4.545,361.2
1684.1246,4.526,372.1
1687.7454,4.526,372.9
1615.786,4.54,355.9
1636.2522,4.554,359.3
1624.8375,4.545,357.5
1617.567,4.531,357.0
1619.3794,4.531,357.4
1603.0868,4.562,351.4
1593.1573,4.561,349.3
1597.2285,4.557,350.5
1630.6502,4.546,358.7
1629.7649,4.541,358.9
1614.4938,4.553,354.6
1603.8812,4.541,353.2
1625.2404,4.564,356.1
1583.014,4.562,347.0
1617.1139,4.531,356.9
1642.3428,4.557,360.4
1629.616,4.552,358.0
1605.6798,4.559,352.2
1581.6042,4.554,347.3
1600.3496,4.562,350.8
1627.8927,4.551,357.7
1651.198,4.54,363.7
1636.5396,4.551,359.6
1605.6152,4.564,351.8
1662.1644,4.534,366.6
1643.3928,4.536,362.3
1672.8452,4.531,369.2
1652.8077,4.527,365.1
1676.3928,4.548,368.6
1649.7453,4.541,363.3
1634.5714,4.543,359.8
1641.828,4.548,361.0
1651.26,4.524,365.0
1668.9903,4.539,367.7
1639.8954,4.554,360.1
1605.472,4.561,352.0
1611.7546,4.562,353.3
1639.1935,4.547,360.5
1687.9659,4.551,370.9
1609.8856,4.558,353.2
1614.8484,4.554,354.6
1615.4496,4.548,355.2
1641.106,4.546,361.0
1638.8627,4.531,361.7
1642.4797,4.541,361.7
1628.4352,4.564,356.8
1591.2256,4.562,348.8
1597.1924,4.553,350.8
1608.576,4.544,354.0
1627.5996,4.554,357.4
1631.6661,4.559,357.9
1618.0881,4.567,354.3
1606.9012,4.556,352.7
1650.1698,4.561,361.8
1620.4881,4.543,356.7
1646.7456,4.544,362.4
1649.1995,4.537,363.5
1641.9064,4.552,360.7
1619.6111,4.561,355.1
1641.5813,4.531,362.3
1662.4601,4.541,366.1
1712.7738,4.518,379.1
1649.2805,4.505,366.1
1640.3095,4.535,361.7
1625.38,4.525,359.2
1654.356,4.53,365.2
1677.3289,4.537,369.7
1599.2214,4.551,351.4
1603.1915,4.561,351.5
1600.1384,4.564,350.6
1635.3414,4.554,359.1
1645.7515,4.535,362.9
1628.3772,4.546,358.2
1616.3166,4.562,354.3
1605.2634,4.563,351.8
1625.6496,4.546,357.6
1671.0328,4.531,368.8
1618.8984,4.536,356.9
1630.4588,4.562,357.4
1618.694,4.57,354.2
1600.3138,4.558,351.1
1601.952,4.551,352.0
1593.6844,4.543,350.8
1636.9708,4.556,359.3
1645.8741,4.563,360.7
1621.0248,4.556,355.8
1598.3854,4.559,350.6
1617.8356,4.556,355.1
1640.6751,4.531,362.1
1679.5974,4.537,370.2
1614.9948,4.548,355.1
1653.1066,4.549,363.4
1626.5588,4.546,357.8
1645.298,4.535,362.8
1655.9564,4.522,366.2
1645.5666,4.542,362.3
1645.0928,4.552,361.4
1640.1029,4.547,360.7
1656.2364,4.524,366.1
1624.2519,4.551,356.9
1605.1588,4.564,351.7
1588.8906,4.554,348.9
1577.76,4.56,346.0
1625.4854,4.543,357.8
1624.5523,4.529,358.7
1647.2612,4.558,361.4
1598.1399,4.557,350.7
1603.8562,4.559,351.8
1639.848,4.54,361.2
1643.1924,4.548,361.3
1636.7778,4.558,359.1
1605.6152,4.564,351.8
1606.7065,4.571,351.5
1625.3953,4.567,355.9
1627.4225,4.565,356.5
1630.1682,4.551,358.2
1649.821,4.555,362.2
1609.5324,4.557,353.2
1604.208,4.56,351.8
1587.3888,4.551,348.8
1639.86,4.53,362.0
1666.4164,4.532,367.7
1646.376,4.548,362.0
1652.924,4.541,364.0
1657.9284,4.556,363.9
1654.4704,4.544,364.1
1638.582,4.514,363.0
1664.1132,4.548,365.9
1637.8294,4.547,360.2
1635.27,4.55,359.4
1656.0132,4.542,364.6
1611.345,4.539,355.0
1617.9583,4.541,356.3
1607.726,4.57,351.8
1586.8272,4.552,348.6
1616.2613,4.567,353.9
1599.0866,4.561,350.6
1627.5645,4.545,358.1
1633.423,4.555,358.6
1622.8575,4.565,355.5
1632.7731,4.557,358.3
1606.1357,4.559,352.3
1637.0146,4.546,360.1
1625.1252,4.556,356.7
1630.0389,4.557,357.7
1601.084,4.568,350.5
1598.3128,4.564,350.2
1618.6464,4.557,355.2
1635.5885,4.537,360.5
1611.9115,4.547,354.5
1605.967,4.565,351.8
1631.033,4.57,356.9
1641.2144,4.564,359.6
1666.9549,4.531,367.9
1672.5597,4.529,369.3
1648.02,4.54,363.0
1664.1132,4.548,365.9
1609.2815,4.555,353.3
1660.9563,4.527,366.9
1699.3432,4.534,374.8
1646.5612,4.546,362.2
1649.9021,4.559,361.9
1636.2522,4.554,359.3
1660.542,4.537,366.0
1672.308,4.532,369.0
1609.619,4.565,352.6
1613.0268,4.554,354.2
1633.423,4.555,358.6
1580.7221,4.541,348.1
1626.8483,4.543,358.1
1656.6535,4.555,363.7
1645.704,4.56,360.9
1617.111,4.545,355.8
1625.3226,4.554,356.9
1625.1252,4.556,356.7
1617.308,4.543,356.0
1608.425,4.55,353.5
1600.6572,4.572,350.1
1576.2945,4.565,345.3
