1826.2272,4.424,412.8
1852.399,4.421,419.0
1818.3,4.408,412.5
1861.9634,4.378,425.3
1899.648,4.365,435.2
1879.1158,4.409,426.2
1830.416,4.432,413.0
1827.6126,4.422,413.3
1672.902,4.473,374.0
1602.8718,4.542,352.9
1652.997,4.53,364.9
1646.9124,4.522,364.2
1600.1316,4.551,351.6
1558.2655,4.555,342.1
1650.5552,4.552,362.6
1591.4906,4.529,351.4
1621.9074,4.533,357.8
1664.8457,4.513,368.9
1675.8365,4.511,371.5
1587.9099,4.533,350.3
1599.543,4.53,353.1
1620.8087,4.549,356.3
1596.372,4.53,352.4
1628.9119,4.501,361.9
1683.3275,4.519,372.5
1644.7106,4.511,364.6
1592.0916,4.532,351.3
1607.5584,4.536,354.4
1602.1125,4.545,352.5
1615.3015,4.531,356.5
1647.6477,4.503,365.9
1671.29,4.517,370.0
1623.765,4.542,357.5
1600.6008,4.542,352.4
1618.51,4.54,356.5
1591.971,4.542,350.5
1605.052,4.52,355.1
1634.0704,4.519,361.6
1650.8205,4.529,364.5
1590.7853,4.549,349.7
1585.0842,4.547,348.6
1598.5248,4.562,350.4
1592.1135,4.545,350.3
1562.16,4.528,345.0
1625.2166,4.517,359.8
1639.5875,4.523,362.5
1610.792,4.54,354.8
1594.6962,4.542,351.1
1596.5937,4.563,349.9
1601.9081,4.547,352.3
1600.7931,4.549,351.9
1641.9429,4.527,362.7
1630.6332,4.522,360.6
1613.1606,4.539,355.4
1570.3297,4.553,344.9
1572.1155,4.545,345.9
1555.416,4.548,342.0
1584.1212,4.556,347.7
1626.9318,4.518,360.1
1600.1999,4.537,352.7
1613.1606,4.539,355.4
1573.0764,4.557,345.2
1555.9775,4.543,342.5
1555.872,4.56,341.2
1560.4096,4.544,343.4
1613.6145,4.539,355.5
1627.6425,4.525,359.7
1617.21,4.53,357.0
1613.43,4.55,354.6
1577.94,4.55,346.8
1580.1494,4.559,346.6
1550.2965,4.553,340.5
1564.8113,4.537,344.9
1628.64,4.524,360.0
1612.4208,4.528,356.1
1592.998,4.532,351.5
1564.6338,4.551,343.8
1566.92,4.555,344.0
1544.5008,4.548,339.6
1561.4291,4.543,343.7
1608.4754,4.522,355.7
1633.065,4.53,360.5
1680.1108,4.514,372.2
1596.0196,4.529,352.4
1585.7172,4.541,349.2
1602.5688,4.536,353.3
1594.5288,4.548,350.6
1625.4945,4.509,360.5
1685.3254,4.499,374.6
1643.895,4.51,364.5
1604.6247,4.529,354.3
1622.3607,4.533,357.9
1579.611,4.53,348.7
1609.1166,4.534,354.9
1628.9119,4.501,361.9
1680.8274,4.522,371.7
1621.62,4.536,357.5
1604.5344,4.548,352.8
1610.848,4.544,354.5
1626.7992,4.534,358.8
1639.7667,4.521,362.7
1649.758,4.51,365.8
1644.2096,4.532,362.8
1591.389,4.53,351.3
1614.5822,4.543,355.4
1552.9136,4.546,341.6
1557.5815,4.561,341.5
1606.73,4.526,355.0
1670.4268,4.522,369.4
1632.803,4.523,361.0
1554.2774,4.546,341.9
1591.517,4.555,349.4
1589.841,4.545,349.8
1591.623,4.554,349.5
1613.2193,4.543,355.1
1619.8554,4.526,357.9
1616.2764,4.516,357.9
1599.7531,4.559,350.9
1574.5176,4.548,346.2
1574.098,4.556,345.5
1554.508,4.552,341.5
1574.628,4.53,347.6
1628.832,4.512,361.0
1665.8512,4.528,367.9
1584.006,4.54,348.9
1582.035,4.55,347.7
1579.1468,4.543,347.6
1592.3949,4.551,349.9
1581.3876,4.556,347.1
1621.7847,4.539,357.3
1640.584,4.532,362.0
1627.1079,4.521,359.9
1592.2158,4.557,349.4
1589.4816,4.557,348.8
1566.8084,4.556,343.9
1572.025,4.55,345.5
1589.1414,4.543,349.8
1632.5193,4.531,360.3
1631.0781,4.527,360.3
1608.7286,4.547,353.8
1546.1988,4.553,339.6
1604.1676,4.556,352.1
1575.1476,4.563,345.2
1567.9594,4.562,343.7
1624.036,4.52,359.3
1635.783,4.53,361.1
1617.924,4.532,357.0
1576.2486,4.553,346.2
1569.11,4.535,346.0
1574.646,4.551,346.0
1570.8792,4.548,345.4
1619.1396,4.524,357.9
1656.5712,4.504,367.8
1670.3424,4.512,370.2
1585.5,4.53,350.0
1598.6817,4.543,351.9
1611.7107,4.549,354.3
1606.806,4.539,354.0
1647.5632,4.504,365.8
1640.912,4.508,364.0
1648.926,4.545,362.8
1590.05,4.543,350.0
1598.784,4.542,352.0
1599.4689,4.553,351.3
1628.1594,4.534,359.1
1639.5875,4.523,362.5
1651.587,4.515,365.8
1644.204,4.542,362.0
1594.448,4.54,351.2
1599.2382,4.542,352.1
1615.7475,4.545,355.5
1619.992,4.51,359.2
1642.6565,4.519,363.5
1641.486,4.522,363.0
1584.444,4.553,348.0
1574.0416,4.544,346.4
1594.4943,4.557,349.9
1598.5186,4.549,351.4
1575.744,4.528,348.0
1629.7344,4.512,361.2
1653.6737,4.517,366.1
1596.3171,4.557,350.3
1565.098,4.555,343.6
1555.19,4.55,341.8
1586.6595,4.545,349.1
1572.3912,4.534,346.8
1625.1534,4.537,358.2
1630.902,4.524,360.5
1590.4,4.544,350.0
1571.2536,4.557,344.8
1560.9851,4.547,343.3
1571.9305,4.555,345.1
1595.3343,4.549,350.7
1647.3936,4.506,365.6
1644.5184,4.508,364.8
1598.4864,4.536,352.4
1573.4216,4.558,345.2
1574.8992,4.557,345.6
1545.4104,4.548,339.8
1561.7832,4.548,343.4
1611.2855,4.535,355.3
1656.4587,4.537,365.1
1649.648,4.532,364.0
1588.784,4.555,348.8
1545.967,4.555,339.4
1580.0568,4.564,346.2
1533.4504,4.553,336.8
1575.7001,4.537,347.3
1628.0022,4.526,359.7
1633.7737,4.537,360.1
1599.9864,4.548,351.8
1560.6592,4.558,342.4
1566.1288,4.558,343.6
1576.751,4.565,345.4
1555.0689,4.543,342.3
1622.5152,4.512,359.6
1659.5136,4.512,367.8
1605.885,4.53,354.5
1603.36,4.555,352.0
1600.9053,4.539,352.7
1590.4656,4.539,350.4
1574.2572,4.542,346.6
1629.5514,4.519,360.6
1669.3928,4.507,370.4
1637.326,4.523,362.0
1593.6844,4.543,350.8
1592.1135,4.545,350.3
1621.0055,4.547,356.5
1623.4344,4.536,357.9
1660.4189,4.501,368.9
1680.9345,4.515,372.3
1581.6303,4.541,348.3
1601.258,4.54,352.7
1635.4608,4.548,359.6
1590.6084,4.542,350.2
1631.8872,4.503,362.4
1683.8922,4.506,373.7
1679.8176,4.512,372.3
1624.458,4.53,358.6
1594.2561,4.533,351.7
1590.68,4.55,349.6
1554.2724,4.542,342.2
1635.0608,4.528,361.1
1615.654,4.513,358.0
1595.0612,4.534,351.8
1576.0463,4.559,345.7
1580.5372,4.547,347.6
1550.5165,4.535,341.9
1601.3671,4.561,351.1
1608.764,4.519,356.0
1626.306,4.51,360.6
1612.71,4.525,356.4
1579.0888,4.552,346.9
1581.7548,4.561,346.8
1581.279,4.557,347.0
1571.4603,4.551,345.3
1591.7403,4.531,351.3
1629.7288,4.522,360.4
1643.2948,4.522,363.4
1608.012,4.536,354.5
1602.4071,4.551,352.1
1585.5684,4.551,348.4
1574.208,4.555,345.6
1579.6521,4.551,347.1
1649.826,4.53,364.2
1653.9145,4.535,364.7
1598.2841,4.529,352.9
1552.8012,4.551,341.2
1559.7228,4.542,343.4
1588.5702,4.557,348.6
1568.2746,4.551,344.6
1579.4352,4.536,348.2
1616.728,4.516,358.0
1650.72,4.525,364.8
1561.2303,4.561,342.3
1564.745,4.55,343.9
1544.7342,4.542,340.1
1583.5985,4.565,346.9
1607.5665,4.545,353.7
1638.2304,4.528,361.8
1645.201,4.526,363.5
1597.4214,4.542,351.7
1600.3795,4.553,351.5
1586.0761,4.559,347.9
1574.9133,4.561,345.3
1569.4308,4.557,344.4
1606.2144,4.522,355.2
1662.5076,4.503,369.2
1637.493,4.511,363.0
1537.4134,4.558,337.3
1622.7407,4.529,358.3
1637.8642,4.517,362.6
1624.866,4.54,357.9
1583.2032,4.539,348.8
1627.2526,4.534,358.9
1635.154,4.517,362.0
1650.9822,4.522,365.1
1629.0924,4.524,360.1
1588.932,4.545,349.6
1554.39,4.545,342.0
1757.6999,4.451,394.9
1637.6866,4.477,365.8
1608.8202,4.537,354.6
1592.2548,4.548,350.1
1588.932,4.545,349.6
1598.432,4.541,352.0
1562.238,4.548,343.5
1599.5903,4.543,352.1
1622.2652,4.534,357.8
1587.0426,4.537,349.8
1573.1868,4.556,345.3
1590.044,4.556,349.0
1561.7968,4.556,342.8
1535.0898,4.539,338.2
1624.2858,4.546,357.3
1611.2855,4.535,355.3
1586.3104,4.544,349.1
1543.815,4.55,339.3
1573.9721,4.553,345.7
1573.2807,4.551,345.7
1651.638,4.53,364.6
1641.7596,4.524,362.9
1572.0705,4.537,346.5
1629.6904,4.537,359.2
1600.4989,4.543,352.3
1605.4894,4.534,354.1
1607.696,4.516,356.0
1630.219,4.541,359.0
1613.0016,4.536,355.6
1610.792,4.54,354.8
1578.8094,4.529,348.6
1574.496,4.544,346.5
1621.76,4.525,358.4
1607.868,4.542,354.0
1575.21,4.55,346.2
1553.0286,4.549,341.4
1613.6736,4.543,355.2
1622.098,4.531,358.0
1571.216,4.528,347.0
1582.945,4.55,347.9
1588.3803,4.563,348.1
1559.4025,4.553,342.5
1572.6062,4.553,345.4
1567.46,4.525,346.4
1613.684,4.552,354.5
1590.1908,4.546,349.8
1560.0875,4.555,342.5
1568.9501,4.549,344.9
1557.5826,4.557,341.8
1588.3724,4.546,349.4
1673.256,4.498,372.0
1602.558,4.527,354.0
1570.148,4.538,346.0
1587.0033,4.533,350.1
1591.785,4.535,351.0
1624.8568,4.516,359.8
1658.9727,4.529,366.3
1595.8265,4.553,350.5
1568.739,4.53,346.3
1568.116,4.54,345.4
1633.9775,4.525,361.1
1635.2438,4.526,361.3
1568.715,4.547,345.0
1569.4976,4.544,345.4
1590.4996,4.556,349.1
1587.4963,4.537,349.9
1606.2395,4.531,354.5
1593.6429,4.539,351.1
1559.4054,4.557,342.2
1559.3972,4.549,342.8
1574.1909,4.551,345.9
1592.8794,4.542,350.7
1575.048,4.526,348.0
1616.7918,4.539,356.2
1558.128,4.54,343.2
1572.2756,4.556,345.1
1575.119,4.555,345.8
1572.9516,4.554,345.4
1580.3226,4.549,347.4
1613.519,4.526,356.5
1575.7001,4.537,347.3
1579.674,4.555,346.8
1558.9253,4.541,343.3
1565.8972,4.556,343.7
1588.299,4.551,349.0
1653.1362,4.518,365.9
1622.1695,4.535,357.7
1603.62,4.53,354.0
1604.8368,4.536,353.8
1611.5016,4.542,354.8
1658.5578,4.518,367.1
1641.1276,4.526,362.6
1581.0702,4.542,348.1
1620.423,4.539,357.0
1581.1104,4.533,348.8
1632.2592,4.524,360.8
1622.0241,4.527,358.3
1567.0991,4.541,345.1
1577.2464,4.548,346.8
1580.2965,4.545,347.7
1637.3248,4.528,361.6
1597.626,4.54,351.9
1618.435,4.55,355.7
1609.1166,4.534,354.9
1569.0744,4.552,344.7
1572.916,4.546,346.0
1556.6707,4.553,341.9
1593.4369,4.541,350.9
1582.2988,4.556,347.3
1622.8352,4.528,358.4
1551.4345,4.543,341.5
1565.544,4.551,344.0
1575.338,4.553,346.0
1558.5996,4.548,342.7
1581.0988,4.546,347.8
1612.8414,4.533,355.8
1615.4642,4.534,356.3
1604.89,4.54,353.5
1613.8714,4.541,355.4
1595.5016,4.543,351.2
1653.8004,4.526,365.4
1643.924,4.52,363.7
1620.1944,4.546,356.4
1606.6926,4.531,354.6
1582.6392,4.527,349.6
1631.253,4.53,360.1
1646.9124,4.522,364.2
1591.8,4.548,350.0
1590.044,4.556,349.0
1578.2312,4.564,345.8
1590.1505,4.555,349.1
1607.764,4.52,355.7
1602.1152,4.536,353.2
1594.7055,4.555,350.1
1600.2484,4.541,352.4
1579.9992,4.552,347.1
1568.385,4.55,344.7
1597.1256,4.536,352.1
1595.8265,4.553,350.5
1597.376,4.538,352.0
1564.0672,4.552,343.6
1542.1236,4.541,339.6
1578.8718,4.554,346.7
1586.4156,4.543,349.2
1600.3968,4.544,352.2
1634.9604,4.534,360.6
1572.48,4.55,345.6
1562.3583,4.551,343.3
1578.1312,4.544,347.3
1617.148,4.54,356.2
1648.2884,4.532,363.7
1644.1002,4.518,363.9
1606.5564,4.546,353.4
1583.934,4.532,349.5
1607.244,4.53,354.8
1630.1853,4.517,360.9
1662.837,4.51,368.7
1624.0225,4.525,358.9
1615.398,4.53,356.6
1569.1848,4.551,344.8
1570.1242,4.534,346.3
1568.4614,4.541,345.4
1626.6096,4.536,358.6
1613.0016,4.536,355.6
1578.6108,4.548,347.1
1593.7456,4.538,351.2
1563.612,4.552,343.5
1627.0821,4.531,359.1
1597.4777,4.537,352.1
1602.2144,4.544,352.6
1594.9159,4.553,350.3
1557.4416,4.538,343.2
1554.2802,4.554,341.3
1566.576,4.554,344.0
1563.8637,4.529,345.3
1608.1216,4.544,353.9
1582.7812,4.543,348.4
1563.6024,4.548,343.8
1559.1465,4.539,343.5
1571.6795,4.549,345.5
1586.5206,4.542,349.3
1646.4602,4.522,364.1
1612.4208,4.528,356.1
1585.3969,4.531,349.9
1620.9424,4.543,356.8
1591.9896,4.533,351.2
1644.6654,4.501,365.4
1657.9922,4.514,367.3
1609.8012,4.527,355.6
1579.8888,4.536,348.3
1616.1419,4.541,355.9
1591.3416,4.526,351.6
1575.1862,4.529,347.8
1634.2116,4.542,359.8
1581.8726,4.543,348.2
1577.5149,4.537,347.7
1574.1909,4.551,345.9
1559.1465,4.539,343.5
1600.2484,4.541,352.4
1626.4192,4.538,358.4
1583.1588,4.548,348.1
1576.288,4.54,347.2
1572.3991,4.559,344.9
1550.8472,4.564,339.8
1636.8663,4.533,361.1
1589.577,4.53,350.9
1566.3312,4.548,344.4
1595.6165,4.555,350.3
1580.4544,4.552,347.2
1572.0542,4.558,344.9
1597.0697,4.541,351.7
1581.5904,4.524,349.6
1578.4608,4.528,348.6
1579.92,4.54,348.0
1584.5649,4.539,349.1
1608.7764,4.542,354.2
1653.7818,4.521,365.8
1636.0578,4.527,361.4
1615.8464,4.544,355.6
1593.599,4.535,351.4
1608.976,4.54,354.4
1647.052,4.51,365.2
1655.199,4.515,366.6
1628.9969,4.549,358.1
1590.7752,4.536,350.7
1594.3451,4.541,351.1
1605.5444,4.538,353.8
1589.0217,4.531,350.7
1615.7232,4.536,356.2
1597.05,4.55,351.0
1580.5097,4.543,347.9
1566.5516,4.546,344.6
1570.148,4.538,346.0
1591.6384,4.532,351.2
1590.9953,4.547,349.9
1584.7356,4.546,348.6
1585.675,4.55,348.5
1565.0774,4.547,344.2
1557.92,4.55,342.4
1548.8194,4.538,341.3
1632.849,4.542,359.5
1603.5209,4.531,353.9
1567.264,4.556,344.0
1565.4216,4.548,344.2
1581.5534,4.546,347.9
1602.854,4.51,355.4
1654.4268,4.524,365.7
1591.1392,4.528,351.4
1626.8168,4.529,359.2
1619.1175,4.529,357.5
1625.5338,4.533,358.6
1659.8814,4.513,367.8
1628.5605,4.515,360.7
1596.0146,4.538,351.7
1604.2344,4.542,353.2
1562.2888,4.531,344.8
1601.712,4.54,352.8
1610.7705,4.531,355.5
1609.4715,4.535,354.9
1554.9632,4.552,341.6
1567.6956,4.548,344.7
1563.6024,4.548,343.8
1589.2698,4.533,350.6
1612.3881,4.533,355.7
1617.7588,4.529,357.2
1585.0188,4.539,349.2
1574.925,4.565,345.0
1587.95,4.55,349.0
1563.54,4.532,345.0
1592.3215,4.543,350.5
1604.682,4.533,354.0
1537.3407,4.547,338.1
1564.8738,4.557,343.4
1563.7236,4.551,343.6
1583.4,4.55,348.0
1571.1101,4.529,346.9
1615.9472,4.529,356.8
1635.8748,4.529,361.2
1602.9684,4.532,353.7
1593.41,4.55,350.2
1603.4271,4.541,353.1
1598.9202,4.518,353.9
1644.2064,4.527,363.2
1611.9115,4.547,354.5
1560.1494,4.534,344.1
1650.53,4.522,365.0
1655.676,4.52,366.3
1604.6628,4.524,354.7
1577.94,4.55,346.8
1588.1145,4.557,348.5
1587.1461,4.549,348.9
1595.295,4.545,351.0
1613.283,4.519,357.0
1606.2452,4.517,355.6
1587.7035,4.535,350.1
1590.225,4.55,349.5
1577.068,4.558,346.0
1563.7006,4.543,344.2
1627.3632,4.528,359.4
1564.662,4.53,345.4
1582.7544,4.556,347.4
1566.786,4.548,344.5
1572.0068,4.546,345.8
1573.4991,4.549,345.9
1605.4894,4.534,354.1
1587.2093,4.531,350.3
1572.5242,4.537,346.6
1583.318,4.555,347.6
1578.156,4.548,347.0
1599.2896,4.528,353.2
1634.877,4.53,360.9
1662.6548,4.523,367.6
1628.9163,4.521,360.3
1602.9684,4.532,353.7
1612.1298,4.531,355.8
1628.8244,4.522,360.2
1639.2974,4.511,363.4
1619.4485,4.535,357.1
1604.1292,4.534,353.8
1594.912,4.531,352.0
1562.4602,4.546,343.7
1601.2988,4.526,353.8
1630.1727,4.527,360.1
1593.201,4.53,351.7
1601.1073,4.537,352.9
1582.8194,4.534,349.1
1568.6052,4.548,344.9
1629.3728,4.516,360.8
1587.5168,4.528,350.6
1614.3624,4.536,355.9
1564.3745,4.541,344.5
1585.507,4.543,349.0
1568.025,4.545,345.0
1572.2845,4.535,346.7
1623.8156,4.532,358.3
1607.9904,4.527,355.2
1568.4795,4.545,345.1
1562.5428,4.537,344.4
1583.1296,4.544,348.4
1538.028,4.545,338.4
1624.8166,4.531,358.6
1632.62,4.51,362.0
1590.1764,4.533,350.8
1591.4808,4.511,352.8
1595.2144,4.528,352.3
1600.3358,4.522,353.9
1652.5652,4.498,367.4
1642.116,4.52,363.3
1596.7728,4.526,352.8
1598.9792,4.522,353.6
1609.2739,4.537,354.7
1615.8248,4.516,357.8
1620.0233,4.529,357.7
1565.0285,4.535,345.1
1570.7328,4.524,347.2
1555.8356,4.532,343.3
1563.4663,4.541,344.3
1622.665,4.525,358.6
1596.5196,4.524,352.9
1572.6312,4.536,346.7
1545.8688,4.536,340.8
1575.0055,4.535,347.3
1573.7358,4.551,345.8
1602.8893,4.519,354.7
1564.794,4.516,346.5
1592.7351,4.539,350.9
1568.4409,4.537,345.7
1582.945,4.55,347.9
1564.03,4.54,344.5
1592.1934,4.531,351.4
1580.5416,4.521,349.6
1613.133,4.53,356.1
1557.7212,4.523,344.4
1580.0266,4.526,349.1
1608.4431,4.527,355.3
1632.534,4.516,361.5
1656.2135,4.519,366.5
1631.6308,4.516,361.3
1607.303,4.534,354.5
1588.1734,4.526,350.9
1591.2396,4.518,352.2
1624.953,4.51,360.3
1599.3945,4.499,355.5
1620.381,4.53,357.7
1581.282,4.54,348.3
1604.526,4.53,354.2
1576.5449,4.529,348.1
1570.2791,4.511,348.1
1618.5415,4.535,356.9
1567.879,4.538,345.5
1567.1656,4.532,345.8
1574.0379,4.527,347.7
1553.6799,4.531,342.9
1629.441,4.53,359.7
1606.6008,4.518,355.6
1584.4248,4.536,349.3
1583.413,4.537,349.0
1559.3669,4.537,343.7
1530.3301,4.537,337.3
1583.4416,4.528,349.7
1618.0828,4.516,358.3
1583.8302,4.533,349.4
1571.0976,4.546,345.6
1563.341,4.538,344.5
1571.3217,4.527,347.1
1594.2465,4.515,353.1
1614.1415,4.505,358.3
1624.7735,4.507,360.5
1596.12,4.528,352.5
1608.7008,4.529,355.2
1590.5352,4.516,352.2
1590.677,4.51,352.7
1634.7023,4.517,361.9
1617.0273,4.503,359.1
1601.6637,4.513,354.9
1571.344,4.505,348.8
1562.397,4.53,344.9
1594.593,4.543,351.0
1637.3164,4.513,362.8
1584.7741,4.537,349.3
1581.4183,4.543,348.1
1578.6925,4.543,347.5
1572.6312,4.536,346.7
1606.3113,4.521,355.3
1576.1434,4.511,349.4
1610.928,4.52,356.4
1569.8237,4.541,345.7
1573.0848,4.536,346.8
1596.7616,4.544,351.4
1572.1776,4.536,346.6
1602.1152,4.536,353.2
1586.2608,4.527,350.4
1599.3936,4.536,352.6
1578.3565,4.529,348.5
1546.6535,4.529,341.5
1578.9057,4.541,347.7
1584.5984,4.543,348.8
1630.5097,4.493,362.9
1626.305,4.505,361.0
1623.2416,4.504,360.4
1578.6688,4.526,348.8
1620.2326,4.522,358.3
1595.913,4.521,353.0
1621.796,4.51,359.6
1628.9163,4.521,360.3
1599.9552,4.512,354.6
1582.9476,4.524,349.9
1595.5746,4.506,354.1
1583.7913,4.529,349.7
1598.6329,4.507,354.7
1569.7616,4.516,347.6
1580.3226,4.549,347.4
1585.6815,4.537,349.5
1577.9975,4.541,347.5
1602.2768,4.516,354.8
1623.6,4.51,360.0
1603.6758,4.534,353.7
1579.572,4.539,348.0
1567.8984,4.542,345.2
1541.5586,4.538,339.7
1542.807,4.535,340.2
1640.1294,4.522,362.7
1578.18,4.535,348.0
1596.7244,4.531,352.4
1565.996,4.526,346.0
1589.868,4.536,350.5
1586.9386,4.538,349.7
1574.8992,4.536,347.2
1574.352,4.524,348.0
1610.07,4.51,357.0
1585.5676,4.516,351.1
1617.4016,4.528,357.2
1584.594,4.53,349.8
1593.9,4.5,354.2
1682.5536,4.494,374.4
1591.1399,4.519,352.1
1600.3492,4.531,353.2
1571.1852,4.524,347.3
1605.1315,4.505,356.3
1633.9635,4.505,362.7
1555.149,4.53,343.3
1574.1252,4.539,346.8
1581.7032,4.536,348.7
1569.802,4.537,346.0
1607.2902,4.506,356.7
1595.108,4.52,352.9
1586.2392,4.536,349.7
1606.9485,4.533,354.5
1572.9217,4.529,347.3
1547.208,4.524,342.0
1563.574,4.519,346.0
1610.0916,4.524,355.9
1588.1264,4.522,351.2
1556.7552,4.536,343.2
1600.149,4.533,353.0
1555.162,4.534,343.0
1535.785,4.525,339.4
1630.902,4.524,360.5
1607.4354,4.514,356.1
1579.3598,4.541,347.8
1581.876,4.53,349.2
1601.1008,4.528,353.6
1588.8752,4.528,350.9
1639.9926,4.503,364.2
1634.7768,4.506,362.8
1612.8414,4.533,355.8
1589.4748,4.531,350.8
1615.9944,4.519,357.6
1639.7143,4.501,364.3
1625.76,4.516,360.0
1594.2465,4.515,353.1
1616.8982,4.519,357.8
1584.633,4.534,349.5
1592.55,4.5,353.9
1600.5675,4.515,354.5
1615.1376,4.528,356.7
1567.1408,4.528,346.1
1571.3217,4.527,347.1
1566.5176,4.538,345.2
1603.7931,4.519,354.9
1638.483,4.51,363.3
1596.7595,4.517,353.5
1548.0122,4.529,341.8
1576.3136,4.544,346.9
1585.5,4.53,350.0
1593.9044,4.532,351.7
1589.4144,4.536,350.4
1621.382,4.529,358.0
1554.9292,4.532,343.1
1569.802,4.537,346.0
1559.2426,4.534,343.9
1573.298,4.534,347.0
1580.3084,4.532,348.7
1645.353,4.514,364.5
1621.8802,4.514,359.3
1621.4288,4.514,359.2
1597.2254,4.526,352.9
1632.4438,4.517,361.4
1663.4664,4.491,370.4
1610.6403,4.523,356.1
1586.1584,4.528,350.3
1576.782,4.518,349.0
1601.808,4.53,353.6
1649.8431,4.509,365.9
1603.66,4.525,354.4
1557.0984,4.537,343.2
1554.0096,4.528,343.2
1573.0024,4.541,346.4
1639.6772,4.522,362.6
1615.0906,4.519,357.4
1613.2298,4.529,356.2
1598.534,4.54,352.1
1583.7954,4.542,348.7
1582.329,4.53,349.3
1595.0625,4.525,352.5
1581.3,4.518,350.0
1610.868,4.53,355.6
1578.9793,4.523,349.1
1578.7184,4.547,347.2
1575.727,4.541,347.0
1554.7188,4.538,342.6
1581.138,4.524,349.5
1572.09,4.524,347.5
1608.3084,4.533,354.8
1587.222,4.522,351.0
1617.4708,4.532,356.9
1588.9806,4.518,351.7
1629.012,4.515,360.8
1665.4176,4.506,369.6
1632.534,4.516,361.5
1617.3059,4.529,357.1
1600.945,4.525,353.8
1610.7705,4.531,355.5
1596.0546,4.501,354.6
1640.6346,4.506,364.1
1579.4928,4.518,349.6
1555.1726,4.538,342.7
1574.7344,4.546,346.4
1605.432,4.53,354.4
1610.188,4.523,356.0
1607.697,4.53,354.9
1561.1817,4.537,344.1
1576.7136,4.536,347.6
1568.1241,4.523,346.7
1590.6864,4.528,351.3
1633.164,4.524,361.0
1607.0219,4.523,355.3
1551.312,4.536,342.0
1581.2496,4.536,348.6
1771.777,4.445,398.6
1612.71,4.525,356.4
1584.0566,4.522,350.3
1619.1175,4.529,357.5
1563.7766,4.534,344.9
1559.036,4.54,343.4
1599.8472,4.536,352.7
1592.9407,4.537,351.1
1605.6298,4.514,355.7
1651.1355,4.515,365.7
1619.4222,4.521,358.2
1615.3533,4.521,357.3
1608.3788,4.523,355.6
1645.8198,4.519,364.2
1654.0348,4.502,367.4
1640.9987,4.507,364.1
1622.783,4.514,359.5
1597.4244,4.524,353.1
1589.0308,4.522,351.4
1615.0906,4.519,357.4
1597.6352,4.508,354.4
1572.0444,4.533,346.8
1607.0599,4.541,353.9
1573.8275,4.529,347.5
1584.2835,4.533,349.5
1602.5968,4.522,354.4
1611.1188,4.518,356.6
1577.5695,4.545,347.1
1617.5042,4.541,356.2
1570.4446,4.531,346.6
1549.7314,4.546,340.9
1586.1584,4.528,350.3
1621.5496,4.532,357.8
1598.637,4.53,352.9
1561.2168,4.549,343.2
1586.3424,4.548,348.8
1587.3534,4.534,350.1
1544.3825,4.525,341.3
1627.6425,4.525,359.7
1612.6407,4.521,356.7
1600.945,4.525,353.8
1576.8486,4.539,347.4
1642.7448,4.518,363.6
1636.4214,4.523,361.8
1618.1046,4.506,359.1
1630.0892,4.523,360.4
1629.5448,4.524,360.2
1599.1899,4.529,353.1
1613.586,4.53,356.2
1662.251,4.495,369.8
1662.5886,4.502,369.3
1585.15,4.529,350.0
1591.5546,4.546,350.1
1596.0693,4.533,352.1
1604.1125,4.525,354.5
1593.795,4.515,353.0
1603.62,4.53,354.0
1577.852,4.555,346.4
1595.356,4.54,351.4
1592.8794,4.542,350.7
1585.0626,4.521,350.6
1618.569,4.53,357.3
1630.1853,4.517,360.9
1591.5796,4.537,350.8
1569.1522,4.543,345.4
1611.9558,4.542,354.9
1567.6956,4.548,344.7
1585.9104,4.526,350.4
1624.6734,4.542,357.7
1624.7952,4.536,358.2
1574.0416,4.544,346.4
1600.1999,4.537,352.7
1611.0887,4.537,355.1
1600.434,4.521,354.0
1639.5596,4.508,363.7
1644.0122,4.519,363.8
1628.095,4.525,359.8
1612.4742,4.518,356.9
1612.4495,4.523,356.5
1665.4526,4.522,368.3
1642.578,4.53,362.6
1610.0595,4.529,355.5
1622.665,4.525,358.6
1574.1252,4.539,346.8
1592.4429,4.533,351.3
1641.4866,4.537,361.8
1657.1611,4.529,365.9
1564.484,4.54,344.6
1595.5016,4.543,351.2
1580.215,4.55,347.3
1614.5223,4.539,355.7
1639.6772,4.522,362.6
1611.9348,4.533,355.6
1569.6399,4.551,344.9
1579.0888,4.552,346.9
1594.3451,4.541,351.1
1592.3964,4.529,351.6
1641.3946,4.538,361.7
1634.7023,4.517,361.9
1606.8496,4.534,354.4
1604.1816,4.547,352.8
1594.107,4.53,351.9
1613.0754,4.549,354.6
1610.3802,4.521,356.2
1611.423,4.51,357.3
1630.2652,4.526,360.2
1635.6886,4.511,362.6
1631.5052,4.537,359.6
1617.1617,4.521,357.7
1668.8914,4.502,370.7
1643.3835,4.521,363.5
1624.1739,4.533,358.3
1629.5342,4.529,359.8
1601.2988,4.526,353.8
1641.9295,4.517,363.5
1668.4561,4.513,369.7
1620.4516,4.534,357.4
1601.8056,4.548,352.2
1619.7009,4.551,355.9
1597.96,4.55,351.2
1585.0052,4.526,350.2
1655.3733,4.539,364.7
1610.6096,4.528,355.7
1592.2812,4.539,350.8
1583.2032,4.539,348.8
1602.567,4.545,352.6
1617.4668,4.546,355.8
1648.3566,4.521,364.6
1615.172,4.537,356.0
1620.5508,4.547,356.4
1585.22,4.55,348.4
1589.7,4.542,350.0
1601.9081,4.547,352.3
1587.5596,4.532,350.3
1642.2016,4.544,361.4
1651.0143,4.537,363.9
1626.0723,4.551,357.3
1601.7903,4.521,354.3
1605.8248,4.526,354.8
1621.3495,4.505,359.9
1639.308,4.516,363.0
1664.712,4.536,367.0
1645.0257,4.533,362.9
1635.7745,4.535,360.7
1633.568,4.544,359.5
1658.0211,4.519,366.9
1681.0136,4.514,372.4
1592.0333,4.537,350.9
1597.2576,4.548,351.2
1618.5342,4.549,355.8
1621.9482,4.542,357.1
1620.5712,4.528,357.9
1635.9597,4.533,360.9
1651.5576,4.536,364.1
1585.4328,4.548,348.6
1599.0336,4.544,351.9
1603.7269,4.547,352.7
1642.9406,4.531,362.6
1615.3294,4.526,356.9
1636.9496,4.537,360.8
1591.8344,4.552,349.7
1606.3842,4.561,352.2
1593.4768,4.558,349.6
1591.2402,4.549,349.8
1619.6656,4.528,357.7
1634.3059,4.541,359.9
1633.32,4.537,360.0
1588.997,4.553,349.0
1624.0256,4.544,357.4
1641.5606,4.546,361.1
1645.116,4.532,363.0
1658.3728,4.504,368.2
1621.2625,4.535,357.5
1657.8198,4.537,365.4
1630.768,4.54,359.2
1652.6321,4.529,364.9
1669.6414,4.526,368.9
1621.4016,4.524,358.4
1648.6521,4.533,363.7
1618.02,4.545,356.0
1601.7454,4.553,351.8
1614.9135,4.535,356.1
1626.0984,4.527,359.2
1625.552,4.528,359.0
1616.814,4.548,355.5
1621.4224,4.552,356.2
1650.74,4.55,362.8
1627.6854,4.539,358.6
1615.658,4.532,356.5
1638.8469,4.541,360.9
1613.3295,4.551,354.5
1598.7004,4.556,350.9
1600.731,4.554,351.5
1613.684,4.552,354.5
1626.156,4.536,358.5
1615.5894,4.542,355.7
1641.828,4.548,361.0
1612.266,4.548,354.5
1612.5183,4.559,353.7
1619.2458,4.551,355.8
1621.9074,4.533,357.8
1633.0755,4.515,361.7
1677.5807,4.523,370.9
1632.6,4.535,360.0
1616.274,4.535,356.4
1626.394,4.543,358.0
1667.347,4.51,369.7
1644.1002,4.518,363.9
1642.4797,4.541,361.7
1621.7847,4.539,357.3
1618.5925,4.525,357.7
1617.1254,4.554,355.1
1645.6592,4.531,363.2
1637.8294,4.547,360.2
1643.5719,4.539,362.1
1598.784,4.542,352.0
1632.584,4.54,359.6
1610.5474,4.547,354.2
1615.172,4.537,356.0
1663.7473,4.547,365.9
1673.3857,4.519,370.3
1615.8048,4.549,355.2
1630.2345,4.555,357.9
1592.1841,4.553,349.7
1590.9552,4.556,349.2
1608.3665,4.537,354.5
1647.5625,4.545,362.5
1636.4028,4.538,360.6
1608.1653,4.557,352.9
1615.705,4.55,355.1
1601.4534,4.547,352.2
1598.5186,4.549,351.4
1668.852,4.53,368.4
1683.3275,4.519,372.5
1657.908,4.536,365.5
1662.0775,4.535,366.5
1652.7434,4.543,363.8
1649.833,4.535,363.8
1662.256,4.517,368.0
1650.3804,4.539,363.6
1633.8518,4.541,359.8
1654.4655,4.539,364.5
1657.1,4.54,365.0
1658.9508,4.524,366.7
1649.1054,4.533,363.8
1623.5712,4.544,357.3
1620.6111,4.551,356.1
1606.304,4.544,353.5
1612.3514,4.538,355.3
1631.296,4.544,359.0
1658.5198,4.529,366.2
1619.9982,4.534,357.3
1623.5381,4.549,356.9
1613.475,4.545,355.0
1594.1104,4.552,350.2
1619.3206,4.541,356.6
1618.5415,4.535,356.9
1636.3482,4.553,359.4
1624.0256,4.544,357.4
1592.15,4.549,350.0
1600.544,4.547,352.0
1605.9456,4.552,352.8
1656.15,4.525,366.0
1653.2604,4.527,365.2
1599.7374,4.546,351.9
1640.487,4.538,361.5
1647.6544,4.544,362.6
1667.0011,4.541,367.1
1665.0568,4.532,367.4
1676.6298,4.518,371.1
1640.4038,4.529,362.2
1641.8118,4.553,360.6
1617.5042,4.541,356.2
1637.3104,4.538,360.8
1687.6656,4.527,372.8
1646.0961,4.521,364.1
1621.6794,4.554,356.1
1626.9825,4.551,357.5
1617.2793,4.557,354.9
1584.1748,4.547,348.4
1606.203,4.545,353.4
1634.36,4.55,359.2
1630.9128,4.548,358.6
1583.9712,4.536,349.2
1623.0456,4.554,356.4
1634.0964,4.548,359.3
1603.2754,4.538,353.3
1667.5195,4.535,367.7
1604.1292,4.534,353.8
1610.546,4.556,353.5
1610.7,4.55,354.0
1617.5332,4.559,354.8
1605.5344,4.556,352.4
1673.6676,4.532,369.3
1626.27,4.53,359.0
1619.1464,4.552,355.7
1633.6164,4.553,358.8
1606.203,4.545,353.4
1639.404,4.52,362.7
1667.2247,4.517,369.1
1657.4212,4.526,366.2
1635.5988,4.532,360.9
1609.1833,4.547,353.9
1652.2891,4.543,363.7
1648.3692,4.526,364.2
1678.9942,4.511,372.2
1667.776,4.532,368.0
1630.746,4.545,358.8
1610.9478,4.543,354.6
1595.7648,4.536,351.8
1633.3032,4.542,359.6
1634.854,4.54,360.1
1609.6887,4.551,353.7
1613.12,4.544,355.0
1611.9642,4.551,354.2
1623.3417,4.551,356.7
1661.151,4.53,366.7
1613.43,4.55,354.6
1645.296,4.54,362.4
1619.2458,4.551,355.8
1579.197,4.551,347.0
1611.559,4.555,353.8
1608.1677,4.539,354.3
1630.6233,4.551,358.3
1660.0883,4.537,365.9
1601.5767,4.559,351.3
1625.5525,4.547,357.5
1612.116,4.554,354.0
1621.1036,4.546,356.6
1639.5794,4.538,361.3
1663.9272,4.524,367.8
1644.5696,4.528,363.2
1640.9408,4.538,361.6
1647.566,4.54,362.9
1627.3754,4.523,359.8
1693.7075,4.525,374.3
1687.2928,4.526,372.8
1608.111,4.535,354.6
1657.3524,4.532,365.7
1616.694,4.54,356.1
1620.5856,4.542,356.8
1638.2058,4.543,360.6
1660.717,4.535,366.2
1604.2275,4.551,352.5
1608.3222,4.542,354.1
1612.765,4.543,355.0
1650.0144,4.548,362.8
1625.195,4.546,357.5
1636.7832,4.524,361.8
1621.1187,4.527,358.1
1584.6582,4.551,348.2
1599.8833,4.549,351.7
1587.2824,4.552,348.7
1600.911,4.561,351.0
1631.693,4.535,359.8
1646.3808,4.528,363.6
1613.2756,4.547,354.8
1617.5808,4.554,355.2
1595.6165,4.555,350.3
1621.3348,4.562,355.4
1626.1042,4.546,357.7
1663.4439,4.519,368.1
1647.5655,4.535,363.3
1642.095,4.55,360.9
1618.5915,4.553,355.5
1650.8343,4.539,363.7
1677.5616,4.512,371.8
1671.9962,4.541,368.2
1630.768,4.54,359.2
1631.715,4.525,360.6
1641.1248,4.536,361.8
1699.521,4.514,376.5
1653.416,4.52,365.8
1628.9969,4.549,358.1
1626.3316,4.553,357.2
1602.9196,4.546,352.6
1620.4524,4.548,356.3
1610.4768,4.534,355.2
1629.2367,4.537,359.1
1624.1148,4.557,356.4
1635.27,4.55,359.4
1600.8741,4.557,351.3
1620.0961,4.547,356.3
1622.9534,4.541,357.4
1646.4584,4.552,361.7
1622.208,4.544,357.0
1604.8395,4.545,353.1
1595.7216,4.554,350.4
1602.6969,4.557,351.7
1641.64,4.55,360.8
1619.6863,4.523,358.1
1620.9072,4.548,356.4
1614.54,4.548,355.0
1621.1918,4.531,357.8
1656.1078,4.546,364.3
1678.4868,4.534,370.2
1661.58,4.525,367.2
1651.9023,4.527,364.9
1662.4601,4.541,366.1
1644.388,4.54,362.2
1633.6932,4.533,360.4
1685.1542,4.513,373.4
1629.6443,4.513,361.1
1633.518,4.53,360.6
1614.5451,4.557,354.3
1608.7764,4.542,354.2
1626.036,4.542,358.0
1632.5282,4.526,360.7
1638.2058,4.543,360.6
1589.4008,4.562,348.4
1575.189,4.546,346.5
1626.4296,4.552,357.3
1618.732,4.547,356.0
1658.886,4.53,366.2
1639.662,4.542,361.0
1619.444,4.549,356.0
1599.1176,4.552,351.3
1595.2662,4.554,350.3
1616.4152,4.552,355.1
1582.0519,4.537,348.7
1655.5627,4.547,364.1
1633.091,4.549,359.0
1592.6208,4.566,348.8
1608.2739,4.547,353.7
1602.8175,4.547,352.5
1614.9762,4.539,355.8
1660.3933,4.523,367.1
1649.348,4.52,364.9
1622.922,4.546,357.0
1616.274,4.535,356.4
1646.8243,4.523,364.1
1652.9415,4.515,366.1
1654.9983,4.533,365.1
1615.172,4.537,356.0
1617.0122,4.546,355.7
1642.6644,4.524,363.1
1648.017,4.545,362.6
1639.7551,4.541,361.1
1589.1414,4.543,349.8
1596.8416,4.552,350.8
1617.07,4.55,355.4
1589.35,4.541,350.0
1637.6712,4.539,360.8
1627.3713,4.547,357.9
1602.5189,4.541,352.9
1634.0964,4.548,359.3
1609.9392,4.544,354.3
1591.3088,4.544,350.2
1620.0338,4.543,356.6
1605.2435,4.541,353.5
1572.48,4.55,345.6
1595.7558,4.558,350.1
1570.2192,4.554,344.8
1557.117,4.545,342.6
1643.3879,4.541,361.9
1627.0038,4.527,359.4
1604.9325,4.553,352.5
1594.2153,4.551,350.3
1616.8894,4.538,356.3
1626.5348,4.532,358.9
1674.0369,4.533,369.3
1616.9868,4.537,356.4
1627.2526,4.534,358.9
1603.326,4.542,353.0
1628.498,4.54,358.7
1646.5775,4.505,365.5
1629.0471,4.539,358.9
1622.2386,4.539,357.4
1632.4148,4.556,358.3
1599.4284,4.549,351.6
1599.6428,4.529,353.2
1622.7264,4.548,356.8
1620.1136,4.556,355.6
1623.5596,4.558,356.2
1577.3025,4.539,347.5
1634.7416,4.546,359.6
1645.4674,4.523,363.8
1594.7094,4.533,351.8
1612.5091,4.541,355.1
1586.9337,4.551,348.7
1571.9432,4.559,344.8
1579.6935,4.559,346.5
1606.304,4.544,353.5
1610.4976,4.552,353.8
1644.6628,4.532,362.9
1576.2285,4.549,346.5
1596.177,4.554,350.5
1572.0408,4.554,345.2
1562.2272,4.544,343.8
1607.1617,4.549,353.3
1686.4382,4.531,372.2
1639.7689,4.531,361.9
1605.9982,4.538,353.9
1621.0008,4.533,357.6
1605.39,4.535,354.0
1656.271,4.513,367.0
1630.786,4.535,359.6
1596.204,4.545,351.2
1607.3134,4.543,353.8
1611.0926,4.523,356.2
1625.9871,4.533,358.7
1609.9392,4.544,354.3
1595.5744,4.564,349.6
1606.7537,4.553,352.9
1572.025,4.55,345.5
1573.298,4.534,347.0
1620.1944,4.546,356.4
1655.0086,4.538,364.7
1569.9848,4.552,344.9
1570.2192,4.554,344.8
1584.6582,4.551,348.2
1580.733,4.562,346.5
1640.0332,4.538,361.4
1591.6384,4.532,351.2
1601.3298,4.557,351.4
1600.3795,4.553,351.5
1602.3452,4.556,351.7
1578.5448,4.557,346.4
1594.8108,4.554,350.2
1638.2058,4.543,360.6
1585.158,4.542,349.0
1592.8835,4.555,349.7
1614.492,4.53,356.4
1598.8388,4.537,352.4
1623.584,4.52,359.2
1632.442,4.522,361.0
1608.3222,4.542,354.1
1613.748,4.533,356.0
1618.376,4.546,356.0
1599.3402,4.541,352.2
1626.4836,4.503,361.2
1637.5034,4.531,361.4
1582.0596,4.554,347.4
1594.4606,4.553,350.2
1574.5176,4.548,346.2
1589.0217,4.531,350.7
1611.9348,4.533,355.6
1594.7055,4.555,350.1
1608.5749,4.553,353.3
1588.2671,4.547,349.3
1586.6912,4.549,348.8
1591.2045,4.545,350.1
1628.9969,4.549,358.1
1600.1466,4.542,352.3
1556.5572,4.554,341.8
1557.0126,4.554,341.9
1591.8664,4.556,349.4
1607.3645,4.547,353.5
1588.275,4.525,351.0
1605.4443,4.539,353.7
1558.9498,4.561,341.8
1563.051,4.557,343.0
1584.6582,4.551,348.2
1580.4032,4.544,347.8
1632.3507,4.523,360.9
1635.5988,4.532,360.9
1640.1029,4.547,360.7
1593.7551,4.529,351.9
1598.931,4.545,351.8
1641.0261,4.517,363.3
1634.6124,4.518,361.8
1626.0816,4.532,358.8
1612.646,4.535,355.6
1597.6088,4.549,351.2
1583.4492,4.558,347.4
1609.1868,4.524,355.7
1608.9581,4.531,355.1
1567.475,4.55,344.5
1591.0615,4.555,349.3
1597.4385,4.555,350.7
1607.6066,4.558,352.7
1614.996,4.52,357.3
1634.6811,4.537,360.3
1592.2896,4.552,349.8
1579.9119,4.557,346.7
1567.1426,4.553,344.2
1590.6454,4.546,349.9
1605.6976,4.541,353.6
1607.4595,4.555,352.9
1582.9593,4.537,348.9
1586.372,4.552,348.5
1539.498,4.548,338.5
1571.4873,4.559,344.7
1614.46,4.535,356.0
1591.8672,4.543,350.4
1631.9406,4.542,359.3
1629.905,4.525,360.2
1623.888,4.536,358.0
1610.8911,4.539,354.9
1627.706,4.534,359.0
1647.3753,4.527,363.9
1633.6932,4.533,360.4
1593.7456,4.538,351.2
1611.2025,4.545,354.5
1621.5238,4.537,357.4
1648.4904,4.509,365.6
1599.2828,4.546,351.8
1575.9024,4.552,346.2
1593.9696,4.549,350.4
1571.115,4.55,345.3
1611.0474,4.542,354.7
1598.235,4.534,352.5
1575.3187,4.549,346.3
1559.2896,4.554,342.4
1573.1868,4.556,345.3
1581.6873,4.549,347.7
1616.371,4.534,356.5
1559.7228,4.542,343.4
1589.5584,4.552,349.2
1556.312,4.54,342.8
1575.1011,4.551,346.1
1566.2474,4.561,343.4
1583.3718,4.546,348.3
1589.5884,4.556,348.9
1644.9336,4.539,362.4
1563.0364,4.549,343.6
1565.2098,4.554,343.7
1581.0612,4.559,346.8
1603.2247,4.543,352.9
1684.3104,4.518,372.8
1656.8608,4.522,366.4
1602.6127,4.549,352.3
1588.218,4.53,350.6
1585.9168,4.552,348.4
1622.2125,4.525,358.5
1651.156,4.52,365.3
1609.4112,4.531,355.2
1578.6004,4.531,348.4
1564.6227,4.547,344.1
1566.4645,4.555,343.9
1582.1454,4.523,349.8
1586.903,4.547,349.0
1589.857,4.562,348.5
1604.1248,4.552,352.4
1595.65,4.559,350.0
1611.7,4.54,355.0
1606.338,4.53,354.6
1582.1212,4.532,349.1
1576.8128,4.552,346.4
1567.3509,4.547,344.7
1577.1777,4.557,346.1
1573.5321,4.557,345.3
1611.345,4.539,355.0
1590.889,4.526,351.5
1565.1047,4.559,343.3
1586.2652,4.553,348.4
1572.8946,4.542,346.3
1562.022,4.554,343.0
1590.1505,4.555,349.1
1624.911,4.53,358.7
1611.3836,4.534,355.4
1596.0588,4.542,351.4
1581.282,4.54,348.3
1567.208,4.54,345.2
1620.0746,4.514,358.9
1636.5105,4.527,361.5
1605.7864,4.531,354.4
1632.9675,4.555,358.5
1592.955,4.55,350.1
1649.648,4.532,364.0
1628.5932,4.539,358.8
1597.5432,4.554,350.8
1564.2786,4.546,344.1
1564.4011,4.549,343.9
1585.6448,4.546,348.8
1628.7354,4.547,358.2
1613.519,4.526,356.5
1583.7954,4.542,348.7
1553.4836,4.553,341.2
1560.9985,4.555,342.7
1577.304,4.56,345.9
1625.8432,4.544,357.8
1584.4248,4.536,349.3
1553.8248,4.554,341.2
1587.0325,4.567,347.5
1569.75,4.55,345.0
1592.7758,4.543,350.6
1571.878,4.543,346.0
1612.3107,4.543,354.9
1571.5094,4.538,346.3
1553.2452,4.563,340.4
1589.2395,4.555,348.9
1600.0446,4.543,352.2
1637.9387,4.541,360.7
1616.4252,4.524,357.3
1620.2288,4.541,356.8
1606.5344,4.528,354.8
1620.2856,4.531,357.6
1590.4245,4.535,350.7
1646.3808,4.528,363.6
1639.856,4.52,362.8
1582.366,4.534,349.0
1622.4674,4.546,356.9
1552.6848,4.544,341.7
1601.3056,4.544,352.4
1622.0736,4.536,357.6
1606.6926,4.531,354.6
1569.8237,4.541,345.7
1560.6312,4.542,343.6
1557.2392,4.552,342.1
1568.84,4.55,344.8
1625.774,4.54,358.1
1611.7107,4.549,354.3
1574.6038,4.543,346.6
1586.6636,4.562,347.8
1573.7787,4.563,344.9
1596.6156,4.541,351.6
1567.4038,4.534,345.7
1616.3592,4.548,355.4
1612.8744,4.551,354.4
1563.835,4.55,343.7
1581.9013,4.547,347.9
1553.825,4.55,341.5
1629.2154,4.542,358.7
1627.5496,4.526,359.6
1601.76,4.544,352.5
1594.6532,4.538,351.4
1580.43,4.548,347.5
1638.955,4.525,362.2
1647.3646,4.522,364.3
1588.157,4.535,350.2
1582.887,4.542,348.5
1597.8158,4.547,351.4
1640.8548,4.524,362.7
1590.732,4.532,351.0
1614.9948,4.548,355.1
1577.7839,4.543,347.3
1548.8154,4.554,340.1
1562.015,4.55,343.3
1588.9657,4.549,349.3
1631.676,4.54,359.4
1611.9961,4.537,355.3
1581.66,4.545,348.0
1597.9779,4.541,351.9
1550.2974,4.541,341.4
1594.3451,4.541,351.1
1628.8008,4.532,359.4
1590.816,4.54,350.4
1568.5888,4.544,345.2
1566.232,4.553,344.0
1555.191,4.554,341.5
1542.1185,4.545,339.3
1590.5745,4.551,349.5
1609.3728,4.536,354.8
1570.752,4.545,345.6
1579.197,4.551,347.0
1633.1136,4.544,359.4
1593.8276,4.546,350.6
1646.6624,4.504,365.6
1625.2488,4.536,358.3
1573.9335,4.545,346.3
1616.24,4.54,356.0
1590.0738,4.534,350.7
1640.1294,4.522,362.7
1641.486,4.522,363.0
1575.8064,4.536,347.4
1594.1387,4.543,350.9
1579.2972,4.533,348.4
1585.856,4.544,349.0
1639.1256,4.538,361.2
1619.1876,4.533,357.2
1597.6842,4.557,350.6
1572.916,4.546,346.0
1580.5623,4.551,347.3
1582.008,4.546,348.0
1632.803,4.523,361.0
1590.381,4.531,351.0
1537.1071,4.549,337.9
1588.1616,4.548,349.2
1548.4753,4.553,340.1
1558.9423,4.549,342.7
1628.928,4.545,358.4
1583.4467,4.541,348.7
1601.0512,4.564,350.8
1567.2408,4.548,344.6
1561.9095,4.555,342.9
1563.1476,4.548,343.7
1600.3382,4.549,351.8
1638.412,4.526,362.0
1604.565,4.525,354.6
1613.5303,4.549,354.7
1600.2484,4.541,352.4
1602.6147,4.531,353.7
1668.6522,4.527,368.6
1625.6496,4.546,357.6
1598.2836,4.538,352.2
1614.3624,4.536,355.9
1644.7398,4.521,363.8
1611.0624,4.528,355.8
1586.13,4.55,348.6
1575.4272,4.548,346.4
1561.9032,4.551,343.2
1587.766,4.556,348.5
1602.3628,4.547,352.4
1595.7648,4.536,351.8
1593.654,4.53,351.8
1575.6436,4.546,346.6
1592.1841,4.553,349.7
1579.6521,4.551,347.1
1706.9469,4.479,381.1
1894.6845,4.395,431.1
1818.0672,4.416,411.7
1824.6051,4.419,412.9
1862.5673,4.421,421.3
1835.4667,4.409,416.3
1897.3511,4.391,432.1
1846.3992,4.413,418.4
1829.735,4.409,415.0
1816.5261,4.423,410.7
1818.4488,4.418,411.6
1876.0252,4.372,429.1
1910.085,4.391,435.0
1838.8971,4.413,416.7
1837.766,4.405,417.2
1833.594,4.395,417.2
1914.9295,4.385,436.7
1894.7648,4.384,432.2
1875.0672,4.414,424.8
1838.868,4.395,418.4
1854.926,4.406,421.0
1861.4184,4.386,424.4
1869.288,4.388,426.0
1834.976,4.411,416.0
1858.294,4.414,421.0
1827.0362,4.411,414.2
1896.9048,4.392,431.9
1886.3442,4.394,429.3
1851.4215,4.405,420.3
1840.293,4.41,417.3
1846.7712,4.416,418.2
1865.8348,4.412,422.9
1893.7095,4.405,429.9
1860.481,4.415,421.4
1854.398,4.43,418.6
1862.0182,4.426,420.7
1856.4219,4.419,420.1
1893.269,4.405,429.8
1880.5213,4.403,427.1
1844.8833,4.421,417.3
1834.9915,4.427,414.5
1833.055,4.417,415.0
1863.6843,4.409,422.7
1881.1044,4.391,428.4
1864.196,4.405,423.2
1826.4648,4.399,415.2
1857.3905,4.415,420.7
1915.8104,4.372,438.2
1866.5416,4.396,424.6
1840.046,4.42,416.3
1984.9846,4.318,459.7
2187.3924,4.188,522.3
2058.1458,4.278,481.1
2016.5374,4.307,468.2
2013.3737,4.303,467.9
2034.9735,4.305,472.7
2037.275,4.289,475.0
2109.077,4.285,492.2
2066.8691,4.289,481.9
2045.9935,4.321,473.5
1993.2748,4.294,464.2
2040.7062,4.289,475.8
2099.0364,4.282,490.2
2083.136,4.304,484.0
2020.2462,4.314,468.3
2060.4584,4.316,477.4
2021.4279,4.311,468.9
2021.5008,4.254,475.2
2074.9632,4.288,483.9
2004.6237,4.299,466.3
2018.7306,4.297,469.8
2053.3744,4.312,476.2
2053.2825,4.275,480.3
2106.5136,4.292,490.8
2048.52,4.3,476.4
1867.0806,4.389,425.4
1775.544,4.43,400.8
1817.4107,4.423,410.9
1864.695,4.425,421.4
1775.7775,4.445,399.5
1777.2442,4.442,400.1
1797.694,4.43,405.8
1847.236,4.415,418.4
1836.7344,4.428,414.8
1795.8204,4.444,404.1
1774.2612,4.449,398.8
1793.2656,4.452,402.8
1774.3416,4.427,400.8
1813.4942,4.421,410.2
1792.544,4.448,403.0
1773.5962,4.463,397.4
1755.27,4.455,394.0
1785.653,4.453,401.0
1761.2768,4.432,397.4
1796.7492,4.443,404.4
1775.876,4.462,398.0
1759.5242,4.441,396.2
1770.8144,4.456,397.4
1749.636,4.452,393.0
1821.5262,4.446,409.7
1772.528,4.448,398.5
1744.029,4.465,390.6
1729.3736,4.456,388.1
1726.7347,4.463,386.9
1741.376,4.48,388.7
1786.4104,4.456,400.9
1756.811,4.442,395.5
1766.205,4.45,396.9
1801.035,4.447,405.0
1799.8593,4.443,405.1
1813.6755,4.429,409.5
1878.5336,4.418,425.2
1851.882,4.404,420.5
1818.8928,4.432,410.4
1965.4731,4.359,450.9
2046.807,4.291,477.0
