1970.9079,4.173,472.3
1917.1485,4.185,458.1
1877.0787,4.221,444.7
1963.9396,4.132,475.3
1924.2072,4.194,458.8
1877.7178,4.231,443.8
1865.6008,4.217,442.4
1674.3924,4.311,388.4
1610.252,4.39,366.8
1624.415,4.355,373.0
1639.1381,4.349,376.9
1626.6906,4.374,371.9
1616.3958,4.371,369.8
1634.1264,4.374,373.6
1605.1706,4.369,367.4
1627.9536,4.368,372.7
1616.3576,4.378,369.2
1599.7216,4.384,364.9
1593.5181,4.379,363.9
1606.71,4.372,367.5
1591.3347,4.373,363.9
1613.9375,4.375,368.9
1611.2186,4.357,369.8
1628.0865,4.359,373.5
1647.351,4.365,377.4
1589.0784,4.368,363.8
1596.3626,4.382,364.3
1624.5061,4.387,370.3
1550.1065,4.415,351.1
1604.8302,4.398,364.9
1562.71,4.402,355.0
1560.8329,4.393,355.3
1601.6341,4.411,363.1
1550.0975,4.385,353.5
1582.2257,4.411,358.7
1588.0824,4.404,360.6
1591.479,4.365,364.6
1614.4275,4.393,367.5
1631.112,4.38,372.4
1600.9308,4.403,363.6
1608.561,4.383,367.0
1615.0098,4.391,367.8
1584.626,4.414,359.0
1599.35,4.412,362.5
1561.5855,4.415,353.7
1573.6169,4.387,358.7
1587.7974,4.413,359.8
1559.4455,4.399,354.5
1550.556,4.395,352.8
1584.8382,4.406,359.7
1542.0184,4.426,348.4
1542.5505,4.401,350.5
1574.4512,4.393,358.4
1612.3645,4.385,367.7
1565.8758,4.401,355.8
1618.6785,4.395,368.3
1599.716,4.39,364.4
1583.3994,4.402,359.7
1562.0988,4.404,354.7
1602.6156,4.404,363.9
1595.3761,4.423,360.7
1577.871,4.405,358.2
1552.0521,4.413,351.7
1582.1071,4.423,357.7
1558.492,4.42,352.6
1572.942,4.406,357.0
1584.9285,4.421,358.5
1557.8678,4.402,353.9
1581.0256,4.382,360.8
1610.1814,4.397,366.2
1600.5195,4.391,364.5
1589.9552,4.397,361.6
1605.1282,4.394,365.3
1601.0074,4.402,363.7
1609.7704,4.372,368.2
1585.7946,4.394,360.9
1595.8204,4.412,361.7
1574.347,4.405,357.4
1602.5698,4.381,365.8
1595.4896,4.376,364.6
1654.4235,4.371,378.5
1626.514,4.37,372.2
1625.1136,4.378,371.2
1601.588,4.364,367.0
1600.731,4.37,366.3
1589.154,4.396,361.5
1602.7858,4.378,366.1
1597.2769,4.399,363.1
1592.9952,4.386,363.2
1593.0838,4.402,361.9
1578.4049,4.393,359.3
1561.962,4.39,355.8
1612.2964,4.367,369.2
1624.3712,4.376,371.2
1599.9924,4.398,363.8
1587.3208,4.408,360.1
1605.7098,4.398,365.1
1563.7728,4.384,356.7
1589.2442,4.406,360.7
1542.618,4.41,349.8
1585.716,4.395,360.8
1583.7552,4.392,360.6
1563.775,4.405,355.0
1572.9792,4.416,356.2
1552.6728,4.401,352.8
1552.0575,4.403,352.5
1572.8562,4.391,358.2
1633.8911,4.391,372.1
1618.5035,4.385,369.1
1584.3222,4.379,361.8
1615.2934,4.387,368.2
1596.7182,4.389,363.8
1577.6436,4.397,358.8
1566.1737,4.413,354.9
1600.9079,4.409,363.1
1579.7706,4.414,357.9
1575.9432,4.407,357.6
1542.58,4.42,349.0
1568.216,4.42,354.8
1564.676,4.415,354.4
1540.8019,4.391,350.9
1541.2376,4.396,350.6
1581.5875,4.363,362.5
1627.712,4.385,371.2
1577.9213,4.399,358.7
1568.5164,4.401,356.4
1563.1335,4.397,355.5
1593.7038,4.394,362.7
1588.1964,4.397,361.2
1541.994,4.412,349.5
1617.88,4.4,367.7
1568.7048,4.404,356.2
1552.4934,4.413,351.8
1557.0816,4.416,352.6
1581.8945,4.415,358.3
1556.6398,4.406,353.3
1577.9811,4.409,357.9
1577.869,4.426,356.5
1555.9263,4.399,353.7
1589.0,4.375,363.2
1615.6434,4.382,368.7
1612.3251,4.373,368.7
1631.9995,4.393,371.5
1653.45,4.38,377.5
1610.0345,4.393,366.5
1611.9272,4.366,369.2
1585.1185,4.397,360.5
1599.5664,4.392,364.2
1599.6286,4.397,363.8
1621.4352,4.387,369.6
1610.5476,4.398,366.2
1597.7341,4.393,363.7
1639.7164,4.354,376.6
1646.442,4.38,375.9
1629.6658,4.382,371.9
1634.859,4.383,373.0
1629.0717,4.371,372.7
1654.326,4.38,377.7
1593.509,4.385,363.4
1565.08,4.4,355.7
1602.328,4.402,364.0
1615.4131,4.379,368.9
1572.4492,4.396,357.7
1561.5855,4.415,353.7
1576.8452,4.396,358.7
1582.5537,4.407,359.1
1618.7795,4.381,369.5
1616.7954,4.378,369.3
1583.346,4.386,361.0
1623.0888,4.401,368.8
1619.3805,4.385,369.3
1568.208,4.415,355.2
1543.512,4.38,352.4
1598.7293,4.403,363.1
1576.7416,4.408,357.7
1573.2152,4.408,356.9
1548.5325,4.393,352.5
1565.3664,4.407,355.2
1576.6878,4.387,359.4
1568.8728,4.402,356.4
1579.6809,4.399,359.1
1606.008,4.388,366.0
1576.9248,4.384,359.7
1622.8885,4.385,370.1
1584.684,4.38,361.8
1548.6236,4.402,351.8
1596.14,4.385,364.0
1578.9456,4.408,358.2
1594.2565,4.415,361.1
1564.4151,4.423,353.7
1543.3711,4.421,349.1
1577.1222,4.414,357.3
1584.7366,4.418,358.7
1542.1,4.406,350.0
1530.297,4.405,347.4
1559.4455,4.399,354.5
1595.0176,4.411,361.6
1551.6172,4.403,352.4
1561.5435,4.395,355.3
1571.8154,4.393,357.8
1573.296,4.38,359.2
1642.1467,4.399,373.3
1602.6312,4.398,364.4
1577.087,4.393,359.0
1547.917,4.405,351.4
1568.8318,4.418,355.1
1570.5126,4.419,355.4
1576.6584,4.409,357.6
1588.039,4.399,361.0
1630.885,4.39,371.5
1590.4202,4.391,362.2
1607.7646,4.394,365.9
1595.9008,4.394,363.2
1650.1446,4.362,378.3
1632.4409,4.373,373.3
1649.375,4.375,377.0
1630.5422,4.382,372.1
1663.4486,4.358,381.7
1632.0306,4.386,372.1
1588.8704,4.394,361.6
1636.698,4.395,372.4
1605.276,4.386,366.0
1615.0098,4.391,367.8
1604.7415,4.405,364.3
1589.6412,4.401,361.2
1629.0275,4.385,371.5
1645.4988,4.374,376.2
1647.41,4.364,377.5
1635.0647,4.373,373.9
1639.99,4.385,374.0
1647.8177,4.379,376.3
1603.6486,4.402,364.3
1573.0,4.4,357.5
1564.1498,4.421,353.8
1587.0778,4.411,359.8
1575.2502,4.383,359.4
1570.5258,4.398,357.1
1563.786,4.41,354.6
1546.9466,4.406,351.1
1573.338,4.385,358.8
1592.6104,4.408,361.3
1591.92,4.4,361.8
1597.824,4.38,364.8
1610.9138,4.399,366.2
1580.9178,4.389,360.2
1587.0843,4.383,362.1
1597.8698,4.397,363.4
1569.5368,4.394,357.2
1587.3956,4.396,361.1
1560.8781,4.413,353.7
1584.1537,4.409,359.3
1590.628,4.394,362.0
1549.9425,4.397,352.5
1574.811,4.41,357.1
1600.3218,4.422,361.9
1548.006,4.404,351.5
1558.2816,4.392,354.8
1595.0505,4.405,362.1
1592.5712,4.414,360.8
1584.676,4.408,359.5
1597.7454,4.387,364.2
1604.799,4.41,363.9
1583.4945,4.417,358.5
1536.48,4.4,349.2
1553.7184,4.394,353.6
1590.8056,4.414,360.4
1543.5567,4.419,349.3
1557.2588,4.409,353.2
1548.792,4.41,351.2
1543.512,4.405,350.4
1572.165,4.41,356.5
1584.0443,4.421,358.3
1577.7312,4.412,357.6
1563.741,4.395,355.8
1600.6998,4.406,363.3
1601.4264,4.408,363.3
1587.008,4.384,362.0
1660.2768,4.368,380.1
1627.577,4.387,371.0
1584.9694,4.382,361.7
1568.9324,4.396,356.9
1577.4814,4.399,358.6
1570.0706,4.382,358.3
1603.6608,4.396,364.8
1578.644,4.39,359.6
1581.153,4.386,360.5
1591.625,4.375,363.8
1607.3252,4.394,365.8
1577.5949,4.403,358.3
1584.5592,4.404,359.8
1561.581,4.41,354.1
1564.84,4.408,355.0
1545.1842,4.406,350.7
1579.8024,4.392,359.7
1602.0524,4.394,364.6
1588.2416,4.402,360.8
1575.3566,4.414,356.9
1576.134,4.41,357.4
1565.1642,4.399,355.8
1550.376,4.392,353.0
1613.0348,4.369,369.2
1561.5435,4.395,355.3
1545.8924,4.388,352.3
1581.2412,4.396,359.7
1588.6024,4.403,360.8
1593.4457,4.403,361.9
1591.649,4.409,361.0
1568.5516,4.411,355.6
1566.8835,4.415,354.9
1584.2352,4.408,359.4
1590.0768,4.384,362.7
1606.9872,4.368,367.9
1619.888,4.384,369.5
1592.9556,4.398,362.2
1580.5347,4.377,361.1
1638.75,4.37,375.0
1574.4064,4.354,361.6
1648.9375,4.375,376.9
1609.3015,4.391,366.5
1611.472,4.379,368.0
1584.7119,4.391,360.9
1563.6995,4.411,354.5
1556.5248,4.392,354.4
1610.172,4.385,367.2
1596.9681,4.403,362.7
1552.1416,4.412,351.8
1559.37,4.405,354.0
1562.71,4.402,355.0
1569.1233,4.399,356.7
1550.8152,4.392,353.1
1546.0227,4.371,353.7
1546.7301,4.373,353.7
1537.8125,4.375,351.5
1567.6965,4.395,356.7
1591.6845,4.403,361.5
1558.494,4.41,353.4
1548.0672,4.418,350.4
1549.3226,4.409,351.4
1562.2815,4.407,354.5
1567.5699,4.407,355.7
1559.8195,4.415,353.3
1550.8045,4.387,353.5
1636.8318,4.393,372.6
1587.863,4.39,361.7
1575.924,4.38,359.8
1584.1944,4.392,360.7
1590.9708,4.372,363.9
1587.5013,4.389,361.7
1571.584,4.385,358.4
1581.6808,4.396,359.8
1626.3424,4.352,373.7
1602.8457,4.371,366.7
1558.889,4.39,355.1
1554.5838,4.389,354.2
1584.3005,4.385,361.3
1574.6884,4.379,359.6
1566.5977,4.387,357.1
1589.3098,4.394,361.7
1586.5164,4.396,360.9
1607.095,4.403,365.0
1627.56,4.4,369.9
1570.7571,4.411,356.1
1565.7068,4.403,355.6
1536.0956,4.409,348.4
1538.392,4.408,349.0
1546.4226,4.402,351.3
1541.2302,4.401,350.2
1537.0479,4.413,348.3
1544.1321,4.403,350.7
1545.9852,4.397,351.6
1545.5422,4.402,351.1
1548.792,4.41,351.2
1558.142,4.414,353.0
1542.9906,4.401,350.6
1599.576,4.38,365.2
1615.2934,4.387,368.2
1596.4375,4.375,364.9
1618.6419,4.383,369.3
1599.9389,4.387,364.7
1620.4188,4.389,369.2
1617.1446,4.398,367.7
1577.9085,4.377,360.5
1628.9244,4.393,370.8
1610.328,4.395,366.4
1587.678,4.398,361.0
1573.715,4.402,357.5
1579.551,4.406,358.5
1574.37,4.41,357.0
1541.8495,4.399,350.5
1552.8282,4.389,353.8
1587.5013,4.389,361.7
1586.7193,4.399,360.7
1569.4464,4.416,355.4
1575.6092,4.411,357.2
1544.367,4.415,349.8
1550.0975,4.385,353.5
1546.065,4.386,352.5
1532.1717,4.399,348.3
1539.134,4.39,350.6
1541.32,4.4,350.3
1564.7775,4.377,357.5
1535.891,4.382,350.5
1543.0815,4.385,351.9
1542.8112,4.403,350.4
1541.6801,4.391,351.1
1537.461,4.374,351.5
1567.035,4.365,359.0
1571.6064,4.368,359.8
1579.2728,4.382,360.4
1607.093,4.379,367.0
1581.736,4.355,363.2
1568.1897,4.367,359.1
1582.6008,4.367,362.4
1613.8353,4.389,367.7
1597.6035,4.383,364.5
1587.2166,4.387,361.8
1577.8548,4.372,360.9
1577.8016,4.384,359.9
1593.7334,4.382,363.7
1578.117,4.402,358.5
1569.1233,4.399,356.7
1587.6,4.41,360.0
1570.739,4.406,356.5
1566.8585,4.405,355.7
1557.0738,4.401,353.8
1547.028,4.385,352.8
1571.9375,4.375,359.3
1537.6435,4.387,350.5
1534.5726,4.387,349.8
1551.082,4.394,353.0
1572.285,4.398,357.5
1590.566,4.406,361.0
1587.1215,4.405,360.3
1582.6668,4.411,358.8
1579.3864,4.408,358.3
1556.9948,4.412,352.9
1549.5605,4.421,350.5
1556.9948,4.412,352.9
1584.5312,4.382,361.6
1605.1266,4.382,366.3
1610.0,4.375,368.0
1578.1254,4.391,359.4
1590.75,4.375,363.6
1558.7312,4.376,356.2
1574.4708,4.359,361.2
1573.2769,4.369,360.1
1576.5954,4.377,360.2
1568.1199,4.379,358.1
1558.7598,4.381,355.8
1560.6052,4.406,354.2
1559.4633,4.409,353.7
1567.299,4.405,355.8
1549.679,4.405,351.8
1546.9493,4.391,352.3
1538.5155,4.377,351.5
1548.3435,4.385,353.1
1552.4586,4.383,354.2
1557.7182,4.383,355.4
1594.323,4.374,364.5
1613.7716,4.396,367.1
1589.1213,4.413,360.1
1603.3208,4.412,363.4
1601.762,4.415,362.8
1583.7128,4.409,359.2
1607.1702,4.402,365.1
1608.2655,4.405,365.1
1540.9596,4.404,349.9
1551.0005,4.405,352.1
1553.024,4.412,352.0
1557.7814,4.403,353.8
1580.5218,4.394,359.7
1572.0225,4.385,358.5
1574.1507,4.369,360.3
1598.1802,4.369,365.8
1586.493,4.385,361.8
1591.3165,4.385,362.9
1571.9275,4.397,357.5
1558.342,4.37,356.6
1607.7655,4.363,368.5
1635.0349,4.387,372.7
1609.5794,4.381,367.4
1582.6395,4.395,360.1
1618.1676,4.396,368.1
1565.9775,4.405,355.5
1567.3836,4.404,355.9
1555.9361,4.409,352.9
1542.4608,4.402,350.4
1597.6156,4.406,362.6
1598.9766,4.394,363.9
1543.6091,4.399,350.9
1544.2264,4.397,351.2
1580.0408,4.372,361.4
1555.1328,4.398,353.6
1563.196,4.391,356.0
1590.8593,4.391,362.3
1589.5622,4.402,361.1
1558.0485,4.405,353.7
1563.775,4.405,355.0
1565.8924,4.406,355.4
1544.303,4.406,350.5
1550.2936,4.408,351.7
1543.0815,4.385,351.9
1590.497,4.39,362.3
1575.5264,4.396,358.4
1571.3055,4.383,358.5
1567.9208,4.376,358.3
1603.5898,4.379,366.2
1610.0175,4.381,367.5
1595.1882,4.386,363.7
1602.4248,4.383,365.6
1597.521,4.39,363.9
1596.474,4.356,366.5
1619.6557,4.381,369.7
1540.9779,4.389,351.1
1545.8924,4.388,352.3
1548.258,4.386,353.0
1543.3404,4.382,352.2
1544.9809,4.373,353.3
1555.798,4.385,354.8
1570.6908,4.396,357.3
1606.736,4.384,366.5
1570.026,4.404,356.5
1558.308,4.402,354.0
1555.8816,4.384,354.9
1559.4306,4.394,354.9
1586.8548,4.386,361.8
1589.9233,4.403,361.1
1573.9622,4.399,357.8
1573.6322,4.403,357.4
1561.7607,4.413,353.9
1544.1321,4.403,350.7
1541.766,4.385,351.6
1538.258,4.385,350.8
1540.7144,4.387,351.2
1553.9426,4.354,356.9
1587.708,4.392,361.5
1568.1568,4.384,357.7
1569.989,4.349,361.0
1593.7577,4.399,362.3
1583.5976,4.394,360.4
1587.8848,4.384,362.2
1611.7936,4.399,366.4
1574.4943,4.387,358.9
1609.7906,4.378,367.7
1589.064,4.38,362.8
1562.0988,4.404,354.7
1547.3016,4.392,352.3
1552.001,4.378,354.5
1562.1844,4.403,354.8
1572.56,4.4,357.4
1550.2032,4.394,352.8
1543.484,4.37,353.2
1588.0172,4.388,361.9
1560.8635,4.403,354.5
1575.8848,4.397,358.4
1560.0688,4.402,354.4
1550.6484,4.404,352.1
1547.92,4.4,351.8
1568.136,4.395,356.8
1556.5524,4.407,353.2
1575.3108,4.404,357.7
1553.1131,4.411,352.1
1558.935,4.41,353.5
1571.0112,4.408,356.4
1563.8445,4.399,355.5
1573.6044,4.398,357.8
1578.4049,4.393,359.3
1583.4464,4.379,361.6
1573.7652,4.374,359.8
1589.5855,4.373,363.5
1599.78,4.395,364.0
1588.0368,4.382,362.4
1573.0456,4.372,359.8
1592.13,4.362,365.0
1624.739,4.39,370.1
1587.3312,4.368,363.4
1630.343,4.385,371.8
1553.64,4.4,353.1
1553.7908,4.388,354.1
1546.065,4.386,352.5
1546.7474,4.378,353.3
1588.488,4.376,363.0
1596.204,4.39,363.6
1602.715,4.391,365.0
1575.145,4.406,357.5
1577.4814,4.399,358.6
1567.8617,4.393,356.9
1554.5245,4.405,352.9
1547.744,4.397,352.0
1544.2216,4.402,350.8
1548.6236,4.402,351.8
1553.115,4.406,352.5
1539.7465,4.393,350.5
1541.8404,4.404,350.1
1536.2321,4.393,349.7
1540.2691,4.397,350.3
1541.056,4.378,352.0
1570.3886,4.378,358.7
1595.6894,4.391,363.4
1617.9954,4.386,368.9
1617.44,4.4,367.6
1585.3996,4.399,360.4
1597.5288,4.372,365.4
1595.6894,4.391,363.4
1587.4732,4.372,363.1
1585.5901,4.391,361.1
1572.061,4.379,359.0
1611.2736,4.388,367.2
1587.8848,4.384,362.2
1559.36,4.4,354.4
1548.6966,4.386,353.1
1550.2804,4.388,353.3
1555.9154,4.394,354.1
1575.228,4.405,357.6
1602.1158,4.399,364.2
1589.4036,4.404,360.9
1565.8924,4.406,355.4
1587.6809,4.409,360.1
1573.5492,4.404,357.3
1573.9896,4.404,357.4
1583.8396,4.402,359.8
1592.769,4.406,361.5
1602.282,4.414,363.0
1578.804,4.415,357.6
1587.8421,4.407,360.3
1590.3636,4.403,361.2
1565.2911,4.413,354.7
1564.5706,4.406,355.1
1555.3186,4.411,352.6
1537.9,4.394,350.0
1557.8237,4.387,355.1
1598.7631,4.391,364.1
1606.2241,4.397,365.3
1630.5808,4.388,371.6
1592.136,4.368,364.5
1581.876,4.365,362.4
1611.6291,4.383,367.7
1596.9312,4.392,363.6
1576.872,4.356,362.0
1594.9054,4.378,364.3
1602.5711,4.387,365.3
1557.1485,4.395,354.3
1547.199,4.383,353.0
1535.2768,4.384,350.2
1548.4986,4.378,353.7
1605.054,4.395,365.2
1615.53,4.396,367.5
1613.6995,4.403,366.5
1583.238,4.404,359.5
1566.1278,4.398,356.1
1592.892,4.41,361.2
1557.789,4.413,353.0
1552.1416,4.412,351.8
1547.4765,4.405,351.3
1541.3095,4.405,349.9
1545.719,4.39,352.1
1539.9215,4.381,351.5
1566.9831,4.393,356.7
1594.7919,4.397,362.7
1604.9304,4.414,363.6
1578.064,4.408,358.0
1584.1188,4.404,359.7
1575.252,4.41,357.2
1576.4112,4.368,360.9
1579.8888,4.374,361.2
1639.9472,4.399,372.8
1596.14,4.385,364.0
1584.2728,4.391,360.8
1607.0304,4.386,366.4
1583.7994,4.397,360.2
1612.716,4.38,368.2
1593.8724,4.386,363.4
1598.1888,4.381,364.8
1621.4563,4.393,369.1
1590.6784,4.399,361.6
1569.7532,4.402,356.6
1571.0998,4.391,357.8
1569.8749,4.411,355.9
1576.6016,4.399,358.4
1546.5895,4.385,352.7
1640.4776,4.391,373.6
1596.32,4.4,362.8
1595.9572,4.399,362.8
1579.1925,4.405,358.5
1567.5836,4.412,355.3
1558.5756,4.404,353.9
1546.6772,4.409,350.8
1548.0896,4.408,351.2
1559.1129,4.413,353.3
1553.115,4.406,352.5
1558.6716,4.413,353.2
1564.3992,4.408,354.9
1547.5614,4.389,352.6
1538.8602,4.398,349.9
1580.819,4.379,361.0
1644.8768,4.384,375.2
1592.6157,4.391,362.7
1640.748,4.38,374.6
1570.7473,4.379,358.7
1641.159,4.394,373.5
1603.81,4.394,365.0
1620.876,4.395,368.8
1645.4361,4.389,374.9
1617.5568,4.386,368.8
1595.5944,4.398,362.8
1601.1072,4.389,364.8
1574.013,4.409,357.0
1586.277,4.41,359.7
1560.24,4.4,354.6
1555.776,4.38,355.2
1567.6375,4.385,357.5
1622.0711,4.409,367.9
1563.8802,4.414,354.3
1555.9263,4.399,353.7
1567.164,4.38,357.8
1634.4626,4.402,371.3
1559.4662,4.414,353.3
1564.3132,4.409,354.8
1570.426,4.42,355.3
1565.122,4.42,354.1
1557.2336,4.394,354.4
1573.1088,4.404,357.2
1604.4351,4.409,363.9
1595.9315,4.405,362.3
1627.3619,4.409,369.1
1585.2613,4.417,358.9
1583.3536,4.408,359.2
1594.0665,4.395,362.7
1616.6304,4.374,369.6
1612.8196,4.397,366.8
1605.182,4.405,364.4
1577.0034,4.383,359.8
1657.794,4.395,377.2
1629.7794,4.406,369.9
1603.228,4.39,365.2
1610.401,4.394,366.5
1617.369,4.407,367.0
1585.229,4.39,361.1
1548.1449,4.377,353.7
1580.7582,4.402,359.1
1621.116,4.41,367.6
1595.8204,4.412,361.7
1600.9578,4.414,362.7
1576.0008,4.422,356.4
1566.84,4.4,356.1
1625.9568,4.404,369.2
1625.603,4.415,368.2
1614.2841,4.407,366.3
1571.5686,4.417,355.8
1556.727,4.405,353.4
1553.5488,4.416,351.8
1557.9652,4.411,353.2
1561.4864,4.406,354.4
1564.1472,4.416,354.2
1557.2556,4.419,352.4
1570.4155,4.415,355.7
1560.3489,4.419,353.1
1565.1175,4.415,354.5
1577.5949,4.403,358.3
1613.0842,4.381,368.2
1623.0735,4.395,369.3
1602.7682,4.402,364.1
1637.24,4.4,372.1
1611.867,4.398,366.5
1600.4905,4.403,363.5
1595.1546,4.398,362.7
1597.2,4.4,363.0
1590.8346,4.397,361.8
1611.0608,4.397,366.4
1616.56,4.4,367.4
1625.6408,4.396,369.8
1594.0492,4.423,360.4
1579.7447,4.409,358.3
1604.018,4.42,362.9
1567.5112,4.423,354.4
1563.3618,4.389,356.2
1633.8911,4.391,372.1
1585.7856,4.416,359.1
1579.8768,4.418,357.6
1612.008,4.39,367.2
1582.2098,4.427,357.4
1584.985,4.415,359.0
1572.207,4.43,354.9
1579.2084,4.431,356.4
1562.8137,4.431,352.7
1562.9974,4.414,354.1
1556.1124,4.412,352.7
1572.285,4.398,357.5
1610.4739,4.399,366.1
1599.195,4.425,361.4
1611.2702,4.429,363.8
1614.1387,4.397,367.1
1631.4008,4.408,370.1
1602.417,4.395,364.6
1652.8862,4.403,375.4
1595.661,4.414,361.5
1592.7219,4.401,361.9
1615.532,4.408,366.5
1647.2943,4.401,374.3
1612.4464,4.408,365.8
1657.1472,4.412,375.6
1611.5736,4.396,366.6
1624.04,4.4,369.1
1606.638,4.426,363.0
1588.6823,4.429,358.7
1586.4392,4.408,359.9
1675.3056,4.418,379.2
1612.1835,4.423,364.5
1615.383,4.41,366.3
1614.24,4.425,364.8
1582.7648,4.436,356.8
1580.2818,4.397,359.4
1645.124,4.42,372.2
1613.1456,4.422,364.8
1600.4375,4.415,362.5
1600.0261,4.409,362.9
1599.2712,4.413,362.4
1590.4452,4.413,360.4
1620.4708,4.436,365.3
1611.759,4.434,363.5
1608.4875,4.425,363.5
1578.0527,4.429,356.3
1603.9021,4.427,362.3
1621.1124,4.404,368.1
1628.9823,4.411,369.3
1615.901,4.403,367.0
1623.2135,4.393,369.5
1655.0877,4.403,375.9
1615.0167,4.409,366.3
1642.319,4.403,373.0
1625.0124,4.411,368.4
1609.8885,4.395,366.3
1619.5725,4.407,367.5
1662.1171,4.417,376.3
1616.2977,4.427,365.1
1591.3128,4.424,359.7
1638.707,4.417,371.0
1608.2814,4.422,363.7
1587.4698,4.417,359.4
1578.8629,4.409,358.1
1604.2032,4.412,363.6
1606.8051,4.401,365.1
1641.0042,4.422,371.1
1621.7625,4.425,366.5
1590.1784,4.427,359.2
1573.7034,4.423,355.8
1567.8404,4.409,355.6
1580.3991,4.401,359.1
1590.7566,4.398,361.7
1622.5716,4.426,366.6
1628.3246,4.414,368.9
1610.745,4.413,365.0
1646.8225,4.421,372.5
1639.9616,4.418,371.2
1633.632,4.42,369.6
1629.7209,4.413,369.3
1609.449,4.395,366.2
1669.7127,4.379,381.3
1676.4264,4.392,381.7
1625.2893,4.401,369.3
1623.683,4.405,368.6
1606.812,4.395,365.6
1650.8894,4.393,375.8
1623.1748,4.412,367.9
1611.207,4.395,366.6
1654.0588,4.412,374.9
1592.2472,4.418,360.4
1610.9853,4.427,363.9
1590.8056,4.414,360.4
1587.3612,4.402,360.6
1610.7255,4.419,364.5
1617.2145,4.415,366.3
1603.8216,4.428,362.2
1586.8888,4.424,358.7
1609.1904,4.416,364.4
1645.6077,4.413,372.9
1605.6326,4.433,362.2
1594.826,4.435,359.6
1590.011,4.429,359.0
1579.0248,4.428,356.6
1576.3424,4.418,356.8
1576.109,4.405,357.8
1589.2833,4.411,360.3
1607.2916,4.412,364.3
1615.3728,4.416,365.8
1639.0071,4.419,370.9
1623.908,4.42,367.4
1622.512,4.409,368.0
1607.5451,4.391,366.1
1669.36,4.4,379.4
1618.0296,4.404,367.4
1610.2272,4.414,364.8
1677.9147,4.389,382.3
1681.0068,4.404,381.7
1678.7166,4.398,381.7
1629.9948,4.377,372.4
1621.7685,4.401,368.5
1676.7552,4.416,379.7
1587.0412,4.406,360.2
1654.2336,4.416,374.6
1612.9125,4.425,364.5
1604.103,4.43,362.1
1602.975,4.422,362.5
1593.7038,4.394,362.7
1635.2592,4.434,368.8
1623.3912,4.421,367.2
1599.6375,4.425,361.5
1594.0665,4.395,362.7
1604.799,4.41,363.9
1603.476,4.41,363.6
1590.628,4.394,362.0
1588.4789,4.399,361.1
1593.3954,4.398,362.3
1608.903,4.414,364.5
1630.3914,4.422,368.7
1636.551,4.41,371.1
1638.6168,4.412,371.4
1628.9862,4.429,367.8
1597.901,4.43,360.7
1613.0884,4.417,365.2
1610.6174,4.403,365.8
1620.5995,4.405,367.9
1643.306,4.388,374.5
1642.2153,4.411,372.3
1635.2981,4.409,370.9
1614.6508,4.396,367.3
1623.6972,4.386,370.2
1657.92,4.4,376.8
1607.9004,4.404,365.1
1665.4614,4.399,378.6
1641.7052,4.412,372.1
1627.5177,4.419,368.3
1597.1872,4.417,361.6
1610.4924,4.422,364.2
1600.764,4.422,362.0
1599.3568,4.423,361.6
1580.928,4.416,358.0
1591.8304,4.384,363.1
1639.032,4.406,372.0
1666.72,4.4,378.8
1615.0826,4.414,365.9
1602.574,4.427,362.0
1598.9145,4.423,361.5
1616.7404,4.427,365.2
1620.648,4.428,366.0
1612.8344,4.426,364.4
1619.3196,4.428,365.7
1595.686,4.43,360.2
1605.6729,4.427,362.7
1607.727,4.429,363.0
1605.3102,4.426,362.7
1641.4272,4.416,371.7
1629.5972,4.396,370.7
1654.6842,4.374,378.3
1644.6248,4.408,373.1
1644.0633,4.383,375.1
1650.2444,4.403,374.8
1618.6419,4.383,369.3
1669.753,4.415,378.2
1620.8216,4.408,367.7
1654.9674,4.398,376.3
1636.1237,4.397,372.1
1603.2922,4.418,362.9
1591.04,4.4,361.6
1618.3757,4.423,365.9
1638.0354,4.414,371.1
1621.0295,4.423,366.5
1606.4336,4.423,363.2
1622.3564,4.423,366.8
1627.5912,4.418,368.4
1593.774,4.41,361.4
1624.1952,4.404,368.8
1650.7296,4.409,374.4
1615.3728,4.416,365.8
1602.4086,4.418,362.7
1589.293,4.427,359.0
1594.6547,4.421,360.7
1593.6888,4.422,360.4
1608.2496,4.428,363.2
1589.7357,4.427,359.1
1590.2618,4.426,359.3
1593.1646,4.423,360.2
1606.1493,4.421,363.3
1595.661,4.414,361.5
1616.978,4.388,368.5
1656.8475,4.389,377.5
1635.2742,4.403,371.4
1654.84,4.4,376.1
1640.827,4.399,373.0
1611.2742,4.406,365.7
1601.0838,4.401,363.8
1614.03,4.38,368.5
1653.1488,4.392,376.4
1634.4328,4.396,371.8
1609.764,4.42,364.2
1588.431,4.394,361.5
1625.814,4.406,369.0
1646.6765,4.397,374.5
1629.2853,4.419,368.7
1647.6026,4.403,374.2
1623.3955,4.415,367.7
1600.8,4.416,362.5
1617.2145,4.415,366.3
1589.874,4.42,359.7
1595.725,4.402,362.5
1570.14,4.392,357.5
1624.0516,4.406,368.6
1610.4561,4.411,365.1
1622.5864,4.414,367.6
1651.545,4.41,374.5
1653.309,4.41,374.9
1607.5788,4.414,364.2
1578.84,4.425,356.8
1608.903,4.414,364.5
1604.6176,4.418,363.2
1604.3016,4.422,362.8
1649.004,4.395,375.2
1612.2225,4.387,367.5
1614.7248,4.407,366.4
1671.7002,4.426,377.7
1669.36,4.4,379.4
1617.5844,4.398,367.8
1602.8016,4.413,363.2
1652.0168,4.396,375.8
1605.12,4.4,364.8
1606.5894,4.398,365.3
1624.6008,4.392,369.9
1644.7251,4.413,372.7
1646.6576,4.417,372.8
1592.0021,4.421,360.1
1615.3566,4.422,365.3
1585.6004,4.402,360.2
1602.2306,4.409,363.4
1613.178,4.41,365.8
1597.5488,4.418,361.6
1599.0757,4.421,361.7
1616.9121,4.419,365.9
1596.7842,4.422,361.1
1601.2062,4.422,362.1
1603.62,4.425,362.4
1593.4425,4.425,360.1
1594.9656,4.428,360.2
1580.439,4.427,357.0
1569.061,4.405,356.2
1571.5038,4.386,358.3
1598.9127,4.389,364.3
1598.4189,4.407,362.7
1634.66,4.418,370.0
1648.4172,4.404,374.3
1634.255,4.405,371.0
1606.5,4.375,367.2
1642.9315,4.387,374.5
1644.2517,4.407,373.1
1606.8682,4.406,364.7
1658.3273,4.379,378.7
1616.7048,4.398,367.6
1610.1024,4.404,365.6
1654.5276,4.398,376.2
1638.4226,4.421,370.6
1641.264,4.412,372.0
1626.408,4.41,368.8
1638.5226,4.407,371.8
1639.4295,4.413,371.5
1616.0406,4.413,366.2
1619.4257,4.409,367.3
1612.296,4.41,365.6
1581.4098,4.426,357.3
1598.0706,4.417,361.8
1591.6884,4.414,360.6
1559.37,4.405,354.0
1576.2888,4.392,358.9
1581.867,4.41,358.7
1638.1944,4.418,370.8
1615.4334,4.421,365.4
1620.372,4.42,366.6
1612.7034,4.422,364.7
1575.6288,4.416,356.8
1588.155,4.43,358.5
1589.709,4.422,359.5
1569.061,4.405,356.2
1645.1886,4.386,375.1
1614.6504,4.408,366.3
1627.2179,4.411,368.9
1611.0486,4.409,365.4
1607.6128,4.384,366.7
1642.5866,4.399,373.4
1611.132,4.402,366.0
1621.0656,4.386,369.6
1634.6353,4.393,372.1
1601.7516,4.398,364.2
1597.6708,4.388,364.1
1626.934,4.39,370.6
1602.2517,4.403,363.9
1585.395,4.41,359.5
1576.3562,4.402,358.1
1651.329,4.386,376.5
1627.0497,4.401,369.7
1619.2781,4.411,367.1
1590.8865,4.413,360.5
1585.344,4.416,359.0
1567.7508,4.389,357.2
1578.7068,4.378,360.6
1608.4032,4.409,364.8
1611.6276,4.413,365.2
1642.914,4.42,371.7
1586.1714,4.422,358.7
1572.4632,4.422,355.6
1565.6517,4.419,354.3
1557.521,4.406,353.5
1565.4357,4.401,355.7
1561.8144,4.397,355.2
1576.449,4.39,359.1
1638.6552,4.392,373.1
1612.231,4.393,367.0
1620.5072,4.394,368.8
1624.6425,4.385,370.5
1604.3259,4.387,365.7
1649.883,4.395,375.4
1598.5966,4.399,363.4
1613.8206,4.383,368.2
1605.635,4.399,365.0
1655.4591,4.383,377.7
1608.19,4.406,365.0
1615.068,4.42,365.4
1578.28,4.4,358.7
1597.1571,4.389,363.9
1626.3357,4.411,368.7
1607.7328,4.412,364.4
1584.954,4.41,359.4
1561.6732,4.414,353.8
1583.4235,4.385,361.1
1630.96,4.408,370.0
1604.9808,4.419,363.2
1582.718,4.421,358.0
1587.9402,4.422,359.1
1572.452,4.417,356.0
1572.7221,4.419,355.9
1568.8215,4.413,355.5
1563.6894,4.406,354.9
1553.7312,4.404,352.8
1570.6336,4.402,356.8
1560.8116,4.388,355.7
1559.6832,4.391,355.2
1583.9392,4.384,361.3
1615.3872,4.404,366.8
1607.106,4.391,366.0
1642.7504,4.376,375.4
1637.4428,4.397,372.4
1612.5264,4.401,366.4
1595.8026,4.401,362.6
1620.833,4.37,370.9
1634.8724,4.396,371.9
1623.8444,4.364,372.1
1620.8164,4.402,368.2
1621.476,4.38,370.2
1611.1992,4.407,365.6
1599.6099,4.403,363.3
1586.7612,4.404,360.3
1567.325,4.415,355.0
1580.0202,4.411,358.2
1555.9154,4.394,354.1
1606.003,4.382,366.5
1592.4075,4.405,361.5
1581.2316,4.407,358.8
1581.0948,4.414,358.2
1561.3038,4.403,354.6
1567.3608,4.383,357.6
1589.9233,4.403,361.1
1592.9556,4.398,362.2
1644.7251,4.413,372.7
1571.4826,4.418,355.7
1577.0993,4.409,357.7
1589.04,4.414,360.0
1605.968,4.412,364.0
1569.5325,4.415,355.5
1557.7868,4.418,352.6
1582.2345,4.389,360.5
1601.7588,4.374,366.2
1631.8568,4.382,372.4
1591.7632,4.402,361.6
1606.1532,4.386,366.2
1602.0588,4.388,365.1
1630.3783,4.391,371.3
1628.2091,4.397,370.3
1605.8592,4.384,366.3
1626.835,4.385,371.0
1601.2555,4.381,365.5
1608.174,4.412,364.5
1573.5721,4.409,356.9
1558.7365,4.397,354.5
1554.5664,4.384,354.6
1605.5692,4.388,365.9
1628.5992,4.404,369.8
1618.1768,4.408,367.1
1585.1784,4.418,358.8
1559.6427,4.417,353.1
1557.3012,4.388,354.9
1553.3784,4.403,352.8
1544.0502,4.389,351.8
1593.6588,4.383,363.6
1609.1131,4.417,364.3
1633.3933,4.411,370.3
1616.622,4.417,366.0
1578.3625,4.415,357.5
1582.718,4.421,358.0
1574.588,4.423,356.0
1585.703,4.417,359.0
1572.9792,4.416,356.2
1598.901,4.395,363.8
1604.905,4.397,365.0
1608.7884,4.398,365.8
1580.5874,4.382,360.7
1616.0121,4.383,368.7
1592.3292,4.389,362.8
1611.049,4.385,367.4
1618.7108,4.382,369.4
1595.385,4.395,363.0
1584.2728,4.391,360.8
1600.5984,4.384,365.1
1579.854,4.413,358.0
1571.74,4.415,356.0
1567.9389,4.413,355.3
1603.7244,4.401,364.4
1582.36,4.42,358.0
1547.7168,4.417,350.4
1551.834,4.38,354.3
1583.3597,4.397,360.1
1609.8016,4.408,365.2
1618.0975,4.415,366.5
1587.9115,4.417,359.5
1576.3572,4.423,356.4
1581.6816,4.428,357.2
1575.5693,4.427,355.9
1564.8574,4.423,353.8
1572.2025,4.425,355.3
1569.3678,4.422,354.9
1569.1928,4.424,354.7
1558.5813,4.419,352.7
1566.3614,4.426,353.9
1559.9921,4.423,352.7
1571.0955,4.407,356.5
1612.3068,4.398,366.6
1608.597,4.37,368.1
1601.9445,4.407,363.5
1566.288,4.38,357.6
1644.0383,4.397,373.9
1587.6302,4.393,361.4
1619.3436,4.398,368.2
1583.1079,4.411,358.9
1583.1123,4.389,360.7
1626.4682,4.403,369.4
1606.2752,4.408,364.4
1585.9502,4.414,359.3
1554.8774,4.406,352.9
1604.7744,4.416,363.4
1550.8868,4.421,350.8
1563.345,4.41,354.5
1592.9268,4.404,361.7
1611.2624,4.412,365.2
1561.4095,4.417,353.5
1555.0465,4.399,353.5
1542.3786,4.398,350.7
1546.8646,4.397,351.8
1601.6,4.4,364.0
1580.3186,4.418,357.7
1574.7456,4.416,356.6
1563.972,4.418,354.0
1558.1394,4.419,352.6
1545.25,4.415,350.0
1541.2302,4.401,350.2
1545.0942,4.407,350.6
1561.645,4.399,355.0
1558.1124,4.394,354.6
1607.3946,4.399,365.4
1593.3672,4.404,361.8
1582.4688,4.386,360.8
1581.8478,4.377,361.4
1626.7968,4.392,370.4
1578.2338,4.367,361.4
1657.5904,4.384,378.1
1586.7779,4.387,361.7
1653.96,4.4,375.9
1579.1949,4.383,360.3
1613.8467,4.401,366.7
1596.3409,4.411,361.9
1578.297,4.421,357.0
1593.6069,4.423,360.3
1545.25,4.415,350.0
1612.6616,4.411,365.6
1586.062,4.418,359.0
1559.7312,4.416,353.2
1604.1255,4.413,363.5
1605.3718,4.414,363.7
1568.892,4.407,356.0
1565.2974,4.418,354.3
1566.0075,4.425,353.9
1561.8504,4.422,353.2
1548.0672,4.418,350.4
1538.3172,4.404,349.3
1578.9627,4.397,359.1
1608.2028,4.423,363.6
1570.0707,4.419,355.3
1559.376,4.42,352.8
1571.5788,4.422,355.4
1567.4976,4.413,355.2
1575.875,4.375,360.2
1586.284,4.382,362.0
1626.24,4.4,369.6
1607.1035,4.397,365.5
1623.7416,4.398,369.2
1617.9522,4.399,367.8
1581.278,4.39,360.2
1623.56,4.388,370.0
1608.4588,4.372,367.9
1600.014,4.38,365.3
1567.1424,4.412,355.2
1552.5828,4.412,351.9
1605.8588,4.396,365.3
1579.0775,4.417,357.5
1577.016,4.41,357.6
1554.072,4.395,353.6
1614.6536,4.402,366.8
1579.221,4.41,358.1
1574.1804,4.407,357.2
1556.729,4.415,352.6
1567.314,4.41,355.4
1560.8794,4.418,353.3
1550.9088,4.396,352.8
1621.9224,4.417,367.2
1575.2023,4.421,356.3
1589.2024,4.412,360.2
1554.945,4.425,351.4
1551.9624,4.414,351.6
1533.4914,4.399,348.6
1545.632,4.391,352.0
1598.6712,4.426,361.2
1582.24,4.4,359.6
1614.8668,4.393,367.6
1594.4044,4.402,362.2
1571.9424,4.386,358.4
1569.864,4.39,357.6
1596.0,4.375,364.8
1588.4214,4.371,363.4
1658.6108,4.396,377.3
1603.445,4.393,365.0
1608.7032,4.381,367.2
1586.2794,4.399,360.6
1570.9426,4.414,355.9
1558.5756,4.404,353.9
1549.5921,4.401,352.1
1567.23,4.39,357.0
1600.3365,4.405,363.3
1557.9616,4.406,353.6
1554.3462,4.402,353.1
1610.9085,4.405,365.7
1602.539,4.405,363.8
1570.857,4.415,355.8
1548.448,4.399,352.0
1537.378,4.39,350.2
1562.3762,4.411,354.2
1572.3672,4.397,357.6
1568.9565,4.401,356.5
1565.088,4.384,357.0
1557.0762,4.421,352.2
1570.5867,4.413,355.9
1560.432,4.408,354.0
1557.345,4.418,352.5
1563.5305,4.423,353.5
1569.604,4.409,356.0
1604.984,4.39,365.6
1590.2385,4.399,361.5
1588.6024,4.403,360.8
1594.3522,4.397,362.6
1580.3262,4.374,361.3
1640.1693,4.389,373.7
1595.412,4.383,364.0
1618.0242,4.398,367.9
1607.0775,4.373,367.5
1598.5536,4.382,364.8
1578.78,4.41,358.0
1552.32,4.41,352.0
1567.887,4.398,356.5
1611.864,4.404,366.0
1611.1863,4.413,365.1
1579.0281,4.407,358.3
1567.332,4.42,354.6
1547.2146,4.393,352.2
1572.2896,4.424,355.4
1582.308,4.41,358.8
1574.389,4.415,356.6
1561.0551,4.421,353.1
1564.238,4.42,353.9
1547.7432,4.402,351.6
1549.3272,4.404,351.8
1548.5358,4.398,352.1
1561.3333,4.387,355.9
1588.1621,4.403,360.7
1578.5301,4.413,357.7
1563.2584,4.411,354.4
1562.027,4.415,353.8
1563.6995,4.411,354.5
1597.24,4.376,365.0
1622.1945,4.395,369.1
1588.3232,4.384,362.3
1614.6972,4.383,368.4
1600.2036,4.401,363.6
1595.196,4.38,364.2
1582.0406,4.397,359.8
1579.1622,4.389,359.8
1624.4376,4.388,370.2
1607.618,4.39,366.2
1577.3736,4.411,357.6
1566.9774,4.419,354.6
1553.5212,4.386,354.2
1580.6412,4.398,359.4
1576.614,4.42,356.7
1562.3808,4.416,353.8
1552.743,4.39,353.7
1589.5936,4.396,361.6
1600.075,4.414,362.5
1576.0503,4.411,357.3
1560.225,4.395,355.0
1575.7512,4.404,357.8
1572.6126,4.394,357.9
1568.9324,4.396,356.9
1602.1752,4.404,363.8
1603.9388,4.421,362.8
1612.5102,4.413,365.4
1546.9248,4.416,350.3
1560.613,4.421,353.0
1541.9022,4.413,349.4
1545.6264,4.386,352.4
1602.4622,4.406,363.7
1579.1235,4.395,359.3
1581.1612,4.397,359.6
1592.4935,4.381,363.5
1606.008,4.388,366.0
1600.508,4.397,364.0
1610.6188,4.391,366.8
1592.7681,4.389,362.9
1606.5148,4.399,365.2
1598.8252,4.396,363.7
1576.9677,4.389,359.3
1600.4448,4.392,364.4
1605.3338,4.403,364.6
1541.4609,4.413,349.3
1579.662,4.41,358.2
1571.1269,4.417,355.7
1560.58,4.396,355.0
1554.612,4.404,353.0
1554.414,4.391,354.0
1558.1565,4.383,355.5
1622.0652,4.403,368.4
1613.6995,4.403,366.5
1610.1505,4.415,364.7
1592.4905,4.415,360.7
1589.1213,4.413,360.1
1638.9882,4.413,371.4
1559.1129,4.413,353.3
1569.3601,4.417,355.3
1543.9255,4.415,349.7
1560.9678,4.417,353.4
1558.1328,4.424,352.2
1560.1728,4.416,353.3
1563.1763,4.417,353.9
1586.0944,4.367,363.2
1592.5158,4.398,362.1
1617.603,4.366,370.5
1593.8352,4.398,362.4
1581.9522,4.387,360.6
1634.5638,4.374,373.7
1583.7846,4.386,361.1
1597.7168,4.399,363.2
1598.901,4.395,363.8
1588.9481,4.393,361.7
1612.965,4.395,367.0
1607.004,4.41,364.4
1562.8224,4.416,353.9
1547.5682,4.399,351.8
1593.6502,4.406,361.7
1614.7248,4.407,366.4
1571.2985,4.415,355.9
1566.615,4.413,355.0
1546.3312,4.388,352.4
1585.7194,4.406,359.9
1570.2984,4.406,356.4
1558.5752,4.424,352.3
1541.4609,4.413,349.3
1547.6539,4.393,352.3
1545.6248,4.406,350.8
1553.0967,4.391,353.7
1621.1893,4.409,367.7
1578.84,4.425,356.8
1581.2608,4.412,358.4
1589.9656,4.408,360.7
1570.4155,4.415,355.7
1568.6495,4.415,355.3
1592.7681,4.389,362.9
1618.8469,4.367,370.7
1607.838,4.393,366.0
1617.8344,4.382,369.2
1637.424,4.384,373.5
1573.856,4.384,359.0
1568.04,4.38,358.0
1571.702,4.378,359.0
1644.2999,4.393,374.3
1598.4615,4.395,363.7
1584.9158,4.394,360.7
1626.9792,4.402,369.6
1604.2246,4.406,364.1
1556.9925,4.417,352.5
1562.44,4.4,355.1
1591.649,4.409,361.0
1561.14,4.41,354.0
1561.5855,4.415,353.7
1564.668,4.41,354.8
1563.741,4.395,355.8
1578.1254,4.391,359.4
1609.1131,4.417,364.3
1580.0202,4.411,358.2
1572.808,4.418,356.0
1555.1268,4.423,351.6
1568.8381,4.423,354.7
1547.5484,4.414,350.6
1590.0039,4.413,360.3
1603.1323,4.403,364.1
1557.8759,4.417,352.7
1566.7146,4.422,354.3
1554.7888,4.412,352.4
1573.6044,4.398,357.8
1633.2342,4.407,370.6
1581.2793,4.401,359.3
1588.039,4.399,361.0
1609.668,4.398,366.0
1604.664,4.37,367.2
1606.146,4.38,366.7
1628.718,4.396,370.5
1613.9604,4.381,368.4
1592.3856,4.394,362.4
1612.447,4.39,367.3
1563.972,4.418,354.0
1548.8879,4.399,352.1
1613.2229,4.421,364.9
1564.485,4.407,355.0
1564.9364,4.412,354.7
1587.2815,4.403,360.5
1568.637,4.41,355.7
1574.727,4.411,357.0
1551.7932,4.406,352.2
1623.321,4.41,368.1
1564.054,4.412,354.5
1547.6792,4.427,349.6
1564.4151,4.423,353.7
1552.224,4.416,351.5
1549.233,4.41,351.3
1567.0074,4.398,356.3
1568.8496,4.397,356.8
1594.61,4.405,362.0
1558.0535,4.415,352.9
1568.3031,4.419,354.9
1550.2936,4.408,351.7
1565.6652,4.393,356.4
1596.9681,4.403,362.7
1581.4006,4.394,359.9
1586.16,4.406,360.0
1588.741,4.39,361.9
1591.3165,4.385,362.9
1568.7038,4.366,359.3
1592.1248,4.403,361.6
1620.9965,4.387,369.5
1583.28,4.398,360.0
1593.2952,4.382,363.6
1569.6184,4.414,355.6
1568.9927,4.411,355.7
1569.177,4.414,355.5
1547.892,4.38,353.4
1627.7891,4.403,369.7
1572.6903,4.409,356.7
1559.4455,4.399,354.5
1563.8604,4.404,355.1
1622.6574,4.407,368.2
1579.854,4.413,358.0
1543.8132,4.421,349.2
1538.3456,4.384,350.9
1578.9627,4.397,359.1
1600.482,4.42,362.1
1594.8582,4.413,361.4
1585.1168,4.408,359.6
1572.7932,4.413,356.4
1544.6974,4.421,349.4
1547.9999,4.409,351.1
1548.612,4.412,351.0
1543.4218,4.406,350.3
1619.3436,4.398,368.2
1655.3375,4.385,377.5
1605.4962,4.389,365.8
1622.6208,4.376,370.8
1581.9522,4.387,360.6
1599.0615,4.387,364.5
1594.6098,4.382,363.9
1615.52,4.39,368.0
1599.7212,4.378,365.4
1592.7072,4.384,363.3
1627.12,4.4,369.8
1554.784,4.417,352.0
1563.9456,4.403,355.2
1616.624,4.393,368.0
1616.836,4.42,365.8
1558.4064,4.416,352.9
1564.8498,4.413,354.6
1565.85,4.38,357.5
1602.153,4.41,363.3
1578.3625,4.415,357.5
1570.4664,4.404,356.6
1634.4163,4.409,370.7
1604.512,4.408,364.0
1571.9106,4.413,356.2
1588.5627,4.409,360.3
1550.536,4.42,350.8
1563.1763,4.417,353.9
1546.16,4.4,351.4
1589.9233,4.403,361.1
1598.1053,4.411,362.3
1563.796,4.42,353.8
1559.554,4.418,353.0
1567.9138,4.387,357.4
1606.0808,4.393,365.6
1573.6169,4.387,358.7
1604.4358,4.367,367.4
1637.4357,4.377,374.1
1600.7342,4.394,364.3
1584.5684,4.364,363.1
1625.6178,4.377,371.4
1595.385,4.395,363.0
1575.3717,4.387,359.1
1584.2391,4.397,360.3
1561.848,4.412,354.0
1550.0322,4.401,352.2
1576.5288,4.389,359.2
1617.4314,4.394,368.1
1574.811,4.41,357.1
1557.0804,4.406,353.4
1599.78,4.395,364.0
1571.0955,4.407,356.5
1564.1805,4.395,355.9
1628.5992,4.404,369.8
1578.0888,4.413,357.6
1545.264,4.41,350.4
1549.5843,4.411,351.3
1540.884,4.38,351.8
1555.9848,4.388,354.6
1565.3915,4.391,356.5
1567.9702,4.397,356.6
1582.6395,4.395,360.1
1616.1945,4.405,366.9
1583.549,4.411,359.0
1572.096,4.416,356.0
1570.3825,4.405,356.5
1589.2914,4.359,364.6
1608.928,4.384,367.0
1617.4168,4.388,368.6
1595.4614,4.394,363.1
1593.0331,4.397,362.3
1581.4278,4.371,361.8
1585.8804,4.404,360.1
1594.2358,4.387,363.4
1588.6638,4.391,361.8
1587.5991,4.399,360.9
1585.3068,4.389,361.2
1587.3208,4.408,360.1
1576.0262,4.406,357.7
1569.3601,4.417,355.3
1564.9364,4.412,354.7
1569.9906,4.383,358.2
1590.316,4.42,359.8
1608.92,4.408,365.0
1575.1872,4.416,356.7
1564.9431,4.417,354.3
1548.2684,4.406,351.4
1548.006,4.404,351.5
1538.0784,4.392,350.2
1539.5735,4.385,351.1
1552.6672,4.396,353.2
1559.2743,4.401,354.3
