1739.4036,4.631,375.6
1789.8474,4.587,390.2
1788.6323,4.571,391.3
1785.0434,4.603,387.8
1764.7124,4.598,383.8
1707.7364,4.618,369.8
1704.2272,4.616,369.2
1799.52,4.6,391.2
1829.6343,4.589,398.7
1781.0793,4.613,386.1
1737.75,4.634,375.0
1721.412,4.62,372.6
1668.4964,4.636,359.9
1773.7599,4.647,381.7
1742.3436,4.596,379.1
1798.9632,4.608,390.4
1731.6631,4.619,374.9
1707.8184,4.632,368.7
1714.8582,4.626,370.7
1714.6521,4.613,371.7
1745.7246,4.611,378.6
1784.4375,4.605,387.5
1788.8478,4.614,387.7
1792.3703,4.597,389.9
1754.5937,4.621,379.7
1780.1567,4.613,385.9
1774.7739,4.611,384.9
1725.498,4.626,373.0
1732.8115,4.627,374.5
1766.3177,4.613,382.9
1727.6151,4.623,373.7
1769.075,4.595,385.0
1790.1,4.59,390.0
1787.9848,4.594,389.2
1699.7296,4.639,366.4
1727.5059,4.603,375.3
1753.5056,4.634,378.4
1718.9359,4.637,370.7
1766.401,4.606,383.5
1795.7703,4.601,390.3
1740.3875,4.625,376.3
1737.9012,4.627,375.6
1728.9792,4.618,374.4
1686.776,4.634,364.0
1737.4632,4.632,375.1
1799.8615,4.595,391.7
1842.7005,4.601,400.5
1784.1954,4.602,387.7
1786.6674,4.606,387.9
1751.7189,4.611,379.9
1803.2217,4.613,390.9
1691.9424,4.638,364.8
1716.43,4.639,370.0
