1719.8595,5.157,333.5
1745.0199,5.143,339.3
1739.7008,5.144,338.2
1758.3951,5.137,342.3
1791.9303,5.133,349.1
1811.7886,5.134,352.9
1788.9018,5.142,347.9
1785.1474,5.146,346.9
1751.532,5.144,340.5
1742.598,5.148,338.5
1742.5833,5.151,338.3
1799.6544,5.136,350.4
1843.8064,5.116,360.4
1816.7734,5.122,354.7
1783.5664,5.137,347.2
1770.5648,5.144,344.2
1768.67,5.164,342.5
1750.2984,5.154,339.6
1767.8196,5.142,343.8
1778.6692,5.117,347.6
1823.076,5.121,356.0
1802.736,5.136,351.0
1805.1144,5.134,351.6
1795.29,5.15,348.6
1778.6079,5.139,346.1
1772.4411,5.139,344.9
1767.8196,5.142,343.8
1743.9663,5.149,338.7
1771.9272,5.139,344.8
1807.168,5.134,352.0
1799.5936,5.152,349.3
1719.1504,5.141,334.4
1748.94,5.15,339.6
1745.5232,5.146,339.2
1700.0334,5.161,329.4
1779.855,5.159,345.0
1840.644,5.13,358.8
1792.3355,5.143,348.5
1731.1539,5.163,335.3
1726.483,5.146,335.5
1733.5452,5.141,337.2
1760.9332,5.161,341.2
1809.9422,5.158,350.9
1745.3865,5.135,339.9
1784.7441,5.133,347.7
1725.6268,5.116,337.3
1719.2408,5.129,335.2
1729.0112,5.152,335.6
1730.3536,5.156,335.6
1746.8918,5.147,339.4
1726.8408,5.144,335.7
1690.6645,5.131,329.5
1757.5392,5.133,342.4
1766.259,5.13,344.3
1751.3712,5.139,340.8
1699.3304,5.162,329.2
1726.3264,5.144,335.6
1708.6984,5.156,331.4
1710.1656,5.148,332.2
1733.7518,5.134,337.7
1808.4681,5.113,353.7
1794.632,5.11,351.2
1756.3168,5.152,340.9
1727.9746,5.126,337.1
1728.1836,5.148,335.7
1691.0712,5.162,327.6
1738.4796,5.148,337.7
1806.273,5.13,352.1
1736.8435,5.131,338.5
1757.197,5.135,342.2
1703.7664,5.152,330.7
1697.688,5.168,328.5
1737.3054,5.143,337.8
1771.5566,5.129,345.4
1867.4136,5.112,365.3
1837.362,5.118,359.0
1804.2542,5.117,352.6
1758.222,5.141,342.0
1748.7522,5.154,339.3
1731.807,5.145,336.6
1788.1125,5.125,348.9
1833.2408,5.098,359.6
1836.9027,5.121,358.7
1783.2192,5.136,347.2
1740.5388,5.148,338.1
1728.5623,5.143,336.1
1771.8192,5.112,346.6
1838.9511,5.121,359.1
1801.3436,5.116,352.1
1733.7518,5.134,337.7
1736.4939,5.133,338.3
1761.7997,5.123,343.9
1737.45,5.148,337.5
1814.8724,5.108,355.3
1824.5205,5.115,356.7
1742.097,5.145,338.6
1749.3084,5.142,340.2
1754.6295,5.135,341.7
1701.0762,5.133,331.4
1734.4125,5.139,337.5
1717.7021,5.129,334.9
1843.2,5.12,360.0
1797.6882,5.126,350.7
1783.6833,5.127,347.9
1731.6982,5.134,337.3
1763.0196,5.146,342.6
1686.6148,5.161,326.8
1647.7104,5.162,319.2
