1842.2844,5.126,359.4
1822.2511,5.123,355.7
1850.7517,5.131,360.7
1945.5249,5.097,381.7
1927.29,5.1,377.9
1873.7712,5.128,365.4
1816.4432,5.137,353.6
1813.3288,5.134,353.2
1933.6714,5.098,379.3
1854.93,5.11,363.0
1781.8146,5.129,347.4
1858.0248,5.127,362.4
1887.7894,5.098,370.3
1900.0246,5.098,372.7
1821.4656,5.128,355.2
1844.3884,5.129,359.6
1839.5615,5.117,359.5
1922.6964,5.119,375.6
1919.0758,5.123,374.6
1783.7598,5.142,346.9
1812.302,5.134,353.0
1863.306,5.091,366.0
1924.4238,5.083,378.6
1933.1928,5.082,380.4
1878.4143,5.103,368.1
1862.084,5.11,364.4
1863.3408,5.136,362.8
1798.1964,5.148,349.3
1908.4474,5.111,373.4
1874.136,5.115,366.4
1831.3026,5.147,355.8
1830.7101,5.141,356.1
1837.566,5.13,358.2
1909.1684,5.102,374.2
1781.3672,5.144,346.3
1727.3808,5.178,333.6
