1764.8988,5.156,342.3
1783.2456,5.142,346.8
1751.3172,5.157,339.6
1773.664,5.156,344.0
1849.2124,5.131,360.4
1794.209,5.141,349.0
1814.2888,5.144,352.7
1815.2368,5.122,354.4
1819.2525,5.161,352.5
1733.4723,5.173,335.1
1741.1215,5.165,337.1
1777.252,5.144,345.5
1771.085,5.15,343.9
1843.5144,5.138,358.8
1833.1504,5.132,357.2
1751.1535,5.155,339.7
1777.2591,5.147,345.3
1800.7284,5.142,350.2
1808.2295,5.159,350.5
1799.793,5.157,349.0
1819.375,5.125,355.0
1882.6344,5.127,367.2
1908.8751,5.119,372.9
1780.3709,5.159,345.1
1792.405,5.158,347.5
1809.9205,5.155,351.1
1778.2808,5.144,345.7
1887.0066,5.118,368.7
1869.312,5.12,365.1
1846.3848,5.146,358.8
1753.04,5.156,340.0
1785.1353,5.143,347.1
1859.072,5.12,363.1
1844.224,5.12,360.2
1816.0896,5.136,353.6
1817.559,5.13,354.3
1819.4645,5.147,353.5
1808.4924,5.148,351.3
1920.6825,5.115,375.5
1870.7724,5.124,365.1
1823.1,5.15,354.0
1799.6262,5.158,348.9
1814.3884,5.137,353.2
1809.8217,5.143,351.9
1806.112,5.131,352.0
1835.001,5.13,357.7
1856.054,5.14,361.1
1810.1174,5.138,352.3
1880.2168,5.126,366.8
1786.7136,5.152,346.8
1750.2858,5.157,339.4
1784.162,5.164,345.5
1757.661,5.162,340.5
1716.1446,5.191,330.6
