1906.6377,5.113,372.9
2004.9626,5.081,394.6
1953.6748,5.093,383.6
1832.3246,5.134,356.9
1985.1467,5.081,390.7
1996.8984,5.058,394.8
1996.1722,5.069,393.8
1912.9792,5.104,374.8
1912.336,5.086,376.0
1911.48,5.1,374.8
1945.2688,5.087,382.4
1936.47,5.1,379.7
1986.355,5.075,391.4
1952.2728,5.092,383.4
1952.256,5.084,384.0
1945.64,5.08,383.0
1923.077,5.101,377.0
1896.69,5.1,371.9
1895.393,5.102,371.5
1889.1795,5.099,370.5
1861.5688,5.096,365.3
1945.395,5.086,382.5
1980.6388,5.089,389.2
1935.2256,5.082,380.8
1914.5367,5.077,377.1
1950.2224,5.084,383.6
1748.1386,5.122,341.3
