1706.3852,5.044,338.3
1725.192,5.04,342.3
1713.26,5.039,340.0
1714.614,4.98,344.3
1756.0314,4.941,355.4
1792.9755,4.919,364.5
1779.5708,4.946,359.8
1737.2613,5.037,344.9
1732.9764,5.106,339.4
1712.7414,5.102,335.7
1757.68,5.08,346.0
1777.4222,5.074,350.3
1706.155,5.093,335.0
1731.7867,5.089,340.3
1790.5701,5.071,353.1
1798.9344,5.076,354.4
1795.4706,5.082,353.3
1763.7498,5.077,347.4
1749.9128,5.084,344.2
1724.319,5.094,338.5
1712.939,5.095,336.2
1699.0064,5.096,333.4
1766.5536,5.088,347.2
1802.7666,5.094,353.9
1727.2066,5.089,339.4
1737.8935,5.089,341.5
1688.4576,5.098,331.2
1713.5874,5.103,335.8
1717.0064,5.098,336.8
1745.237,5.066,344.5
1712.2952,5.054,338.8
1757.2425,5.025,349.7
1751.5,5.0,350.3
1760.7732,5.086,346.2
1742.6493,5.091,342.3
1737.8172,5.068,342.9
1691.1785,5.071,333.5
1707.888,5.083,336.0
1704.7142,5.054,337.3
1754.6188,4.972,352.9
1762.076,4.922,358.0
1719.6039,4.923,349.3
1690.7316,4.948,341.7
1726.9644,4.954,348.6
1689.074,5.03,335.8
1711.632,5.07,337.6
1782.2472,5.046,353.2
1757.6853,5.061,347.3
1747.2312,5.091,343.2
1634.9368,5.068,322.6
1686.4038,5.078,332.1
1712.1195,5.085,336.7
1701.2801,5.083,334.7
1772.0017,5.047,351.1
1774.8874,5.038,352.3
1786.2355,5.053,353.5
1788.696,5.07,352.8
1716.5316,5.068,338.7
1731.0967,5.081,340.7
1732.9354,5.042,343.7
1716.6996,5.067,338.8
1706.88,5.08,336.0
1726.9893,5.063,341.1
1779.8196,5.052,352.3
1799.14,5.068,355.0
1783.6952,5.033,354.4
1779.3152,5.032,353.6
1723.68,5.04,342.0
1767.5394,5.053,349.8
1745.2435,5.005,348.7
1749.0028,5.036,347.3
1757.952,5.04,348.8
1781.4368,5.038,353.6
1836.5315,5.011,366.5
1780.4775,5.051,352.5
1727.8368,5.064,341.2
1744.785,5.075,343.8
1721.6082,5.074,339.3
1753.8963,5.053,347.1
1785.175,5.05,353.5
1784.1985,5.033,354.5
1760.0814,5.049,348.6
1771.4088,5.021,352.8
1739.7448,5.084,342.2
1759.4844,5.097,345.2
1734.8109,5.077,341.7
1781.3986,5.081,350.6
1835.2658,5.074,361.7
1775.6184,5.079,349.6
1764.1584,5.052,349.2
1750.9458,5.062,345.9
1763.853,5.07,347.9
1762.5884,5.062,348.2
1727.5232,5.072,340.6
1750.3218,5.034,347.7
1756.44,5.04,348.5
1743.6052,5.051,345.2
1706.3631,5.083,335.7
1715.8542,5.066,338.7
1709.5968,5.076,336.8
1713.1485,5.061,338.5
1801.6312,5.048,356.9
1779.5134,5.054,352.1
1725.6358,5.062,340.9
1730.898,5.07,341.4
1719.9152,5.072,339.1
1657.9182,5.106,324.7
