1783.5888,4.578,389.6
1846.894,4.549,406.0
1773.548,4.571,388.0
1838.8068,4.547,404.4
1805.7918,4.567,395.4
1790.9688,4.584,390.7
1780.7061,4.593,387.7
1728.848,4.598,376.0
1913.8323,4.547,420.9
1836.1728,4.536,404.8
1788.3066,4.569,391.4
1796.6682,4.581,392.2
1801.2488,4.588,392.6
1758.8892,4.596,382.7
1790.6486,4.561,392.6
1839.816,4.545,404.8
1883.6068,4.541,414.8
1745.1316,4.607,378.8
1765.3552,4.564,386.8
1734.66,4.6,377.1
1829.5812,4.558,401.4
1819.7244,4.563,398.8
1797.9768,4.582,392.4
1807.7892,4.579,394.8
1777.075,4.586,387.5
1835.3464,4.561,402.4
1873.4646,4.522,414.3
1891.2036,4.532,417.3
1860.7965,4.533,410.5
1800.395,4.535,397.0
1809.7454,4.562,396.7
1789.3488,4.574,391.2
1841.781,4.542,405.5
1898.3858,4.534,418.7
1841.4852,4.548,404.9
1679.9574,4.614,364.1
