1772.862,4.966,357.0
1815.0696,4.943,367.2
1821.4729,4.951,367.9
1904.427,4.921,387.0
1845.864,4.962,372.0
1863.8946,5.094,365.9
1812.8954,5.101,355.4
1801.8212,5.113,352.4
1844.752,5.096,362.0
1884.6405,5.095,369.9
1898.2616,5.081,373.6
1832.1424,5.078,360.8
1792.9968,5.117,350.4
1786.8803,5.101,350.3
1798.5268,5.108,352.1
1864.2744,5.077,367.2
1869.9078,5.073,368.6
1778.3216,5.116,347.6
1848.033,5.091,363.0
1808.1328,5.128,352.6
1800.4125,5.125,351.3
1876.3143,5.089,368.7
1868.4963,5.101,366.3
1850.3478,5.103,362.6
1779.712,5.12,347.6
1802.3796,5.103,353.2
1824.1696,5.104,357.4
1793.3183,5.099,351.7
1856.435,5.075,365.8
1899.588,5.09,373.2
1805.0472,5.112,353.1
1777.5368,5.102,348.4
1838.508,5.09,361.2
1886.8485,5.079,371.5
1895.8693,5.057,374.9
1807.192,5.065,356.8
