1928.0256,5.106,377.6
1920.0164,5.101,376.4
1991.0838,5.078,392.1
1973.4358,5.098,387.1
1964.8794,5.093,385.8
1939.0096,5.104,379.9
1898.1252,5.119,370.8
1876.0372,5.116,366.7
1888.3991,5.119,368.9
1935.157,5.11,378.7
1967.794,5.09,386.6
1965.5961,5.083,386.7
1967.5656,5.096,386.1
1892.8326,5.113,370.2
1882.0326,5.117,367.8
1900.4538,5.117,371.4
1934.7377,5.117,378.1
1919.6916,5.111,375.6
1932.091,5.11,378.1
1903.6932,5.101,373.2
1940.267,5.11,379.7
1962.2088,5.094,385.2
1907.7006,5.109,373.4
1903.1976,5.112,372.3
1886.4326,5.122,368.3
1869.6,5.125,364.8
1786.2319,5.167,345.7
