1816.4202,4.557,398.6
1934.4044,4.507,429.2
1843.5042,4.562,404.1
1806.73,4.574,395.0
1862.2692,4.551,409.2
1885.5314,4.513,417.8
1851.5497,4.537,408.1
1794.5536,4.592,390.8
1832.9737,4.579,400.3
1936.4379,4.517,428.7
1840.2846,4.571,402.6
1842.645,4.578,402.5
1822.348,4.565,399.2
1913.1687,4.509,424.3
1926.6957,4.509,427.3
1863.6246,4.561,408.6
1804.5684,4.572,394.7
1869.9032,4.532,412.6
1919.6712,4.519,424.8
1846.5944,4.564,404.6
1891.488,4.56,414.8
1866.2196,4.564,408.9
1955.804,4.52,432.7
1851.3965,4.577,404.5
1770.1233,4.587,385.9
1874.1018,4.551,411.8
1788.9986,4.586,390.1
1676.7621,4.623,362.7
