0.0,449996.0
4.16666666667,450008.0
11.1111111111,450120.0
0.0,450164.0
5.26315789474,450148.0
10.0,450376.0
5.55555555556,450484.0
5.55555555556,450508.0
0.0,450492.0
5.55555555556,450564.0
10.0,450540.0
5.55555555556,450564.0
0.0,450496.0
10.5263157895,450328.0
4.54545454545,450656.0
4.7619047619,450476.0
5.26315789474,450540.0
5.55555555556,450452.0
5.0,450508.0
5.55555555556,450624.0
5.26315789474,450548.0
5.0,450392.0
5.26315789474,450540.0
5.0,450420.0
5.55555555556,450484.0
4.54545454545,450480.0
4.7619047619,450600.0
5.0,450464.0
0.0,450420.0
4.54545454545,450372.0
4.7619047619,450372.0
0.0,450400.0
5.0,450476.0
4.34782608696,450592.0
5.55555555556,450552.0
0.0,450576.0
5.0,450552.0
5.55555555556,450528.0
0.0,450344.0
4.34782608696,450324.0
5.0,450308.0
0.0,450212.0
4.0,450236.0
4.54545454545,450336.0
4.54545454545,450232.0
0.0,450128.0
9.52380952381,449728.0
4.7619047619,449916.0
5.0,449996.0
4.7619047619,450312.0
5.55555555556,450092.0
5.0,450484.0
0.0,450132.0
5.26315789474,450060.0
5.0,450568.0
4.7619047619,450496.0
0.0,450644.0
5.0,450836.0
5.26315789474,450600.0
0.0,450684.0
5.26315789474,450372.0
4.7619047619,450412.0
0.0,450608.0
4.0,450344.0
4.7619047619,450428.0
4.16666666667,450404.0
0.0,450408.0
5.0,450080.0
4.0,450076.0
0.0,450156.0
4.7619047619,450200.0
0.0,449952.0
5.26315789474,450028.0
4.7619047619,450260.0
4.7619047619,450276.0
0.0,450160.0
5.55555555556,450096.0
4.34782608696,450244.0
5.0,450268.0
0.0,450352.0
4.54545454545,450224.0
0.0,450364.0
5.26315789474,450376.0
5.26315789474,450244.0
0.0,450172.0
4.54545454545,450312.0
4.7619047619,450416.0
5.0,450252.0
0.0,450376.0
5.26315789474,450468.0
4.7619047619,450596.0
0.0,450392.0
4.34782608696,450664.0
4.54545454545,450312.0
0.0,450328.0
5.0,450408.0
5.0,450296.0
5.26315789474,450300.0
14.2857142857,450428.0
10.5263157895,450040.0
10.5263157895,450524.0
9.52380952381,450276.0
9.52380952381,450208.0
10.5263157895,450324.0
11.7647058824,450252.0
11.1111111111,450280.0
10.0,450476.0
9.09090909091,450544.0
4.54545454545,450452.0
4.7619047619,450368.0
3.7037037037,450548.0
10.5263157895,450308.0
5.26315789474,450412.0
4.0,450528.0
8.33333333333,450416.0
4.54545454545,450504.0
10.0,450304.0
4.54545454545,450360.0
5.0,450468.0
8.33333333333,450352.0
4.0,450444.0
5.0,450216.0
11.1111111111,450328.0
5.0,449920.0
4.54545454545,449888.0
8.33333333333,450020.0
5.26315789474,450208.0
8.0,450240.0
4.54545454545,450268.0
5.26315789474,450228.0
9.52380952381,450264.0
4.34782608696,450108.0
4.34782608696,450484.0
11.1111111111,450420.0
4.54545454545,450384.0
4.54545454545,450648.0
7.69230769231,450408.0
9.09090909091,450336.0
5.0,450328.0
5.55555555556,450280.0
9.52380952381,450284.0
4.34782608696,450444.0
9.09090909091,450432.0
4.54545454545,450464.0
4.34782608696,450360.0
5.26315789474,450648.0
12.5,450312.0
10.0,450032.0
5.0,450220.0
11.1111111111,450188.0
8.0,450172.0
9.52380952381,450444.0
10.0,450444.0
10.0,450512.0
9.09090909091,450520.0
11.1111111111,450228.0
4.54545454545,450452.0
15.0,450396.0
20.0,450184.0
4.34782608696,450424.0
9.09090909091,450412.0
12.0,450316.0
8.0,450476.0
9.52380952381,450328.0
8.0,450284.0
7.40740740741,450412.0
9.09090909091,450536.0
13.0434782609,450284.0
9.09090909091,450336.0
8.69565217391,450396.0
9.52380952381,450304.0
8.0,450468.0
7.69230769231,450724.0
9.09090909091,450476.0
11.7647058824,450300.0
8.69565217391,450428.0
4.7619047619,450424.0
10.0,450576.0
13.6363636364,450400.0
10.3448275862,450244.0
13.0434782609,450572.0
13.0434782609,450412.0
16.6666666667,450264.0
13.6363636364,450348.0
12.5,450344.0
14.2857142857,450300.0
9.52380952381,450260.0
13.0434782609,450340.0
14.2857142857,450228.0
14.2857142857,450460.0
20.0,450452.0
25.0,450484.0
23.8095238095,450272.0
22.2222222222,450412.0
17.3913043478,450236.0
10.0,450232.0
13.6363636364,450548.0
9.09090909091,450444.0
10.7142857143,450456.0
17.6470588235,450280.0
10.0,450408.0
17.3913043478,450604.0
12.5,450284.0
19.0476190476,450024.0
13.6363636364,449852.0
11.1111111111,450240.0
13.7931034483,449996.0
16.0,450120.0
16.0,449964.0
10.0,449972.0
16.6666666667,449916.0
15.0,449900.0
14.2857142857,450124.0
15.7894736842,449996.0
22.2222222222,450004.0
14.2857142857,449908.0
13.6363636364,449912.0
13.6363636364,449940.0
0.0,449940.0
14.2857142857,450236.0
15.0,450292.0
18.1818181818,450136.0
20.0,450168.0
15.0,450000.0
14.2857142857,450204.0
25.0,450120.0
16.6666666667,450032.0
16.0,450300.0
13.7931034483,450240.0
14.8148148148,450224.0
18.1818181818,450172.0
19.0476190476,450376.0
17.3913043478,450312.0
18.1818181818,450396.0
8.69565217391,450400.0
22.2222222222,450680.0
23.8095238095,450468.0
25.0,450640.0
25.0,450452.0
25.0,450632.0
25.0,450508.0
23.8095238095,450492.0
27.7777777778,450664.0
23.8095238095,450660.0
26.3157894737,450576.0
25.0,450420.0
26.3157894737,450508.0
25.0,450524.0
26.3157894737,450516.0
23.8095238095,450492.0
10.0,450656.0
28.5714285714,450368.0
25.0,450496.0
23.8095238095,450628.0
26.3157894737,450680.0
25.0,450556.0
25.0,450608.0
25.0,450532.0
22.7272727273,450660.0
26.3157894737,450564.0
25.0,450556.0
25.0,450672.0
26.3157894737,450384.0
25.0,450504.0
16.6666666667,450524.0
28.5714285714,450436.0
23.8095238095,450540.0
26.3157894737,450404.0
26.3157894737,450640.0
25.0,450428.0
22.7272727273,450624.0
27.7777777778,450348.0
20.8333333333,450664.0
22.7272727273,450720.0
31.5789473684,450724.0
25.0,450616.0
26.3157894737,450656.0
5.26315789474,450684.0
14.2857142857,450640.0
23.8095238095,450624.0
25.0,450520.0
27.2727272727,450320.0
27.7777777778,450608.0
23.8095238095,450740.0
25.0,450380.0
21.7391304348,450492.0
27.7777777778,450732.0
25.0,450580.0
25.0,450564.0
25.0,450440.0
26.3157894737,450524.0
22.7272727273,450620.0
27.7777777778,450584.0
25.0,450584.0
25.0,450716.0
23.8095238095,450524.0
27.2727272727,450392.0
23.8095238095,450792.0
27.7777777778,450680.0
15.7894736842,450828.0
28.5714285714,450360.0
26.3157894737,450352.0
23.8095238095,450532.0
26.3157894737,450484.0
23.8095238095,450508.0
26.3157894737,450540.0
21.7391304348,450452.0
25.0,450392.0
26.3157894737,450668.0
21.0526315789,450648.0
25.0,450508.0
25.0,450532.0
26.3157894737,450680.0
23.8095238095,450628.0
25.0,450524.0
27.7777777778,450436.0
21.7391304348,450820.0
31.5789473684,450608.0
25.0,450564.0
5.26315789474,450484.0
28.5714285714,450720.0
25.0,450376.0
25.0,450632.0
21.7391304348,450540.0
26.3157894737,450628.0
25.0,450564.0
23.8095238095,450640.0
26.3157894737,450656.0
20.0,450544.0
0.0,450748.0
33.3333333333,450488.0
23.8095238095,450632.0
25.0,450948.0
26.3157894737,450744.0
25.0,450852.0
23.8095238095,450864.0
23.8095238095,450652.0
25.0,450888.0
15.0,450804.0
28.5714285714,450776.0
20.0,450580.0
19.0476190476,450840.0
21.0526315789,450684.0
26.3157894737,450856.0
25.0,450784.0
22.7272727273,451076.0
25.0,451020.0
23.8095238095,450552.0
9.52380952381,450588.0
22.2222222222,450528.0
22.2222222222,450648.0
23.8095238095,450808.0
26.3157894737,450820.0
25.0,450976.0
26.3157894737,450832.0
23.8095238095,451080.0
26.3157894737,450864.0
10.5263157895,450984.0
33.3333333333,450732.0
26.3157894737,450596.0
25.0,450708.0
19.0476190476,450648.0
27.7777777778,450768.0
25.0,450844.0
26.3157894737,450808.0
18.1818181818,450816.0
0.0,450800.0
25.0,450636.0
26.3157894737,450796.0
23.8095238095,450964.0
26.3157894737,450876.0
26.3157894737,450908.0
25.0,450860.0
26.3157894737,450936.0
26.3157894737,450744.0
0.0,450912.0
28.5714285714,450560.0
26.3157894737,450544.0
25.0,450584.0
27.7777777778,451016.0
25.0,451064.0
23.8095238095,450764.0
26.3157894737,451024.0
25.0,450604.0
5.26315789474,450680.0
25.0,450708.0
26.3157894737,450788.0
26.3157894737,450868.0
25.0,451232.0
26.3157894737,451364.0
26.3157894737,451056.0
25.0,451028.0
26.3157894737,450836.0
15.7894736842,450904.0
12.5,450896.0
26.3157894737,450844.0
23.8095238095,450848.0
25.0,450912.0
25.0,450928.0
23.8095238095,451032.0
20.0,451184.0
28.5714285714,450872.0
25.0,450840.0
22.7272727273,450936.0
23.8095238095,450912.0
26.3157894737,451156.0
26.3157894737,451052.0
14.2857142857,450912.0
28.5714285714,450928.0
20.0,450904.0
25.0,450932.0
25.0,450912.0
20.0,451084.0
26.3157894737,451288.0
21.7391304348,451092.0
10.5263157895,450964.0
25.0,451320.0
25.0,450872.0
23.8095238095,451296.0
25.0,451020.0
23.8095238095,451436.0
23.8095238095,451112.0
5.0,451012.0
0.0,451012.0
5.0,450648.0
0.0,450740.0
5.26315789474,450952.0
5.88235294118,451120.0
0.0,450788.0
4.16666666667,451076.0
5.0,450736.0
4.7619047619,450972.0
0.0,450712.0
5.0,450840.0
4.7619047619,450784.0
4.7619047619,450768.0
0.0,450792.0
5.0,450616.0
4.0,450804.0
0.0,450560.0
4.54545454545,450652.0
5.0,450844.0
5.0,450712.0
0.0,450968.0
4.54545454545,450656.0
5.0,450712.0
4.54545454545,450580.0
0.0,450204.0
5.26315789474,450284.0
4.7619047619,450556.0
4.7619047619,450504.0
0.0,450392.0
5.0,450428.0
5.26315789474,450632.0
5.0,450788.0
5.55555555556,450824.0
0.0,450532.0
5.26315789474,450712.0
5.0,450520.0
5.26315789474,450700.0
4.7619047619,450764.0
5.55555555556,450840.0
0.0,450676.0
5.55555555556,450808.0
5.26315789474,450624.0
5.55555555556,450540.0
5.0,450704.0
0.0,450548.0
4.7619047619,450772.0
4.54545454545,450912.0
4.54545454545,451140.0
0.0,450948.0
4.7619047619,450732.0
5.0,450804.0
4.54545454545,450588.0
0.0,450524.0
5.0,450548.0
4.7619047619,450552.0
5.0,450656.0
0.0,450656.0
4.34782608696,450340.0
5.55555555556,450344.0
5.0,450572.0
4.7619047619,450468.0
0.0,450492.0
5.55555555556,450776.0
4.7619047619,450732.0
4.7619047619,450696.0
0.0,450940.0
5.26315789474,450844.0
5.26315789474,450644.0
4.7619047619,450544.0
0.0,450800.0
5.0,450540.0
4.16666666667,450636.0
5.55555555556,450676.0
4.7619047619,450608.0
5.0,450712.0
5.26315789474,450912.0
5.26315789474,450892.0
4.7619047619,450656.0
5.0,451140.0
5.26315789474,451108.0
10.0,450976.0
0.0,450960.0
5.0,450968.0
4.16666666667,450748.0
5.0,451040.0
5.26315789474,450732.0
5.0,451036.0
4.54545454545,450920.0
0.0,450780.0
4.54545454545,450660.0
5.0,450796.0
4.34782608696,450828.0
0.0,450924.0
5.0,450648.0
4.54545454545,450708.0
5.55555555556,450852.0
0.0,450960.0
0.0,450772.0
12.5,450872.0
5.0,450752.0
5.55555555556,450960.0
4.34782608696,450880.0
10.0,450856.0
4.54545454545,450888.0
4.7619047619,450780.0
5.0,450752.0
10.0,450764.0
5.26315789474,450896.0
4.54545454545,450912.0
10.5263157895,450740.0
4.7619047619,450756.0
4.7619047619,450772.0
5.55555555556,450920.0
10.0,450692.0
4.7619047619,450716.0
4.54545454545,450932.0
10.0,450900.0
5.55555555556,450776.0
4.16666666667,450824.0
7.69230769231,451060.0
4.16666666667,451036.0
11.1111111111,450528.0
4.7619047619,450220.0
9.09090909091,450572.0
4.34782608696,450564.0
9.09090909091,450520.0
4.7619047619,450532.0
9.09090909091,450512.0
4.54545454545,450624.0
8.33333333333,450576.0
5.0,450732.0
9.52380952381,450700.0
4.7619047619,450712.0
8.69565217391,450616.0
4.34782608696,450920.0
8.0,450756.0
4.34782608696,451032.0
8.69565217391,450840.0
10.5263157895,450640.0
10.0,450440.0
10.5263157895,450548.0
9.09090909091,450660.0
5.26315789474,450620.0
9.52380952381,450564.0
4.7619047619,450516.0
11.1111111111,450392.0
9.52380952381,450492.0
8.69565217391,450496.0
8.0,450696.0
9.09090909091,450944.0
14.2857142857,451028.0
8.33333333333,450780.0
7.69230769231,450772.0
9.09090909091,450872.0
11.1111111111,450912.0
11.1111111111,451048.0
11.7647058824,450872.0
12.5,450868.0
11.1111111111,451048.0
9.52380952381,450904.0
8.33333333333,450980.0
9.52380952381,451132.0
9.52380952381,450884.0
8.69565217391,450808.0
8.69565217391,450884.0
8.69565217391,450792.0
8.33333333333,450928.0
11.7647058824,450828.0
8.69565217391,450748.0
12.0,450920.0
8.33333333333,450792.0
8.33333333333,451120.0
10.0,450800.0
9.52380952381,450856.0
11.1111111111,450932.0
10.0,450904.0
0.0,450864.0
14.2857142857,450856.0
11.7647058824,451180.0
16.6666666667,451012.0
8.69565217391,451080.0
12.0,450936.0
9.09090909091,450856.0
15.0,451048.0
18.75,451128.0
6.89655172414,450900.0
14.2857142857,451200.0
13.6363636364,451016.0
10.3448275862,450920.0
10.7142857143,450528.0
11.5384615385,450664.0
13.0434782609,450980.0
12.5,450932.0
12.5,451020.0
11.5384615385,450788.0
15.7894736842,450720.0
8.69565217391,450868.0
14.2857142857,451076.0
4.16666666667,451036.0
12.5,451184.0
16.6666666667,450808.0
13.7931034483,450476.0
14.2857142857,450652.0
12.5,450880.0
16.6666666667,451000.0
13.0434782609,450908.0
19.0476190476,450632.0
12.0,451032.0
18.1818181818,451004.0
15.3846153846,450872.0
14.2857142857,450848.0
19.0476190476,451008.0
11.1111111111,451012.0
16.0,450972.0
14.2857142857,451148.0
15.0,451168.0
10.0,450788.0
16.6666666667,450960.0
13.3333333333,451036.0
20.0,451192.0
13.7931034483,451152.0
19.2307692308,451044.0
20.8333333333,451256.0
13.7931034483,451004.0
16.6666666667,450888.0
26.3157894737,451144.0
25.0,451116.0
26.3157894737,451036.0
25.0,450944.0
25.0,451068.0
26.3157894737,451200.0
25.0,450996.0
5.0,451132.0
28.5714285714,451088.0
26.3157894737,451020.0
20.0,451096.0
25.0,450888.0
30.0,451260.0
26.3157894737,450912.0
22.7272727273,451128.0
25.0,451232.0
26.3157894737,451136.0
23.8095238095,451036.0
25.0,451144.0
26.3157894737,451136.0
25.0,450928.0
25.0,451080.0
27.7777777778,451104.0
5.26315789474,450968.0
25.0,451000.0
25.0,451008.0
27.7777777778,451076.0
25.0,451296.0
25.0,451304.0
25.0,451224.0
25.0,451064.0
25.0,451228.0
25.0,451256.0
23.8095238095,451252.0
25.0,451216.0
25.0,451156.0
25.0,450972.0
15.0,451064.0
0.0,450988.0
25.0,451036.0
26.3157894737,451208.0
25.0,451284.0
25.0,451072.0
26.3157894737,451136.0
26.3157894737,451004.0
23.8095238095,451160.0
26.3157894737,450964.0
26.3157894737,451232.0
26.3157894737,451268.0
25.0,451076.0
23.8095238095,451084.0
5.55555555556,450852.0
14.2857142857,451192.0
21.875,450940.0
20.0,451184.0
27.2727272727,450996.0
21.875,451024.0
20.8333333333,451168.0
22.7272727273,450964.0
28.0,451044.0
15.0,451128.0
4.7619047619,451052.0
25.0,451396.0
25.0,451396.0
26.3157894737,451292.0
25.0,451076.0
25.0,451084.0
25.0,451168.0
26.3157894737,451176.0
27.7777777778,451168.0
25.0,451160.0
25.0,451132.0
16.6666666667,450996.0
5.88235294118,450904.0
33.3333333333,450880.0
22.2222222222,451052.0
22.7272727273,450972.0
25.0,450828.0
22.7272727273,450780.0
26.0869565217,450668.0
20.6896551724,451048.0
21.0526315789,451184.0
22.2222222222,451056.0
5.88235294118,450968.0
16.6666666667,450904.0
26.0869565217,450628.0
22.2222222222,450536.0
23.3333333333,450556.0
26.0869565217,450692.0
24.0,450844.0
25.8064516129,450672.0
20.0,450796.0
21.7391304348,450948.0
21.875,450828.0
23.3333333333,450872.0
34.7826086957,450848.0
20.0,450768.0
17.3913043478,450888.0
0.0,450972.0
25.0,451060.0
23.8095238095,451052.0
23.8095238095,451336.0
25.0,451520.0
22.7272727273,451276.0
24.1379310345,451256.0
28.0,451272.0
25.0,451096.0
23.0769230769,451136.0
25.0,451224.0
27.7777777778,451352.0
22.7272727273,451244.0
27.2727272727,451216.0
23.0769230769,451180.0
5.26315789474,451196.0
27.2727272727,451060.0
28.0,451168.0
22.2222222222,451080.0
25.0,451264.0
23.0769230769,451092.0
24.1379310345,451040.0
10.5263157895,451460.0
0.0,450972.0
25.0,451112.0
21.7391304348,451440.0
25.0,451304.0
26.0869565217,451476.0
30.0,451336.0
20.8333333333,451340.0
18.1818181818,451492.0
4.34782608696,451232.0
20.0,451400.0
25.0,451324.0
26.0869565217,451380.0
26.0869565217,451340.0
25.0,451480.0
24.0,451276.0
10.5263157895,451228.0
22.2222222222,451644.0
30.0,451604.0
20.8333333333,451480.0
27.2727272727,451604.0
28.5714285714,451148.0
27.2727272727,451552.0
13.6363636364,451636.0
0.0,451440.0
28.5714285714,451256.0
26.3157894737,451400.0
26.3157894737,451416.0
25.0,451656.0
25.0,451508.0
31.5789473684,451548.0
13.0434782609,451500.0
10.0,451400.0
0.0,451464.0
12.5,451480.0
26.3157894737,451860.0
30.0,451824.0
25.0,451956.0
21.0526315789,452232.0
20.0,452164.0
20.0,452272.0
21.0526315789,452148.0
20.0,451932.0
26.3157894737,451572.0
25.0,451696.0
26.3157894737,451320.0
25.0,451104.0
26.3157894737,451416.0
25.0,451276.0
26.3157894737,451112.0
23.8095238095,451304.0
0.0,451288.0
0.0,451108.0
25.0,451088.0
27.7777777778,450968.0
22.7272727273,451016.0
25.0,451120.0
27.2727272727,451124.0
25.0,450960.0
11.1111111111,450896.0
28.5714285714,450948.0
23.8095238095,451124.0
26.3157894737,451012.0
31.5789473684,451052.0
22.7272727273,451160.0
26.3157894737,451152.0
10.5263157895,450988.0
5.0,451072.0
0.0,451416.0
0.0,451624.0
5.0,451564.0
5.88235294118,451528.0
0.0,451404.0
4.54545454545,451576.0
5.26315789474,451612.0
0.0,451688.0
5.0,451400.0
5.55555555556,451204.0
0.0,451224.0
5.88235294118,451396.0
0.0,451332.0
5.26315789474,451444.0
5.55555555556,451524.0
0.0,451744.0
5.55555555556,451388.0
0.0,451660.0
5.0,451708.0
5.26315789474,451496.0
4.54545454545,451560.0
5.26315789474,451520.0
5.26315789474,451540.0
5.55555555556,451324.0
5.0,451376.0
4.7619047619,451588.0
5.26315789474,451520.0
5.0,451648.0
5.26315789474,451764.0
0.0,451736.0
11.1111111111,451664.0
5.0,451500.0
5.26315789474,451712.0
0.0,451720.0
10.5263157895,451548.0
5.0,451668.0
5.55555555556,451580.0
5.26315789474,451672.0
0.0,451672.0
10.0,451464.0
5.0,451736.0
5.26315789474,451516.0
0.0,451516.0
11.7647058824,451620.0
5.26315789474,451604.0
5.55555555556,451688.0
5.0,451768.0
4.7619047619,451720.0
5.26315789474,451720.0
5.55555555556,451556.0
5.0,451788.0
5.26315789474,451712.0
10.5263157895,451688.0
0.0,451616.0
5.26315789474,451520.0
5.26315789474,451700.0
9.52380952381,451616.0
5.55555555556,451364.0
0.0,451692.0
10.5263157895,451472.0
5.26315789474,451564.0
4.16666666667,451588.0
4.7619047619,451604.0
5.26315789474,451492.0
5.0,451384.0
5.26315789474,451328.0
5.88235294118,451484.0
0.0,451244.0
5.88235294118,451508.0
0.0,451780.0
5.0,451672.0
4.7619047619,451580.0
0.0,451532.0
9.52380952381,451624.0
4.7619047619,451600.0
4.7619047619,451744.0
4.7619047619,451540.0
5.0,451624.0
5.26315789474,451664.0
0.0,451704.0
5.0,451720.0
4.7619047619,451744.0
5.55555555556,451704.0
0.0,451360.0
5.0,451628.0
5.26315789474,451524.0
0.0,451572.0
4.16666666667,451372.0
5.55555555556,451508.0
4.34782608696,451764.0
0.0,451856.0
4.54545454545,451424.0
4.54545454545,451656.0
4.7619047619,451532.0
5.55555555556,451572.0
0.0,451516.0
5.26315789474,451696.0
5.55555555556,451384.0
4.54545454545,451176.0
0.0,450952.0
0.0,451088.0
9.09090909091,451540.0
4.7619047619,451320.0
4.16666666667,451292.0
9.52380952381,451324.0
9.52380952381,451020.0
10.0,451584.0
10.0,451116.0
10.0,451320.0
10.5263157895,451120.0
10.0,451204.0
10.5263157895,451216.0
14.2857142857,451160.0
4.7619047619,451348.0
4.54545454545,451060.0
9.52380952381,451192.0
4.7619047619,451168.0
15.0,451360.0
5.55555555556,451288.0
10.5263157895,451588.0
11.1111111111,451448.0
14.2857142857,451332.0
9.52380952381,451564.0
10.0,451436.0
10.0,451288.0
9.09090909091,451428.0
5.0,451768.0
9.52380952381,451352.0
10.0,451480.0
4.54545454545,451892.0
11.1111111111,451464.0
4.34782608696,451540.0
9.52380952381,451312.0
4.34782608696,451548.0
9.09090909091,451560.0
5.26315789474,451800.0
9.52380952381,451412.0
5.0,451576.0
7.40740740741,451696.0
5.88235294118,451720.0
11.1111111111,451572.0
5.0,451508.0
9.52380952381,451784.0
5.0,451804.0
4.34782608696,451532.0
9.09090909091,451636.0
5.0,451488.0
9.52380952381,451516.0
5.0,451488.0
0.0,451720.0
0.0,451452.0
10.5263157895,451424.0
16.0,451784.0
15.0,451680.0
15.7894736842,451688.0
15.0,451752.0
15.0,451712.0
14.2857142857,451992.0
15.7894736842,451844.0
14.2857142857,451708.0
20.0,451756.0
17.6470588235,451920.0
15.0,451752.0
14.2857142857,451864.0
15.0,451552.0
14.2857142857,451860.0
16.6666666667,451852.0
9.09090909091,451436.0
9.09090909091,451372.0
9.09090909091,451388.0
15.7894736842,451432.0
15.0,451508.0
14.2857142857,451516.0
18.75,451720.0
15.0,451656.0
10.0,451488.0
22.2222222222,451728.0
10.0,451532.0
16.6666666667,451540.0
17.6470588235,451680.0
15.7894736842,451564.0
15.7894736842,451648.0
15.0,451752.0
5.0,451640.0
12.5,451904.0
12.5,451732.0
8.69565217391,451648.0
11.5384615385,451744.0
14.2857142857,451792.0
10.5263157895,451644.0
10.7142857143,451744.0
12.5,451620.0
13.6363636364,451656.0
11.5384615385,451688.0
12.5,451792.0
12.0,451756.0
13.0434782609,451812.0
12.0,451844.0
13.0434782609,451716.0
14.2857142857,451648.0
14.2857142857,451680.0
21.0526315789,451688.0
19.0476190476,451764.0
19.0476190476,451720.0
21.0526315789,451748.0
20.0,451592.0
15.7894736842,451704.0
12.5,451844.0
14.8148148148,451680.0
13.7931034483,451808.0
16.6666666667,451988.0
14.2857142857,451784.0
13.6363636364,451672.0
21.0526315789,451608.0
16.6666666667,451928.0
15.7894736842,451872.0
15.3846153846,451784.0
16.6666666667,451956.0
17.6470588235,451860.0
15.3846153846,451792.0
13.6363636364,451792.0
15.0,451744.0
15.3846153846,451832.0
13.6363636364,451808.0
20.0,451652.0
0.0,451812.0
22.2222222222,451988.0
17.6470588235,451888.0
18.5185185185,452068.0
15.0,451872.0
20.8333333333,452020.0
16.6666666667,452012.0
18.1818181818,451820.0
14.8148148148,452044.0
17.3913043478,451804.0
19.0476190476,451904.0
21.0526315789,451964.0
15.7894736842,451864.0
13.0434782609,451816.0
14.2857142857,451940.0
16.6666666667,451708.0
8.33333333333,452028.0
0.0,451980.0
15.3846153846,452148.0
22.2222222222,452020.0
17.3913043478,452160.0
20.0,452144.0
16.6666666667,452216.0
21.7391304348,452168.0
19.2307692308,452108.0
15.3846153846,452088.0
21.7391304348,451824.0
26.3157894737,452124.0
25.0,451872.0
26.3157894737,452024.0
23.8095238095,451912.0
10.5263157895,451828.0
25.0,451984.0
22.7272727273,452044.0
26.3157894737,451964.0
23.8095238095,451980.0
25.0,452036.0
26.3157894737,452200.0
22.7272727273,452232.0
26.3157894737,452184.0
25.0,452076.0
26.3157894737,452304.0
22.7272727273,452460.0
26.3157894737,451960.0
23.8095238095,452284.0
16.6666666667,452264.0
25.0,452044.0
25.0,451824.0
23.8095238095,452144.0
26.3157894737,451932.0
25.0,451740.0
25.0,451872.0
25.0,451872.0
23.8095238095,452020.0
25.0,451820.0
25.0,452052.0
30.0,452076.0
26.3157894737,451920.0
14.2857142857,451904.0
23.8095238095,451936.0
26.3157894737,452068.0
26.3157894737,451880.0
25.0,452108.0
25.0,452020.0
26.3157894737,452020.0
25.0,452248.0
26.3157894737,451848.0
30.0,452060.0
25.0,451996.0
10.0,451900.0
28.5714285714,451896.0
25.0,451836.0
25.0,451888.0
23.8095238095,451896.0
25.0,452040.0
25.0,452104.0
30.0,451972.0
22.7272727273,451984.0
25.0,452112.0
23.8095238095,452032.0
5.26315789474,451888.0
22.2222222222,451988.0
23.8095238095,452156.0
22.7272727273,452024.0
25.0,451952.0
21.0526315789,451828.0
25.0,452352.0
23.8095238095,452344.0
26.3157894737,452000.0
26.3157894737,451916.0
19.0476190476,451808.0
28.5714285714,452056.0
23.8095238095,451920.0
27.7777777778,452072.0
22.7272727273,452328.0
27.7777777778,452360.0
25.0,452276.0
22.7272727273,451960.0
22.7272727273,452112.0
27.7777777778,452180.0
10.5263157895,452016.0
25.0,452276.0
21.7391304348,451896.0
25.0,452120.0
25.9259259259,452316.0
28.5714285714,452124.0
24.0,452160.0
21.7391304348,452208.0
15.0,452208.0
25.0,452128.0
20.8333333333,452376.0
27.2727272727,452104.0
27.2727272727,451932.0
25.0,452300.0
35.2941176471,452148.0
26.3157894737,452340.0
11.1111111111,452252.0
27.2727272727,452060.0
29.1666666667,452344.0
25.0,452188.0
23.0769230769,452324.0
25.0,452448.0
29.4117647059,452440.0
23.5294117647,452108.0
20.0,452368.0
23.8095238095,452228.0
25.0,452172.0
21.7391304348,452060.0
25.0,452216.0
31.5789473684,452300.0
20.0,452368.0
14.2857142857,452344.0
0.0,452140.0
22.2222222222,452572.0
22.7272727273,452564.0
27.2727272727,452524.0
26.3157894737,452492.0
25.0,452488.0
22.7272727273,452340.0
18.1818181818,452308.0
27.2727272727,452296.0
22.7272727273,452332.0
31.5789473684,452284.0
25.0,452348.0
25.0,452404.0
25.0,452260.0
18.1818181818,452372.0
20.0,452200.0
25.0,452440.0
23.8095238095,452460.0
23.8095238095,452844.0
27.7777777778,452768.0
25.0,452800.0
22.7272727273,452688.0
22.2222222222,452600.0
23.8095238095,452232.0
5.26315789474,452472.0
22.2222222222,452252.0
26.3157894737,452404.0
25.0,452496.0
26.3157894737,452600.0
25.0,452528.0
26.3157894737,452764.0
25.0,452704.0
26.3157894737,452372.0
10.5263157895,452200.0
25.0,452524.0
23.8095238095,452500.0
25.0,452776.0
26.3157894737,452320.0
23.8095238095,452616.0
27.7777777778,452368.0
22.7272727273,452600.0
0.0,452816.0
22.2222222222,452416.0
30.0,452384.0
26.3157894737,452268.0
22.7272727273,452508.0
23.8095238095,452484.0
23.8095238095,452580.0
23.5294117647,452564.0
10.0,452512.0
0.0,452384.0
28.5714285714,452452.0
28.5714285714,452604.0
19.2307692308,452572.0
25.0,452628.0
23.8095238095,452636.0
27.2727272727,452432.0
15.7894736842,452556.0
22.2222222222,452368.0
25.0,452528.0
27.2727272727,452548.0
21.7391304348,452376.0
22.7272727273,452564.0
30.0,452536.0
10.0,452568.0
5.26315789474,452468.0
0.0,452476.0
4.54545454545,452624.0
0.0,452744.0
5.26315789474,452720.0
0.0,452636.0
5.0,452572.0
5.26315789474,452656.0
0.0,452944.0
4.16666666667,452860.0
4.7619047619,452556.0
5.55555555556,452464.0
0.0,452320.0
4.7619047619,452368.0
5.26315789474,452232.0
0.0,452212.0
5.0,451956.0
4.54545454545,452040.0
0.0,452252.0
5.0,452128.0
5.26315789474,452256.0
4.54545454545,452048.0
0.0,452020.0
5.88235294118,452252.0
0.0,451996.0
5.0,452052.0
5.26315789474,452324.0
0.0,452128.0
4.34782608696,452248.0
4.7619047619,452212.0
0.0,452460.0
3.84615384615,452580.0
10.5263157895,452552.0
5.55555555556,452384.0
0.0,452620.0
10.0,452604.0
5.88235294118,452448.0
4.7619047619,452668.0
4.7619047619,452604.0
5.26315789474,452636.0
5.26315789474,452548.0
5.88235294118,452720.0
5.0,452728.0
10.0,452912.0
5.0,452820.0
4.54545454545,452712.0
5.0,452712.0
10.0,452596.0
5.88235294118,452548.0
3.7037037037,452556.0
5.55555555556,452556.0
4.7619047619,452536.0
5.88235294118,452368.0
4.7619047619,452508.0
11.1111111111,452616.0
4.7619047619,452504.0
0.0,452400.0
4.7619047619,452400.0
11.1111111111,452564.0
5.26315789474,452516.0
0.0,452608.0
4.16666666667,452596.0
5.0,452376.0
5.0,452572.0
0.0,452604.0
5.0,452500.0
5.26315789474,452616.0
0.0,452352.0
5.88235294118,452420.0
5.0,452660.0
5.26315789474,452364.0
0.0,452352.0
4.34782608696,452712.0
5.0,452672.0
5.26315789474,452580.0
4.34782608696,452588.0
5.0,452636.0
0.0,452636.0
4.54545454545,452752.0
4.54545454545,452312.0
0.0,452556.0
4.34782608696,452252.0
5.26315789474,452060.0
4.7619047619,452268.0
0.0,452224.0
5.0,452100.0
4.16666666667,452100.0
5.55555555556,452376.0
0.0,452544.0
4.34782608696,452564.0
5.0,452624.0
5.0,452480.0
0.0,452688.0
4.7619047619,452956.0
5.26315789474,453044.0
4.7619047619,452756.0
4.7619047619,452500.0
4.7619047619,452556.0
0.0,452712.0
11.1111111111,452664.0
10.5263157895,452684.0
9.52380952381,452720.0
10.5263157895,452812.0
10.5263157895,452704.0
10.0,452584.0
5.26315789474,452812.0
15.7894736842,452928.0
14.2857142857,452696.0
10.5263157895,452668.0
5.55555555556,452740.0
5.0,452792.0
9.09090909091,452544.0
5.88235294118,452660.0
10.5263157895,452508.0
5.26315789474,452540.0
5.55555555556,452552.0
11.7647058824,452752.0
5.26315789474,452800.0
8.33333333333,452536.0
10.0,452684.0
15.0,452964.0
11.7647058824,452708.0
10.5263157895,452968.0
15.7894736842,452664.0
10.0,452796.0
15.7894736842,452952.0
13.6363636364,452452.0
9.52380952381,452352.0
15.7894736842,452548.0
4.54545454545,452476.0
9.09090909091,452684.0
5.0,452528.0
10.0,451892.0
5.88235294118,452248.0
11.1111111111,452532.0
5.55555555556,452604.0
4.34782608696,452268.0
9.52380952381,452268.0
10.5263157895,452252.0
5.55555555556,452220.0
9.09090909091,452456.0
5.55555555556,452456.0
5.55555555556,452524.0
5.26315789474,452516.0
11.1111111111,452580.0
5.0,452580.0
4.54545454545,452520.0
11.1111111111,452400.0
0.0,452620.0
16.6666666667,452516.0
10.5263157895,452420.0
10.0,452648.0
8.0,452456.0
10.5263157895,452680.0
10.0,452740.0
9.09090909091,452524.0
8.69565217391,452704.0
9.09090909091,452728.0
9.09090909091,452668.0
10.5263157895,452720.0
15.0,452588.0
9.09090909091,452584.0
10.5263157895,452776.0
7.69230769231,452792.0
8.69565217391,452440.0
10.5263157895,452464.0
8.33333333333,452412.0
10.5263157895,452532.0
19.0476190476,452476.0
16.6666666667,452456.0
15.7894736842,452684.0
14.2857142857,452656.0
14.2857142857,452592.0
15.7894736842,452704.0
8.33333333333,452680.0
9.09090909091,452580.0
11.7647058824,452664.0
11.7647058824,452504.0
12.5,452812.0
8.33333333333,452584.0
8.33333333333,452424.0
12.5,452548.0
13.0434782609,452516.0
8.0,452400.0
20.0,452596.0
26.3157894737,452536.0
21.0526315789,452520.0
20.0,452832.0
19.0476190476,452732.0
14.2857142857,452700.0
21.0526315789,452676.0
17.3913043478,452672.0
20.0,452796.0
21.0526315789,452900.0
27.7777777778,452820.0
21.0526315789,452960.0
25.0,452700.0
10.0,452676.0
12.5,452720.0
15.7894736842,452984.0
12.5,452640.0
10.0,452676.0
13.0434782609,452600.0
21.0526315789,452736.0
20.0,452844.0
15.7894736842,452536.0
25.0,452628.0
25.0,452768.0
26.3157894737,452760.0
20.0,452760.0
26.3157894737,452368.0
25.0,452684.0
27.7777777778,452640.0
25.0,452736.0
23.8095238095,452696.0
21.0526315789,452752.0
23.8095238095,452828.0
23.8095238095,452884.0
23.8095238095,452860.0
28.5714285714,452616.0
26.3157894737,452632.0
21.7391304348,452516.0
26.3157894737,452728.0
23.8095238095,452712.0
26.3157894737,452848.0
13.6363636364,452600.0
4.54545454545,452548.0
8.33333333333,452696.0
23.8095238095,452556.0
14.2857142857,452616.0
16.0,452584.0
19.2307692308,452712.0
21.0526315789,452656.0
22.7272727273,452804.0
30.0,452780.0
21.0526315789,452756.0
31.5789473684,452804.0
23.8095238095,452772.0
25.0,452712.0
23.8095238095,452952.0
25.0,452912.0
26.3157894737,452912.0
23.8095238095,452920.0
10.5263157895,452844.0
23.0769230769,452800.0
23.0769230769,452856.0
16.6666666667,452928.0
23.8095238095,452840.0
20.0,452976.0
17.2413793103,452856.0
20.0,452848.0
20.6896551724,452692.0
21.7391304348,452800.0
19.2307692308,452748.0
17.8571428571,453148.0
26.3157894737,453008.0
0.0,453008.0
25.0,452756.0
20.0,452940.0
20.0,452896.0
26.3157894737,452808.0
21.0526315789,452920.0
23.8095238095,452996.0
25.0,453076.0
19.0476190476,452860.0
26.3157894737,452908.0
23.8095238095,452992.0
26.3157894737,452736.0
23.8095238095,452800.0
25.0,452956.0
9.52380952381,453084.0
0.0,452904.0
30.0,452840.0
21.7391304348,452928.0
19.2307692308,453016.0
26.0869565217,452920.0
20.8333333333,452860.0
22.2222222222,452716.0
19.0476190476,452916.0
26.3157894737,452984.0
20.6896551724,452872.0
19.0476190476,452956.0
33.3333333333,452392.0
22.7272727273,452584.0
25.0,452432.0
25.0,452580.0
23.5294117647,452584.0
21.4285714286,452452.0
25.9259259259,452540.0
21.2121212121,452688.0
25.0,452940.0
19.0476190476,453004.0
31.5789473684,452896.0
25.0,453016.0
26.3157894737,453156.0
25.0,453384.0
26.3157894737,453048.0
25.0,453156.0
26.3157894737,453120.0
23.8095238095,453008.0
11.1111111111,453076.0
28.5714285714,453248.0
26.3157894737,453200.0
23.8095238095,453060.0
25.0,453184.0
25.0,453052.0
23.8095238095,453176.0
26.3157894737,453000.0
25.0,453312.0
23.8095238095,453000.0
22.2222222222,453024.0
25.0,453044.0
21.875,453136.0
25.0,452964.0
25.0,453052.0
25.8064516129,452932.0
25.9259259259,453076.0
8.33333333333,452944.0
22.2222222222,453020.0
30.4347826087,453284.0
25.0,453144.0
20.6896551724,453172.0
27.2727272727,453096.0
17.2413793103,452980.0
25.9259259259,453132.0
9.52380952381,453048.0
27.2727272727,453344.0
30.4347826087,453216.0
24.0,452944.0
23.0769230769,453152.0
28.0,453292.0
29.1666666667,453040.0
9.09090909091,453200.0
25.0,453276.0
23.3333333333,453488.0
24.0,453028.0
31.5789473684,453092.0
21.2121212121,453044.0
27.2727272727,453144.0
16.6666666667,453104.0
0.0,453188.0
28.5714285714,453080.0
20.8333333333,453140.0
25.0,453164.0
25.0,453576.0
26.3157894737,453288.0
25.0,453752.0
25.0,453624.0
25.0,453200.0
12.5,453300.0
26.3157894737,453340.0
31.5789473684,453348.0
23.8095238095,453552.0
25.0,453564.0
20.0,453636.0
21.0526315789,453568.0
23.8095238095,453416.0
19.0476190476,453116.0
4.7619047619,452996.0
22.2222222222,453160.0
25.0,453120.0
25.0,453216.0
25.0,453324.0
25.0,453512.0
26.3157894737,453580.0
25.0,453376.0
27.7777777778,453484.0
28.5714285714,453080.0
25.0,453308.0
25.0,453312.0
25.0,453396.0
26.3157894737,453628.0
25.0,453324.0
26.3157894737,453596.0
25.0,453364.0
12.5,452980.0
25.0,453264.0
25.0,453400.0
25.0,453548.0
26.3157894737,453720.0
26.3157894737,453868.0
23.8095238095,453640.0
26.3157894737,453504.0
10.0,453316.0
14.2857142857,453456.0
26.3157894737,453264.0
26.3157894737,453388.0
25.0,453796.0
25.0,453764.0
26.3157894737,453756.0
25.0,453532.0
19.0476190476,453544.0
28.5714285714,453648.0
25.0,453352.0
22.7272727273,453476.0
21.7391304348,453448.0
25.0,453668.0
25.0,453560.0
26.3157894737,453640.0
4.34782608696,453440.0
25.0,453640.0
20.8333333333,453712.0
28.5714285714,453572.0
26.0869565217,453684.0
22.7272727273,453524.0
27.2727272727,453524.0
0.0,453696.0
28.5714285714,453616.0
30.0,453404.0
18.1818181818,453664.0
25.0,453684.0
19.0476190476,453828.0
26.0869565217,453696.0
20.0,453460.0
5.0,453460.0
0.0,453620.0
0.0,453632.0
5.26315789474,453336.0
5.26315789474,453388.0
4.54545454545,453344.0
10.5263157895,453532.0
0.0,453660.0
4.34782608696,453464.0
5.0,453504.0
9.52380952381,453784.0
0.0,453580.0
5.26315789474,453376.0
5.26315789474,453380.0
11.1111111111,453636.0
5.0,453588.0
0.0,453736.0
11.7647058824,453768.0
4.7619047619,453712.0
5.55555555556,453432.0
0.0,453528.0
4.16666666667,453796.0
5.0,453480.0
0.0,453516.0
4.54545454545,453408.0
5.0,453516.0
4.7619047619,453396.0
0.0,453268.0
4.54545454545,453176.0
4.7619047619,453260.0
0.0,453464.0
5.26315789474,453128.0
4.54545454545,453360.0
0.0,453608.0
5.0,453432.0
5.55555555556,453316.0
0.0,453276.0
5.0,453160.0
5.26315789474,453508.0
0.0,453604.0
5.55555555556,453532.0
5.0,453692.0
0.0,453404.0
4.0,453340.0
5.0,452944.0
5.26315789474,452992.0
0.0,453052.0
5.55555555556,453052.0
4.7619047619,452824.0
0.0,453216.0
5.0,453668.0
4.7619047619,453304.0
0.0,453000.0
5.26315789474,453136.0
3.84615384615,453344.0
5.26315789474,453344.0
0.0,453268.0
4.54545454545,453332.0
4.54545454545,453200.0
0.0,453352.0
4.34782608696,453180.0
5.0,453440.0
0.0,453212.0
4.7619047619,453188.0
4.0,453508.0
5.26315789474,453644.0
0.0,453428.0
5.0,453272.0
5.0,453408.0
0.0,453648.0
5.88235294118,453560.0
4.7619047619,453456.0
0.0,453472.0
4.34782608696,453500.0
5.0,453608.0
5.55555555556,453588.0
0.0,453508.0
4.54545454545,453476.0
4.54545454545,453464.0
5.26315789474,453632.0
0.0,453616.0
4.16666666667,453344.0
4.54545454545,453476.0
0.0,453752.0
4.54545454545,453680.0
5.55555555556,453372.0
4.54545454545,453484.0
0.0,453072.0
8.69565217391,453064.0
0.0,453076.0
4.7619047619,452964.0
0.0,453096.0
5.0,453088.0
5.0,453248.0
5.26315789474,453472.0
0.0,453048.0
5.26315789474,453216.0
5.55555555556,453284.0
5.26315789474,453492.0
14.2857142857,453564.0
5.55555555556,453468.0
9.09090909091,453656.0
10.5263157895,453704.0
9.09090909091,453668.0
11.1111111111,453572.0
9.52380952381,453596.0
9.52380952381,453636.0
9.09090909091,453804.0
16.6666666667,453796.0
10.0,453908.0
9.52380952381,453500.0
9.09090909091,453812.0
9.52380952381,453700.0
12.5,453700.0
10.0,453572.0
6.25,453572.0
11.1111111111,453352.0
5.0,453260.0
4.7619047619,453244.0
10.0,453220.0
9.09090909091,453332.0
5.0,453692.0
10.0,453612.0
4.34782608696,453764.0
9.09090909091,453420.0
9.09090909091,453524.0
11.1111111111,453432.0
15.0,453512.0
5.26315789474,453324.0
9.52380952381,453084.0
4.16666666667,453192.0
9.52380952381,453100.0
4.34782608696,453200.0
9.09090909091,453112.0
10.5263157895,453380.0
5.0,453652.0
10.0,453696.0
5.26315789474,453596.0
10.0,453596.0
4.54545454545,453744.0
9.09090909091,453648.0
5.55555555556,453580.0
10.0,453344.0
4.7619047619,453752.0
8.33333333333,453268.0
8.69565217391,452960.0
5.88235294118,453188.0
5.0,453040.0
11.1111111111,453380.0
11.7647058824,453116.0
8.69565217391,453320.0
16.6666666667,453664.0
13.0434782609,453652.0
16.6666666667,453720.0
15.7894736842,453564.0
20.0,453672.0
14.2857142857,453532.0
21.0526315789,453768.0
13.6363636364,453612.0
15.0,453444.0
8.33333333333,453588.0
11.5384615385,453632.0
8.69565217391,453748.0
9.52380952381,453740.0
8.69565217391,453696.0
11.5384615385,453680.0
11.7647058824,453560.0
12.5,453820.0
10.5263157895,453648.0
11.7647058824,453828.0
11.1111111111,453816.0
10.0,453904.0
8.0,454012.0
15.0,453736.0
9.52380952381,453616.0
9.09090909091,453468.0
9.09090909091,453272.0
15.0,453152.0
8.0,453076.0
9.52380952381,453216.0
0.0,453152.0
15.3846153846,453096.0
13.0434782609,453280.0
15.7894736842,453476.0
13.0434782609,453548.0
11.1111111111,453292.0
12.0,453344.0
12.9032258065,453200.0
10.7142857143,453268.0
14.2857142857,453352.0
15.0,453284.0
8.33333333333,453284.0
17.3913043478,453428.0
11.1111111111,453496.0
17.6470588235,453364.0
11.1111111111,453248.0
15.7894736842,453576.0
9.52380952381,453512.0
9.52380952381,453700.0
15.0,454108.0
14.2857142857,453824.0
14.2857142857,453856.0
11.5384615385,453840.0
11.1111111111,453856.0
0.0,453868.0
20.0,453760.0
10.3448275862,453716.0
10.0,453728.0
16.0,453928.0
12.0,453920.0
13.7931034483,454068.0
15.0,453732.0
11.5384615385,453412.0
23.8095238095,453300.0
13.6363636364,453368.0
14.2857142857,453248.0
17.3913043478,453324.0
15.0,453408.0
14.2857142857,453308.0
13.6363636364,453548.0
20.0,453360.0
13.6363636364,453176.0
13.6363636364,453168.0
5.55555555556,453400.0
12.5,453664.0
17.2413793103,453780.0
18.1818181818,453524.0
20.0,453736.0
16.6666666667,453796.0
20.0,453812.0
15.7894736842,453720.0
19.0476190476,454000.0
15.0,453792.0
14.2857142857,453732.0
17.1428571429,453848.0
20.8333333333,453796.0
11.1111111111,453780.0
13.0434782609,453784.0
4.7619047619,453376.0
28.5714285714,453524.0
15.625,453452.0
20.8333333333,453548.0
20.0,453296.0
21.0526315789,453588.0
20.8333333333,453656.0
18.75,453696.0
19.2307692308,453652.0
16.0,453748.0
18.5185185185,453772.0
23.8095238095,453764.0
13.0434782609,453880.0
18.1818181818,453888.0
19.2307692308,454052.0
20.8333333333,453792.0
19.0476190476,453816.0
18.1818181818,453840.0
24.0,453848.0
21.4285714286,453848.0
22.2222222222,453988.0
23.8095238095,453816.0
23.5294117647,453872.0
22.7272727273,454028.0
4.34782608696,453804.0
22.2222222222,453844.0
21.7391304348,453808.0
20.8333333333,454200.0
25.0,454064.0
26.3157894737,453844.0
25.0,453948.0
26.3157894737,454100.0
23.8095238095,454060.0
25.0,454036.0
25.0,454200.0
25.0,453972.0
19.0476190476,454104.0
0.0,454292.0
25.0,453904.0
22.7272727273,454108.0
23.8095238095,454148.0
25.0,453748.0
26.3157894737,453988.0
23.8095238095,454000.0
26.3157894737,454052.0
26.3157894737,453936.0
22.7272727273,453948.0
23.8095238095,454220.0
27.7777777778,453932.0
4.7619047619,454124.0
28.5714285714,453848.0
26.3157894737,453912.0
26.3157894737,453936.0
23.8095238095,453924.0
30.0,454100.0
26.3157894737,454068.0
22.7272727273,453856.0
26.3157894737,454044.0
25.0,454068.0
25.0,454196.0
5.26315789474,454044.0
28.5714285714,454248.0
25.0,454044.0
25.0,454240.0
25.0,454116.0
21.7391304348,454420.0
26.3157894737,454108.0
26.3157894737,454044.0
25.0,454068.0
25.0,454256.0
10.5263157895,454280.0
14.2857142857,454152.0
20.0,454376.0
20.0,454492.0
21.0526315789,454772.0
26.3157894737,454632.0
30.0,454528.0
25.0,454692.0
26.3157894737,454512.0
25.0,454536.0
25.0,454320.0
5.0,454308.0
