0.0,434084.0
3.33333333333,434156.0
0.0,434456.0
5.26315789474,434100.0
0.0,434364.0
5.55555555556,434436.0
0.0,434460.0
5.26315789474,434388.0
0.0,434240.0
5.55555555556,434404.0
5.55555555556,434668.0
0.0,434316.0
4.54545454545,434472.0
4.54545454545,434520.0
0.0,434332.0
5.26315789474,434176.0
4.7619047619,434204.0
0.0,434220.0
5.26315789474,434132.0
5.0,434280.0
0.0,434292.0
5.26315789474,434392.0
0.0,434320.0
5.88235294118,434400.0
5.0,434376.0
0.0,434320.0
5.26315789474,434064.0
5.26315789474,434336.0
0.0,434020.0
0.0,434388.0
5.26315789474,434104.0
4.54545454545,434224.0
0.0,434152.0
4.34782608696,434604.0
5.0,434436.0
0.0,434284.0
5.55555555556,434232.0
0.0,434188.0
5.0,434432.0
5.26315789474,434448.0
0.0,434520.0
5.0,434488.0
4.7619047619,434392.0
0.0,434524.0
4.54545454545,434408.0
5.0,434228.0
5.0,434212.0
4.0,434044.0
5.55555555556,434232.0
5.26315789474,434128.0
5.0,434448.0
0.0,434288.0
4.16666666667,434380.0
4.7619047619,434652.0
0.0,434308.0
5.0,434416.0
5.26315789474,434304.0
5.0,434412.0
5.26315789474,434516.0
5.0,434608.0
4.7619047619,434208.0
0.0,434248.0
5.26315789474,434300.0
0.0,434384.0
5.0,434440.0
5.55555555556,434508.0
5.0,434328.0
0.0,434440.0
5.88235294118,434468.0
4.7619047619,434516.0
0.0,434200.0
4.54545454545,434308.0
5.0,434420.0
0.0,434364.0
4.34782608696,434556.0
4.16666666667,434220.0
0.0,434184.0
4.54545454545,434072.0
5.0,433940.0
0.0,434280.0
5.0,434252.0
0.0,434340.0
5.0,434396.0
4.7619047619,434148.0
0.0,434224.0
4.7619047619,434272.0
5.88235294118,434292.0
4.54545454545,434320.0
0.0,434060.0
5.0,434312.0
5.55555555556,434288.0
0.0,434272.0
5.0,434100.0
5.26315789474,434020.0
5.55555555556,433980.0
0.0,434076.0
4.7619047619,434260.0
5.0,434424.0
14.2857142857,434260.0
6.25,433904.0
11.1111111111,434112.0
11.1111111111,433780.0
10.5263157895,433888.0
10.0,433944.0
5.0,433996.0
10.5263157895,434208.0
10.0,434036.0
9.52380952381,434428.0
9.52380952381,434124.0
4.7619047619,434352.0
5.26315789474,434056.0
8.69565217391,434196.0
4.54545454545,434360.0
4.54545454545,434180.0
4.34782608696,434068.0
4.7619047619,434036.0
9.52380952381,434128.0
4.54545454545,434196.0
5.0,434172.0
9.09090909091,434180.0
4.7619047619,434544.0
11.1111111111,434320.0
4.7619047619,434484.0
4.54545454545,434340.0
4.34782608696,434664.0
9.09090909091,434540.0
4.34782608696,434400.0
10.0,434392.0
4.54545454545,434320.0
5.26315789474,434508.0
4.54545454545,434360.0
11.1111111111,434324.0
4.0,434256.0
5.0,434152.0
8.69565217391,434312.0
5.26315789474,434432.0
5.0,434456.0
9.52380952381,434336.0
4.54545454545,434088.0
5.55555555556,434292.0
10.0,434464.0
5.55555555556,434360.0
4.0,434040.0
5.88235294118,434052.0
10.5263157895,434092.0
5.26315789474,434168.0
0.0,433948.0
9.09090909091,434168.0
9.52380952381,434084.0
8.0,434080.0
14.2857142857,434072.0
15.7894736842,434080.0
15.0,434072.0
16.6666666667,433872.0
10.0,434012.0
15.7894736842,433988.0
15.0,434012.0
14.2857142857,434232.0
13.6363636364,434160.0
9.52380952381,434252.0
9.52380952381,434252.0
9.09090909091,434528.0
9.52380952381,434380.0
9.09090909091,434376.0
8.69565217391,434496.0
9.52380952381,434672.0
11.7647058824,434796.0
9.09090909091,434500.0
9.09090909091,434696.0
9.09090909091,434328.0
10.5263157895,434388.0
8.69565217391,434540.0
9.52380952381,434812.0
9.09090909091,434528.0
10.0,434516.0
15.0,434864.0
9.09090909091,434876.0
15.0,434664.0
0.0,434820.0
22.2222222222,434752.0
14.2857142857,434752.0
18.1818181818,434752.0
18.1818181818,434616.0
20.0,434460.0
20.0,434700.0
26.6666666667,434532.0
22.2222222222,434788.0
22.2222222222,434584.0
17.3913043478,434552.0
18.1818181818,434804.0
22.2222222222,434592.0
18.1818181818,434384.0
22.2222222222,434576.0
18.1818181818,434372.0
21.0526315789,434416.0
20.0,434532.0
23.5294117647,434472.0
18.1818181818,434724.0
13.0434782609,434668.0
9.09090909091,434420.0
12.0,434704.0
13.0434782609,434504.0
19.0476190476,434432.0
4.54545454545,434492.0
11.1111111111,434496.0
17.3913043478,434416.0
13.6363636364,434484.0
14.2857142857,434680.0
18.1818181818,434716.0
15.7894736842,434456.0
15.0,434768.0
11.1111111111,434576.0
20.0,434564.0
10.5263157895,434428.0
15.7894736842,434416.0
16.6666666667,434712.0
17.3913043478,434348.0
12.0,434600.0
18.1818181818,434860.0
14.2857142857,434720.0
25.0,434476.0
20.0,434648.0
16.6666666667,434500.0
16.6666666667,434764.0
23.5294117647,434628.0
16.6666666667,434852.0
13.6363636364,434508.0
17.3913043478,434400.0
11.5384615385,434444.0
19.0476190476,434656.0
17.3913043478,434632.0
13.6363636364,434372.0
18.1818181818,434604.0
16.6666666667,434312.0
15.7894736842,434376.0
20.0,434180.0
13.6363636364,434420.0
15.0,434076.0
22.2222222222,434268.0
16.6666666667,434456.0
23.5294117647,434208.0
13.3333333333,434384.0
24.0,434144.0
16.6666666667,434144.0
16.6666666667,434120.0
23.5294117647,434176.0
21.0526315789,434152.0
17.8571428571,434136.0
20.8333333333,434080.0
18.1818181818,434028.0
21.7391304348,434096.0
16.6666666667,434564.0
0.0,434636.0
16.6666666667,434640.0
19.0476190476,434624.0
19.2307692308,434704.0
15.1515151515,434456.0
18.5185185185,434124.0
22.7272727273,434120.0
20.8333333333,434172.0
17.3913043478,434104.0
26.0869565217,434476.0
20.0,434428.0
10.3448275862,434608.0
0.0,434368.0
11.1111111111,434648.0
27.7777777778,434700.0
19.0476190476,434576.0
19.3548387097,434732.0
25.0,434576.0
19.4444444444,434812.0
21.875,434780.0
21.875,434780.0
20.0,434716.0
0.0,434800.0
42.8571428571,434764.0
18.5185185185,434564.0
21.4285714286,434928.0
20.6896551724,434692.0
20.8333333333,434628.0
24.1379310345,434932.0
26.9230769231,434808.0
26.3157894737,434708.0
16.6666666667,434968.0
23.0769230769,434636.0
25.0,434656.0
25.0,434860.0
23.8095238095,434752.0
26.3157894737,434724.0
26.3157894737,434888.0
23.8095238095,434696.0
25.0,434812.0
26.3157894737,434764.0
15.7894736842,434860.0
28.5714285714,434724.0
25.0,435084.0
25.0,434900.0
25.0,434796.0
25.0,434692.0
26.3157894737,434716.0
26.3157894737,434748.0
23.8095238095,435048.0
27.7777777778,435300.0
21.0526315789,434968.0
22.2222222222,434844.0
23.8095238095,434716.0
21.4285714286,434632.0
28.0,434732.0
31.5789473684,434728.0
21.7391304348,435016.0
25.0,434832.0
27.7777777778,434748.0
28.5714285714,434616.0
23.8095238095,434220.0
20.0,434696.0
33.3333333333,434892.0
20.8333333333,434772.0
22.7272727273,434784.0
25.0,434832.0
16.6666666667,434764.0
25.0,434764.0
18.5185185185,434920.0
28.5714285714,434428.0
27.2727272727,434676.0
25.0,434828.0
25.0,434944.0
28.5714285714,434760.0
33.3333333333,435060.0
26.0869565217,434600.0
26.3157894737,434492.0
22.7272727273,434580.0
21.7391304348,434320.0
26.9230769231,434364.0
27.7777777778,434492.0
5.0,434360.0
22.2222222222,434428.0
24.0,434344.0
26.3157894737,434460.0
25.0,434408.0
26.3157894737,434640.0
24.0,434508.0
19.0476190476,434644.0
0.0,434720.0
25.0,434632.0
26.3157894737,434928.0
23.8095238095,435200.0
26.3157894737,435484.0
25.0,435136.0
27.7777777778,435532.0
27.7777777778,435260.0
21.0526315789,435288.0
0.0,435040.0
28.5714285714,434780.0
29.4117647059,434944.0
25.0,434932.0
25.0,434944.0
25.0,435176.0
25.0,435212.0
25.0,435192.0
22.2222222222,434756.0
5.0,434912.0
28.5714285714,434912.0
26.3157894737,435268.0
19.0476190476,435596.0
27.7777777778,436024.0
23.8095238095,435612.0
25.0,435748.0
27.7777777778,435792.0
26.3157894737,435192.0
15.0,435016.0
25.0,434912.0
26.3157894737,434772.0
20.0,435080.0
25.0,435184.0
27.7777777778,435172.0
25.0,435244.0
27.7777777778,435540.0
23.8095238095,434916.0
0.0,435020.0
25.0,434708.0
23.8095238095,435432.0
26.3157894737,435676.0
25.0,435864.0
25.0,435808.0
26.3157894737,436064.0
26.3157894737,435664.0
25.0,435600.0
15.7894736842,435028.0
28.5714285714,435036.0
19.0476190476,435088.0
27.7777777778,435276.0
25.0,435232.0
25.0,435588.0
25.0,435308.0
21.7391304348,434868.0
0.0,435060.0
0.0,435072.0
25.0,434896.0
25.0,435228.0
27.7777777778,435252.0
21.0526315789,435548.0
25.0,435320.0
26.3157894737,435316.0
26.3157894737,435084.0
5.0,434884.0
0.0,435292.0
28.5714285714,435116.0
26.3157894737,435300.0
27.7777777778,435436.0
26.3157894737,435532.0
25.0,435300.0
26.3157894737,435440.0
22.2222222222,435068.0
4.7619047619,435152.0
0.0,435660.0
5.26315789474,435668.0
5.0,435916.0
5.26315789474,435984.0
5.26315789474,435884.0
5.26315789474,435964.0
5.0,435868.0
5.55555555556,435744.0
4.7619047619,435868.0
5.26315789474,435904.0
0.0,436148.0
5.26315789474,435844.0
5.26315789474,435992.0
5.55555555556,435940.0
5.0,435868.0
0.0,435840.0
9.52380952381,436124.0
5.0,436056.0
0.0,435948.0
5.26315789474,435972.0
5.0,436016.0
5.55555555556,436024.0
5.55555555556,435956.0
5.26315789474,436000.0
5.55555555556,435916.0
4.54545454545,435736.0
0.0,435932.0
5.55555555556,435884.0
0.0,435588.0
5.26315789474,435504.0
5.0,435736.0
5.55555555556,435932.0
0.0,435640.0
5.0,435592.0
5.0,435704.0
0.0,435536.0
4.7619047619,435800.0
5.55555555556,435916.0
0.0,435804.0
4.34782608696,435988.0
4.7619047619,435844.0
0.0,435808.0
5.26315789474,435980.0
4.16666666667,435816.0
5.55555555556,435604.0
5.0,435564.0
11.1111111111,435472.0
0.0,435288.0
4.7619047619,435592.0
11.7647058824,435756.0
5.88235294118,435644.0
5.55555555556,435708.0
4.7619047619,435332.0
5.0,435540.0
0.0,435716.0
5.26315789474,435676.0
5.55555555556,435604.0
0.0,435476.0
5.26315789474,435520.0
5.55555555556,435584.0
0.0,435496.0
5.26315789474,435520.0
4.7619047619,435712.0
0.0,435684.0
10.0,435720.0
0.0,435444.0
5.55555555556,435592.0
0.0,435572.0
5.0,435480.0
5.88235294118,435444.0
5.26315789474,435380.0
0.0,435464.0
4.34782608696,435564.0
5.26315789474,435536.0
0.0,435756.0
5.0,435752.0
4.7619047619,435664.0
4.7619047619,435784.0
4.34782608696,435548.0
0.0,435664.0
5.26315789474,435956.0
5.88235294118,435752.0
4.54545454545,435700.0
5.0,435868.0
0.0,435452.0
5.55555555556,435108.0
4.7619047619,435464.0
5.26315789474,435556.0
0.0,435372.0
5.26315789474,435408.0
5.0,435640.0
5.26315789474,435768.0
0.0,435364.0
4.54545454545,435476.0
4.54545454545,435588.0
0.0,435456.0
4.7619047619,435544.0
5.26315789474,435636.0
5.55555555556,435868.0
0.0,435772.0
0.0,435900.0
0.0,435588.0
4.7619047619,435696.0
10.0,435808.0
5.26315789474,435932.0
5.0,435780.0
5.55555555556,435892.0
9.52380952381,435852.0
5.88235294118,435800.0
5.26315789474,435736.0
9.09090909091,435456.0
4.16666666667,435816.0
5.0,435740.0
5.26315789474,435648.0
11.1111111111,435992.0
5.88235294118,435828.0
5.88235294118,436084.0
5.55555555556,435680.0
11.1111111111,435648.0
6.25,435740.0
5.26315789474,435804.0
10.5263157895,435984.0
4.34782608696,435680.0
9.09090909091,435800.0
4.34782608696,435760.0
5.55555555556,436000.0
10.0,435516.0
5.0,435604.0
4.54545454545,435796.0
11.7647058824,435740.0
4.54545454545,435944.0
5.55555555556,435712.0
11.7647058824,435892.0
5.55555555556,435952.0
5.55555555556,436016.0
11.7647058824,435672.0
4.54545454545,435888.0
5.55555555556,435968.0
9.09090909091,435852.0
4.54545454545,435740.0
3.84615384615,435620.0
9.09090909091,435784.0
4.34782608696,435836.0
10.5263157895,435720.0
5.0,435720.0
10.0,435508.0
4.54545454545,435572.0
5.88235294118,435736.0
10.0,436040.0
4.34782608696,435776.0
12.5,435788.0
10.0,435572.0
15.7894736842,435652.0
20.0,435816.0
16.6666666667,435692.0
9.52380952381,435612.0
14.2857142857,435684.0
8.0,435316.0
10.0,435076.0
10.5263157895,435296.0
9.52380952381,435204.0
15.7894736842,435612.0
10.0,435632.0
11.7647058824,435800.0
8.33333333333,435644.0
8.69565217391,435416.0
10.0,435564.0
14.2857142857,435700.0
20.0,435912.0
13.6363636364,435776.0
15.7894736842,435644.0
15.0,435888.0
15.7894736842,435792.0
15.0,435816.0
15.0,435720.0
15.0,435728.0
21.0526315789,435988.0
13.6363636364,435892.0
16.6666666667,435860.0
15.0,435860.0
15.7894736842,436080.0
19.0476190476,435880.0
9.09090909091,435956.0
5.55555555556,435808.0
14.2857142857,435820.0
9.52380952381,435820.0
18.1818181818,435804.0
25.0,435892.0
21.0526315789,435892.0
21.0526315789,435876.0
26.3157894737,435876.0
19.0476190476,435852.0
25.0,435868.0
21.0526315789,435960.0
27.7777777778,435984.0
19.0476190476,435860.0
18.1818181818,436040.0
25.0,435788.0
21.0526315789,435908.0
26.3157894737,435712.0
17.3913043478,435868.0
22.2222222222,435948.0
22.2222222222,435876.0
25.0,435916.0
21.0526315789,435924.0
20.0,436208.0
21.0526315789,435876.0
21.0526315789,435916.0
19.0476190476,435960.0
5.0,435760.0
10.0,435968.0
12.5,435992.0
16.0,435948.0
15.7894736842,435596.0
15.0,435504.0
13.0434782609,435716.0
15.7894736842,435836.0
18.1818181818,435688.0
21.0526315789,435844.0
23.8095238095,435760.0
21.0526315789,435520.0
21.0526315789,435424.0
26.3157894737,435420.0
19.0476190476,435280.0
22.2222222222,435248.0
19.0476190476,435528.0
21.0526315789,435544.0
27.7777777778,435356.0
17.3913043478,435668.0
22.2222222222,435668.0
5.26315789474,435752.0
16.6666666667,435308.0
16.6666666667,435348.0
14.8148148148,435176.0
17.3913043478,435296.0
18.5185185185,435412.0
11.1111111111,435368.0
19.0476190476,435420.0
10.7142857143,435588.0
18.5185185185,435748.0
18.1818181818,435684.0
19.0476190476,435516.0
16.6666666667,435556.0
20.0,435672.0
12.0,436000.0
10.5263157895,435752.0
10.0,435816.0
30.0,435800.0
25.0,435700.0
23.8095238095,435848.0
26.3157894737,435828.0
26.3157894737,435740.0
26.3157894737,435880.0
26.3157894737,435888.0
23.8095238095,435780.0
27.7777777778,435896.0
26.3157894737,435804.0
22.7272727273,435908.0
17.1428571429,435904.0
20.0,435824.0
4.7619047619,435924.0
12.5,436252.0
21.7391304348,436040.0
16.1290322581,436072.0
22.2222222222,435992.0
22.2222222222,435976.0
18.1818181818,436052.0
23.8095238095,436060.0
26.3157894737,436072.0
25.0,435860.0
31.5789473684,435800.0
19.0476190476,435836.0
27.7777777778,435896.0
15.7894736842,436016.0
5.26315789474,435988.0
15.3846153846,435992.0
19.2307692308,435984.0
25.0,436056.0
16.6666666667,435656.0
18.5185185185,435796.0
22.7272727273,435564.0
24.0,435580.0
19.0476190476,435520.0
20.8333333333,435380.0
22.7272727273,435440.0
5.26315789474,435544.0
18.1818181818,435628.0
20.6896551724,435448.0
27.2727272727,435340.0
26.0869565217,435624.0
19.0476190476,435596.0
27.2727272727,435480.0
25.0,435664.0
20.0,435812.0
20.8333333333,435532.0
13.3333333333,435588.0
28.0,435612.0
18.1818181818,435516.0
27.5862068966,435672.0
22.7272727273,435812.0
22.7272727273,435860.0
25.0,435612.0
22.2222222222,435788.0
5.55555555556,435848.0
25.0,435616.0
25.0,435836.0
20.8333333333,435784.0
23.0769230769,435588.0
19.0476190476,435804.0
25.0,435824.0
24.0,435944.0
27.7777777778,435760.0
10.0,435972.0
22.2222222222,436076.0
23.8095238095,436256.0
20.0,436280.0
23.8095238095,436036.0
21.4285714286,435928.0
33.3333333333,436060.0
29.4117647059,435952.0
20.8333333333,436152.0
10.0,436020.0
0.0,435944.0
40.0,436208.0
22.7272727273,436156.0
26.3157894737,435876.0
21.4285714286,436016.0
24.0,435848.0
26.0869565217,436056.0
26.0869565217,436116.0
15.7894736842,435924.0
25.0,436296.0
20.0,436420.0
31.5789473684,436296.0
25.0,436268.0
18.5185185185,436420.0
33.3333333333,436340.0
21.0526315789,436136.0
18.1818181818,436216.0
27.2727272727,436068.0
25.0,436052.0
27.2727272727,436380.0
25.0,436236.0
21.7391304348,436332.0
21.0526315789,436396.0
0.0,436296.0
25.0,436292.0
23.8095238095,436260.0
26.3157894737,436332.0
22.7272727273,436452.0
25.0,436160.0
27.7777777778,436544.0
25.0,436412.0
5.0,436176.0
