0.0,449996.0
4.16666666667,450008.0
11.1111111111,450120.0
0.0,450164.0
5.26315789474,450148.0
10.0,450376.0
5.55555555556,450484.0
5.55555555556,450508.0
0.0,450492.0
5.55555555556,450564.0
10.0,450540.0
5.55555555556,450564.0
0.0,450496.0
10.5263157895,450328.0
4.54545454545,450656.0
4.7619047619,450476.0
5.26315789474,450540.0
5.55555555556,450452.0
5.0,450508.0
5.55555555556,450624.0
5.26315789474,450548.0
5.0,450392.0
5.26315789474,450540.0
5.0,450420.0
5.55555555556,450484.0
4.54545454545,450480.0
4.7619047619,450600.0
5.0,450464.0
0.0,450420.0
4.54545454545,450372.0
4.7619047619,450372.0
0.0,450400.0
5.0,450476.0
4.34782608696,450592.0
5.55555555556,450552.0
0.0,450576.0
5.0,450552.0
5.55555555556,450528.0
0.0,450344.0
4.34782608696,450324.0
5.0,450308.0
0.0,450212.0
4.0,450236.0
4.54545454545,450336.0
4.54545454545,450232.0
0.0,450128.0
9.52380952381,449728.0
4.7619047619,449916.0
5.0,449996.0
4.7619047619,450312.0
5.55555555556,450092.0
5.0,450484.0
0.0,450132.0
5.26315789474,450060.0
5.0,450568.0
4.7619047619,450496.0
0.0,450644.0
5.0,450836.0
5.26315789474,450600.0
0.0,450684.0
5.26315789474,450372.0
4.7619047619,450412.0
0.0,450608.0
4.0,450344.0
4.7619047619,450428.0
4.16666666667,450404.0
0.0,450408.0
5.0,450080.0
4.0,450076.0
0.0,450156.0
4.7619047619,450200.0
0.0,449952.0
5.26315789474,450028.0
4.7619047619,450260.0
4.7619047619,450276.0
0.0,450160.0
5.55555555556,450096.0
4.34782608696,450244.0
5.0,450268.0
0.0,450352.0
4.54545454545,450224.0
0.0,450364.0
5.26315789474,450376.0
5.26315789474,450244.0
0.0,450172.0
4.54545454545,450312.0
4.7619047619,450416.0
5.0,450252.0
0.0,450376.0
5.26315789474,450468.0
4.7619047619,450596.0
0.0,450392.0
4.34782608696,450664.0
4.54545454545,450312.0
0.0,450328.0
5.0,450408.0
5.0,450296.0
5.26315789474,450300.0
14.2857142857,450428.0
10.5263157895,450040.0
10.5263157895,450524.0
9.52380952381,450276.0
9.52380952381,450208.0
10.5263157895,450324.0
11.7647058824,450252.0
11.1111111111,450280.0
10.0,450476.0
9.09090909091,450544.0
4.54545454545,450452.0
4.7619047619,450368.0
3.7037037037,450548.0
10.5263157895,450308.0
5.26315789474,450412.0
4.0,450528.0
8.33333333333,450416.0
4.54545454545,450504.0
10.0,450304.0
4.54545454545,450360.0
5.0,450468.0
8.33333333333,450352.0
4.0,450444.0
5.0,450216.0
11.1111111111,450328.0
5.0,449920.0
4.54545454545,449888.0
8.33333333333,450020.0
5.26315789474,450208.0
8.0,450240.0
4.54545454545,450268.0
5.26315789474,450228.0
9.52380952381,450264.0
4.34782608696,450108.0
4.34782608696,450484.0
11.1111111111,450420.0
4.54545454545,450384.0
4.54545454545,450648.0
7.69230769231,450408.0
9.09090909091,450336.0
5.0,450328.0
5.55555555556,450280.0
9.52380952381,450284.0
4.34782608696,450444.0
9.09090909091,450432.0
4.54545454545,450464.0
4.34782608696,450360.0
5.26315789474,450648.0
12.5,450312.0
10.0,450032.0
5.0,450220.0
11.1111111111,450188.0
8.0,450172.0
9.52380952381,450444.0
10.0,450444.0
10.0,450512.0
9.09090909091,450520.0
11.1111111111,450228.0
4.54545454545,450452.0
15.0,450396.0
20.0,450184.0
4.34782608696,450424.0
9.09090909091,450412.0
12.0,450316.0
8.0,450476.0
9.52380952381,450328.0
8.0,450284.0
7.40740740741,450412.0
9.09090909091,450536.0
13.0434782609,450284.0
9.09090909091,450336.0
8.69565217391,450396.0
9.52380952381,450304.0
8.0,450468.0
7.69230769231,450724.0
9.09090909091,450476.0
11.7647058824,450300.0
8.69565217391,450428.0
4.7619047619,450424.0
10.0,450576.0
13.6363636364,450400.0
10.3448275862,450244.0
13.0434782609,450572.0
13.0434782609,450412.0
16.6666666667,450264.0
13.6363636364,450348.0
12.5,450344.0
14.2857142857,450300.0
9.52380952381,450260.0
13.0434782609,450340.0
14.2857142857,450228.0
14.2857142857,450460.0
20.0,450452.0
25.0,450484.0
23.8095238095,450272.0
22.2222222222,450412.0
17.3913043478,450236.0
10.0,450232.0
13.6363636364,450548.0
9.09090909091,450444.0
10.7142857143,450456.0
17.6470588235,450280.0
10.0,450408.0
17.3913043478,450604.0
12.5,450284.0
19.0476190476,450024.0
13.6363636364,449852.0
11.1111111111,450240.0
13.7931034483,449996.0
16.0,450120.0
16.0,449964.0
10.0,449972.0
16.6666666667,449916.0
15.0,449900.0
14.2857142857,450124.0
15.7894736842,449996.0
22.2222222222,450004.0
14.2857142857,449908.0
13.6363636364,449912.0
13.6363636364,449940.0
0.0,449940.0
14.2857142857,450236.0
15.0,450292.0
18.1818181818,450136.0
20.0,450168.0
15.0,450000.0
14.2857142857,450204.0
25.0,450120.0
16.6666666667,450032.0
16.0,450300.0
13.7931034483,450240.0
14.8148148148,450224.0
18.1818181818,450172.0
19.0476190476,450376.0
17.3913043478,450312.0
18.1818181818,450396.0
8.69565217391,450400.0
22.2222222222,450680.0
23.8095238095,450468.0
25.0,450640.0
25.0,450452.0
25.0,450632.0
25.0,450508.0
23.8095238095,450492.0
27.7777777778,450664.0
23.8095238095,450660.0
26.3157894737,450576.0
25.0,450420.0
26.3157894737,450508.0
25.0,450524.0
26.3157894737,450516.0
23.8095238095,450492.0
10.0,450656.0
28.5714285714,450368.0
25.0,450496.0
23.8095238095,450628.0
26.3157894737,450680.0
25.0,450556.0
25.0,450608.0
25.0,450532.0
22.7272727273,450660.0
26.3157894737,450564.0
25.0,450556.0
25.0,450672.0
26.3157894737,450384.0
25.0,450504.0
16.6666666667,450524.0
28.5714285714,450436.0
23.8095238095,450540.0
26.3157894737,450404.0
26.3157894737,450640.0
25.0,450428.0
22.7272727273,450624.0
27.7777777778,450348.0
20.8333333333,450664.0
22.7272727273,450720.0
31.5789473684,450724.0
25.0,450616.0
26.3157894737,450656.0
5.26315789474,450684.0
14.2857142857,450640.0
23.8095238095,450624.0
25.0,450520.0
27.2727272727,450320.0
27.7777777778,450608.0
23.8095238095,450740.0
25.0,450380.0
21.7391304348,450492.0
27.7777777778,450732.0
25.0,450580.0
25.0,450564.0
25.0,450440.0
26.3157894737,450524.0
22.7272727273,450620.0
27.7777777778,450584.0
25.0,450584.0
25.0,450716.0
23.8095238095,450524.0
27.2727272727,450392.0
23.8095238095,450792.0
27.7777777778,450680.0
15.7894736842,450828.0
28.5714285714,450360.0
26.3157894737,450352.0
23.8095238095,450532.0
26.3157894737,450484.0
23.8095238095,450508.0
26.3157894737,450540.0
21.7391304348,450452.0
25.0,450392.0
26.3157894737,450668.0
21.0526315789,450648.0
25.0,450508.0
25.0,450532.0
26.3157894737,450680.0
23.8095238095,450628.0
25.0,450524.0
27.7777777778,450436.0
21.7391304348,450820.0
31.5789473684,450608.0
25.0,450564.0
5.26315789474,450484.0
28.5714285714,450720.0
25.0,450376.0
25.0,450632.0
21.7391304348,450540.0
26.3157894737,450628.0
25.0,450564.0
23.8095238095,450640.0
26.3157894737,450656.0
20.0,450544.0
0.0,450748.0
33.3333333333,450488.0
23.8095238095,450632.0
25.0,450948.0
26.3157894737,450744.0
25.0,450852.0
23.8095238095,450864.0
23.8095238095,450652.0
25.0,450888.0
15.0,450804.0
28.5714285714,450776.0
20.0,450580.0
19.0476190476,450840.0
21.0526315789,450684.0
26.3157894737,450856.0
25.0,450784.0
22.7272727273,451076.0
25.0,451020.0
23.8095238095,450552.0
9.52380952381,450588.0
22.2222222222,450528.0
22.2222222222,450648.0
23.8095238095,450808.0
26.3157894737,450820.0
25.0,450976.0
26.3157894737,450832.0
23.8095238095,451080.0
26.3157894737,450864.0
10.5263157895,450984.0
33.3333333333,450732.0
26.3157894737,450596.0
25.0,450708.0
19.0476190476,450648.0
27.7777777778,450768.0
25.0,450844.0
26.3157894737,450808.0
18.1818181818,450816.0
0.0,450800.0
25.0,450636.0
26.3157894737,450796.0
23.8095238095,450964.0
26.3157894737,450876.0
26.3157894737,450908.0
25.0,450860.0
26.3157894737,450936.0
26.3157894737,450744.0
0.0,450912.0
