2,100,4999.0,49.7599861622,100.462246587,1441790511.04,1680.7666814,4.8080635668,349.600588582
2,200,4998.0,24.8878209591,200.821116811,178.776981818,1675.53678632,4.80939230769,348.426324786
2,300,4998.0,16.6061310768,300.973175322,163.347575011,1678.68267654,4.80604330312,349.324269889
2,400,5000.0,12.5001411438,399.995483449,144.85373016,1720.97834644,4.81269662921,357.659925094
2,500,4999.0,9.98379683495,500.711310801,122.566253435,1671.98633721,4.83646948357,345.750938967
2,600,5000.0,8.35061907768,598.758002669,147.359337071,1747.84601404,4.81269662921,363.223033708
2,700,5000.0,7.1175699234,702.48695184,103.958318892,1755.81085066,4.81149342105,364.961842105
2,800,4999.0,6.22585892677,802.941418814,114.384395229,1667.84660052,4.85125259067,343.844300518
2,900,4999.0,5.58198094368,895.560205317,143.651180987,1673.18019591,4.8500408971,345.047229551
2,1000,5000.0,4.98602294922,1002.80324638,142.803826461,1796.19500467,4.80080373832,374.192523364
2,1100,4999.0,4.56566905975,1094.91072055,114.628761146,1677.7674559,4.84651696065,346.24843962
2,1200,5000.0,21.2315859795,235.49818675,133.384950869,1692.77156313,4.83830684327,349.981015453
2,1300,5000.0,3.87215805054,1291.26960593,124.37386784,1833.1318253,4.779,383.630120482
2,1400,5000.0,3.56249690056,1403.50999301,126.676351247,1850.22835526,4.76940789474,387.989473684
2,1500,4998.0,5.24774909019,952.408340052,105.624737632,1684.44327816,4.83800266312,348.264447403
2,1600,5000.0,5.25904893875,950.742246028,149.21656277,1791.30161786,4.79075,374.197321429
2,1700,5000.0,5.04176521301,991.716152727,116.930206688,1807.29831296,4.78210185185,378.247222222
2,1800,4998.0,2.77501392365,1801.07204415,115.22067982,1685.41373791,4.83206008584,348.924177396
2,1900,4999.0,2.69015407562,1858.25787649,144.89854942,1688.25565911,4.82970875179,349.680344333
2,2000,4502.0,2.56378102303,1756.00020422,133.474091834,1682.83179006,4.83341786744,348.288040346
4,100,5000.0,49.7123539448,100.578620871,125.457320438,1669.65442361,4.84224551464,344.843248347
4,200,5000.0,24.9528090954,200.378241219,168.004507447,1679.67265301,4.83956015038,347.122556391
4,300,4999.0,16.6615431309,300.032233553,132.963178255,1667.67182938,4.84774849095,344.046981891
4,400,5000.0,12.4549171925,401.447871771,143.201682984,1706.6094703,4.83147744361,353.292105263
4,500,5000.0,9.99302697182,500.348894694,126.879754951,1724.2269554,4.82704225352,357.25399061
4,600,4999.0,8.34623503685,598.952698783,117.903874249,1679.65993305,4.84421909425,346.793880049
4,700,5000.0,7.19587182999,694.842837412,148.959419105,1771.87872338,4.80566883117,368.754545455
4,800,4999.0,6.23987388611,801.137986319,118.537087285,1680.7955842,4.84098704663,347.251943005
4,900,5000.0,5.56829094887,897.941584934,138.305458444,1791.72642017,4.79457983193,373.72605042
4,1000,5000.0,4.99231100082,1001.54016831,105.124702935,1806.90332804,4.78845794393,377.389719626
4,1100,5000.0,4.59353423119,1088.48650045,113.56727922,1805.33210102,4.78932653061,376.986734694
4,1200,5000.0,24.5718460083,203.484915147,118.447984479,1696.49207156,4.83226145038,351.191412214
4,1300,5000.0,3.84984207153,1298.75457411,122.960241084,1869.28536024,4.76106024096,392.68313253
4,1400,5000.0,3.56773209572,1401.45051979,108.273010793,1864.22277105,4.75473684211,392.119736842
4,1500,4999.0,13.2311069965,377.82175001,103.550473823,1683.31025928,4.83308360478,348.379261672
4,1600,5000.0,7.10850977898,703.382305921,130.462609301,1763.39786118,4.80464473684,367.321052632
4,1700,5000.0,4.46414422989,1120.03549673,121.697729877,1812.28396458,4.78585416667,378.966666667
4,1800,5000.0,7.17609119415,696.758146562,115.89248264,1751.08014118,4.81320915033,364.130718954
4,1900,5000.0,2.63184189796,1899.81016864,123.343396627,1910.72078772,4.74403508772,402.828070175
4,2000,4900.0,2.57393598557,1903.69924795,107.421839156,1669.55242176,4.84986167147,344.373198847
8,100,4997.0,49.7273499966,100.487960857,137.803627735,1662.76499735,4.85314949971,342.641612713
8,200,5000.0,24.8865821362,200.911478026,146.205919651,1687.67668192,4.84144632768,348.641996234
8,300,4998.0,16.626666069,300.601454269,134.09069668,1677.08392133,4.84448490946,346.221227364
8,400,5000.0,12.4981210232,400.060136298,145.610484691,1723.19442921,4.82408614232,357.271161049
8,500,4999.0,10.0391449928,497.95077206,98.5774423243,1683.67079543,4.84006682298,347.905041032
8,600,5000.0,8.3079020977,601.836653971,143.879776603,1754.77773559,4.80668926554,365.13220339
8,700,5000.0,7.15716695786,698.600441968,103.909293966,1765.35498301,4.80522875817,367.426797386
8,800,5000.0,6.23868608475,801.450807442,109.800564496,1782.53730226,4.79486466165,371.778947368
8,900,5000.0,5.58266401291,895.629754619,115.90858678,1788.72381092,4.79251260504,373.259663866
8,1000,5000.0,5.01058602333,997.887268419,109.473656416,1792.77840561,4.78528971963,374.68317757
8,1100,5000.0,4.55346703529,1098.06438945,98.6813647167,1820.2157701,4.77440206186,381.286597938
8,1200,5000.0,4.14991903305,1204.84278372,121.276760179,1845.16504719,4.75801123596,387.856179775
8,1300,5000.0,10.2599880695,487.330001372,149.604346842,1732.50886895,4.81130136986,360.305479452
8,1400,5000.0,3.55999517441,1404.49628582,125.18088219,1855.33913158,4.76086842105,389.746052632
8,1500,5000.0,3.33396577835,1499.71545373,116.494239538,1863.74300833,4.75984722222,391.648611111
8,1600,5000.0,12.8573229313,388.883442278,118.829302576,1704.46719708,4.83214963504,352.927737226
8,1700,4999.0,2.93684601784,1702.16619109,117.458895011,1671.77394843,4.84469088319,345.17962963
8,1800,5000.0,22.0476119518,226.781930439,147.492393055,1686.34855596,4.83912553191,348.634893617
8,1900,5000.0,9.28041100502,538.769241717,124.268629791,1730.71447424,4.81985353535,359.389393939
8,2000,5000.0,7.25272703171,689.395861466,126.754032251,1751.26267419,4.81179354839,364.332258065
16,100,5000.0,49.7871398926,100.42754034,115.692955052,1675.39299623,4.8434797361,345.946182846
16,200,4999.0,24.9190609455,200.609485684,147.653597361,1671.74540906,4.84364786325,345.175128205
16,300,4999.0,16.5966808796,301.204803314,138.225194286,1677.59847442,4.83886304129,346.733131923
16,400,5000.0,12.4558568001,401.417588549,135.036014056,1726.13117368,4.81907894737,358.252631579
16,500,4999.0,9.99534797668,500.132662881,121.144804506,1685.16072195,4.8344870892,348.621830986
16,600,5000.0,8.30875205994,601.775087755,128.132403995,1765.10151638,4.80033898305,367.770056497
16,700,4998.0,7.15154790878,698.869680208,125.041003107,1689.07677563,4.83133964646,349.663005051
16,800,5000.0,6.29003000259,794.908767993,114.692197402,1789.1100597,4.78879850746,373.62761194
16,900,5000.0,5.59313797951,893.95255728,104.517654432,1801.70905333,4.77470833333,377.381666667
16,1000,4999.0,5.00802612305,998.197668537,139.045003966,1681.95839316,4.83126541555,348.202546917
16,1100,5000.0,4.60817503929,1085.02822861,206.965626116,1818.96299192,4.78095959596,380.52020202
16,1200,4999.0,4.19852304459,1190.65679691,100.295872292,1672.67539012,4.84379835391,345.394650206
16,1300,5000.0,3.84016895294,1302.02604658,140.576114388,1835.13143659,4.77568292683,384.325609756
16,1400,5000.0,7.79547309875,641.397890373,112.568820462,1743.49128024,4.81361077844,362.421556886
16,1500,5000.0,3.32309985161,1504.61924807,112.796576047,1869.14600986,4.7561971831,393.032394366
16,1600,5000.0,10.0372738838,498.143226724,115.574679397,1729.16389206,4.8193411215,359.024766355
16,1700,5000.0,2.93517208099,1703.47763675,117.679724744,1898.265,4.7456984127,400.058730159
16,1800,5000.0,2.81641817093,1775.30455229,116.836512891,1905.12006833,4.74141666667,401.885
16,1900,4937.0,2.62904691696,1877.86683005,112.022532478,1683.22024158,4.83760431655,348.06618705
16,2000,4697.0,2.50085687637,1878.15626091,144.542269542,1684.44353218,4.83617893218,348.434632035
32,100,4999.0,49.7185611725,100.545950689,130.499264755,1672.2920361,4.84205182568,345.392520612
32,200,4999.0,24.9528729916,200.33765257,193.391622418,1676.98452681,4.83775918019,346.679675491
32,300,5000.0,16.6043961048,301.125073651,165.055565925,1710.42567288,4.81865536723,355.027966102
32,400,5000.0,12.4800448418,400.639586107,99.0339875422,1724.16172256,4.77920676692,360.838721805
32,500,5000.0,9.96636104584,501.687624701,117.453501346,1759.52239296,4.74258685446,371.096713615
32,600,4999.0,8.36252713203,597.785803391,116.740373069,1690.71373619,4.77269682152,354.314180929
32,700,4999.0,7.1237590313,701.736257226,139.810189203,1685.83127636,4.75833249052,354.360303413
32,800,4999.0,6.25448679924,799.266216472,153.172437789,1686.86075278,4.80947477361,350.807373868
32,900,5000.0,5.5986738205,893.068637379,151.534583765,1786.5546175,4.758875,375.458333333
32,1000,5000.0,5.06034302711,988.075308968,116.123265833,1816.42237593,4.73559259259,383.62962963
32,1100,5000.0,4.55706095695,1097.19840205,117.763389277,1821.59250714,4.75160204082,383.418367347
32,1200,5000.0,12.6492290497,395.281007274,119.300829178,1733.98520815,4.81086666667,360.643333333
32,1300,5000.0,5.63842511177,886.772441042,126.089984983,1806.1083562,4.78496694215,377.651239669
32,1400,5000.0,3.59772801399,1389.76598024,123.05843355,1886.37419351,4.74938961039,397.251948052
32,1500,4998.0,3.33203101158,1499.98603933,85.8211516353,1696.82465577,4.82804366197,351.56084507
32,1600,5000.0,7.76685810089,643.760956496,148.668160691,1760.22416325,4.79806024096,367.125301205
32,1700,4999.0,3.78826713562,1319.60070952,116.957119011,1697.42988944,4.82873194444,351.656805556
32,1800,5000.0,10.1773440838,491.28731021,142.240845792,1749.34059724,4.80426267281,364.462211982
32,1900,5000.0,3.0644030571,1631.63915021,115.06552418,1898.06020606,4.74237878788,400.534848485
32,2000,4999.0,4.61302304268,1083.67115311,110.987591937,1694.53403117,4.82689159892,351.174661247
64,100,4999.0,49.750262022,100.481882845,118.589533491,1684.79443137,4.82734667451,349.037963508
64,200,4997.0,24.9152760506,200.559688356,179.242828923,1683.20799795,4.82592051282,348.818803419
64,300,5000.0,16.6079769135,301.06014875,139.845370507,1709.38675113,4.82091242938,354.653389831
64,400,4999.0,12.4897019863,400.249742186,131.633583383,1676.15065315,4.83837900552,346.469392265
64,500,4998.0,10.0215759277,498.723956795,157.194058899,1680.2586993,4.8371066823,347.423094959
64,600,4998.0,8.35558009148,598.163137123,149.56680218,1683.18601714,4.83412851897,348.238310894
64,700,5000.0,7.18447494507,695.945081336,129.453812526,1774.13550909,4.79320779221,370.192207792
64,800,4999.0,6.26555895805,797.8537962,93.2533963548,1689.39927633,4.8273919793,350.015135834
64,900,5000.0,5.59977293015,892.893348065,122.116417701,1793.29760917,4.782025,375.05
64,1000,5000.0,5.86419701576,852.631653841,108.756057312,1792.6406656,4.785784,374.6856
64,1100,5000.0,4.59391498566,1088.39628413,94.1774907641,1814.73325,4.77485714286,380.12755102
64,1200,4999.0,4.16890001297,1199.11726941,111.298113359,1690.37066882,4.82646016484,350.3125
64,1300,5000.0,25.2345430851,198.141095051,147.799312107,1703.89132472,4.82288289963,353.402416357
64,1400,5000.0,6.45622992516,774.445776864,123.774896055,1783.70930145,4.7894057971,372.678985507
64,1500,5000.0,3.32791686058,1502.44137984,113.803618291,1868.83039296,4.74664788732,393.769014085
64,1600,5000.0,4.66416597366,1072.00301795,109.92341743,1823.264283,4.76706,382.746
64,1700,5000.0,4.94864392281,1010.37780814,106.416568653,1828.28866981,4.76283018868,384.212264151
64,1800,4999.0,2.77975988388,1798.35676779,115.966887898,1696.84066609,4.81619599428,352.445922747
64,1900,5000.0,5.61667895317,890.205767801,136.964604203,1798.93392917,4.77484166667,377.195
64,2000,5000.0,2.49862790108,2001.09828192,110.664706825,1934.63791481,4.72025925926,409.948148148
