1718.487,4.834,355.5
1684.1656,4.834,348.4
1637.9968,4.829,339.2
1698.8735,4.847,350.5
1637.9037,4.833,338.9
1680.0264,4.836,347.4
1675.527,4.83,346.9
1738.6965,4.815,361.1
1731.119,4.81,359.9
1667.2466,4.834,344.9
1637.2259,4.831,338.9
1652.2333,4.841,341.3
1655.8782,4.846,341.7
1628.3235,4.839,336.5
1664.207,4.835,344.2
1681.9739,4.843,347.3
1790.2912,4.792,373.6
1642.683,4.83,340.1
1665.9139,4.847,343.7
1673.7925,4.825,346.9
1674.288,4.832,346.5
1735.4378,4.822,359.9
1727.006,4.82,358.3
1739.6561,4.823,360.7
1686.4752,4.813,350.4
1687.8768,4.817,350.4
1660.49,4.82,344.5
1674.1394,4.826,346.9
1694.979,4.829,351.0
1696.64,4.82,352.0
1717.8672,4.816,356.7
1726.917,4.805,359.4
1711.251,4.815,355.4
1846.2274,4.762,387.7
1678.752,4.824,348.0
1671.663,4.83,346.1
1696.6015,4.835,350.9
1671.943,4.835,345.8
1673.7314,4.829,346.6
1676.0482,4.819,347.8
1707.7585,4.831,353.5
1743.84,4.8,363.3
1831.69,4.775,383.6
1659.588,4.83,343.6
1725.6115,4.835,356.9
1648.8774,4.834,341.1
1649.7225,4.845,340.5
1684.3954,4.843,347.8
1668.2086,4.841,344.6
1667.4528,4.836,344.8
1760.2908,4.786,367.8
1649.4341,4.847,340.3
1664.4852,4.833,344.4
1717.6753,4.829,355.7
1707.0515,4.829,353.5
1655.9264,4.832,342.7
1681.323,4.83,348.1
1666.7631,4.827,345.3
1670.3511,4.829,345.9
1773.6712,4.808,368.9
1657.245,4.85,341.7
1667.864,4.84,344.6
1655.3628,4.836,342.3
1649.8442,4.834,341.3
1685.4237,4.839,348.3
1640.9825,4.825,340.1
1694.0,4.84,350.0
1798.0128,4.768,377.1
1685.4016,4.832,348.8
1668.1271,4.817,346.3
1666.2119,4.831,344.9
1694.2965,4.845,349.7
1621.6976,4.838,335.2
1634.1303,4.839,337.7
1686.4822,4.849,347.8
1648.7904,4.838,340.8
1695.525,4.81,352.5
1640.032,4.835,339.2
1657.5867,4.851,341.7
1656.99,4.845,342.0
1645.2403,4.829,340.7
1705.473,4.83,353.1
1685.1624,4.812,350.2
1720.6752,4.832,356.1
1839.1572,4.782,384.6
1679.6898,4.842,346.9
1629.1521,4.853,335.7
1633.8812,4.844,337.3
1655.6792,4.844,341.8
1674.4976,4.834,346.4
1691.283,4.835,349.8
1693.3,4.838,350.0
1687.8672,4.806,351.2
1838.7434,4.771,385.4
1713.84,4.825,355.2
1686.368,4.832,349.0
1709.5266,4.821,354.6
1688.784,4.832,349.5
1679.77,4.82,348.5
1711.1,4.82,355.0
1668.3482,4.826,345.7
1771.342,4.79,369.8
1747.25,4.82,362.5
1714.6215,4.815,356.1
1715.8655,4.805,357.1
1716.5475,4.815,356.5
1666.9017,4.833,344.9
1645.3505,4.835,340.3
1666.001,4.822,345.5
1706.1408,4.836,352.8
1740.3516,4.797,362.8
1708.3355,4.819,354.5
1670.488,4.828,346.0
1673.4801,4.813,347.7
1681.2978,4.823,348.6
1686.3375,4.825,349.5
1689.5641,4.837,349.3
1666.5568,4.832,344.9
1723.904,4.81,358.4
1703.2593,4.821,353.3
1678.7925,4.845,346.5
1620.987,4.846,334.5
1688.5408,4.841,348.8
1654.6782,4.834,342.3
1699.5025,4.835,351.5
1676.1822,4.818,347.9
1683.0635,4.835,348.1
1801.6544,4.784,376.6
1626.24,4.84,336.0
1663.1643,4.839,343.7
1639.404,4.836,339.0
1676.9224,4.841,346.4
1658.5454,4.834,343.1
1663.773,4.845,343.4
1640.3023,4.823,340.1
1734.5958,4.821,359.8
1792.8,4.8,373.5
1644.132,4.83,340.4
1684.5318,4.842,347.9
1677.408,4.848,346.0
1649.2448,4.828,341.6
1671.5973,4.841,345.3
1634.568,4.836,338.0
1653.7416,4.844,341.4
1729.4376,4.808,359.7
1652.4027,4.833,341.9
1669.0258,4.849,344.2
1625.0435,4.835,336.1
1659.185,4.85,342.1
1670.768,4.84,345.2
1683.5236,4.828,348.7
1652.574,4.818,343.0
1743.0175,4.835,360.5
1758.5517,4.793,366.9
1680.1082,4.846,346.7
1647.371,4.831,341.0
1684.4559,4.839,348.1
1657.9008,4.842,342.4
1668.6939,4.827,345.7
1675.2544,4.832,346.7
1671.7347,4.833,345.9
1798.1372,4.804,374.3
1683.3602,4.822,349.1
1725.8076,4.818,358.2
1728.687,4.822,358.5
1699.7552,4.807,353.6
1717.1352,4.818,356.4
1737.9736,4.817,360.8
1703.854,4.835,352.4
1695.7251,4.827,351.3
1745.7848,4.808,363.1
1658.8429,4.849,342.1
1671.2514,4.833,345.8
1684.3788,4.836,348.3
1698.2694,4.826,351.9
1669.6297,4.813,346.9
1696.7314,4.823,351.8
1722.9306,4.814,357.9
1839.6504,4.761,386.4
1723.8801,4.841,356.1
1654.0535,4.835,342.1
1678.5838,4.843,346.6
1642.5513,4.841,339.3
1676.1623,4.843,346.1
1692.8162,4.838,349.9
1636.7876,4.844,337.9
1694.35,4.841,350.0
1792.5227,4.789,374.3
1717.6753,4.829,355.7
1654.8192,4.833,342.4
1731.5388,4.834,358.2
1648.053,4.833,341.0
1652.1984,4.848,340.8
1653.7703,4.837,341.9
1647.768,4.835,340.8
1766.2528,4.784,369.2
1664.2116,4.828,344.7
1663.227,4.842,343.5
1711.236,4.834,354.0
1708.97,4.814,355.0
1718.132,4.81,357.2
1743.153,4.822,361.5
1679.7387,4.831,347.7
1662.2808,4.821,344.8
1745.8595,4.795,364.1
1659.2704,4.846,342.4
1649.485,4.85,340.1
1629.7752,4.839,336.8
1647.3,4.845,340.0
1667.024,4.846,344.0
1647.339,4.838,340.5
1649.9862,4.833,341.4
1700.2722,4.818,352.9
1732.5578,4.798,361.1
1720.5727,4.829,356.3
1676.4171,4.827,347.3
1705.7475,4.839,352.5
1656.8299,4.829,343.1
1653.6672,4.824,342.8
1682.4582,4.843,347.4
1685.5755,4.845,347.9
1740.4684,4.796,362.9
1661.3692,4.838,343.4
1659.9789,4.841,342.9
1616.7438,4.842,333.9
1672.22,4.84,345.5
1663.5905,4.829,344.5
1687.35,4.821,350.0
1696.518,4.806,353.0
1792.5866,4.802,373.3
1803.568,4.784,377.0
1716.0234,4.823,355.8
1685.4016,4.832,348.8
1713.51,4.82,355.5
1674.468,4.82,347.4
1669.6593,4.827,345.9
1687.964,4.82,350.2
1679.6612,4.828,347.9
1830.5488,4.787,382.4
1654.4925,4.825,342.9
1680.2183,4.813,349.1
1761.192,4.812,366.0
1727.6115,4.819,358.5
1707.4992,4.818,354.4
1733.6225,4.825,359.3
1691.9688,4.804,352.2
1729.0572,4.819,358.8
1749.81,4.794,365.0
1647.0864,4.833,340.8
1646.801,4.835,340.6
1665.0348,4.836,344.3
1641.4304,4.832,339.7
1700.1592,4.841,351.2
1628.176,4.84,336.4
1716.354,4.828,355.5
1825.002,4.77,382.6
1665.1772,4.828,344.9
1707.461,4.837,353.0
1629.8172,4.842,336.6
1687.5135,4.845,348.3
1661.088,4.84,343.2
1650.6378,4.842,340.9
1627.71,4.83,337.0
1698.1725,4.845,350.5
1817.2581,4.781,380.1
1702.7772,4.821,353.2
1688.7512,4.814,350.8
1702.6812,4.818,353.4
1679.1,4.825,348.0
1695.1536,4.824,351.4
1695.6154,4.846,349.9
1636.596,4.842,338.0
1714.6404,4.811,356.4
1636.641,4.845,337.8
1650.744,4.848,340.5
1635.3422,4.834,338.3
1648.6473,4.839,340.7
1670.556,4.845,344.8
1637.9444,4.826,339.4
1686.7968,4.836,348.8
1700.6892,4.837,351.6
1853.476,4.777,388.0
1677.012,4.819,348.0
1688.3271,4.839,348.9
1651.4572,4.826,342.2
1666.9692,4.836,344.7
1650.924,4.84,341.1
1638.1468,4.838,338.6
1664.8632,4.851,343.2
1726.3152,4.806,359.2
1686.256,4.84,348.4
1636.6954,4.838,338.3
1657.033,4.831,343.0
1734.2176,4.828,359.2
1700.4329,4.813,353.3
1719.5252,4.822,356.6
1702.032,4.808,354.0
1755.432,4.816,364.5
1809.8073,4.779,378.7
1688.4,4.824,350.0
1689.5835,4.815,350.9
1697.1704,4.838,350.8
1708.6292,4.828,353.9
1672.8275,4.825,346.7
1650.2696,4.831,341.6
1747.732,4.82,362.6
1776.0348,4.782,371.4
1757.2544,4.796,366.4
1728.1112,4.811,359.2
1706.1792,4.832,353.1
1698.0076,4.828,351.7
1673.2485,4.829,346.5
1676.1015,4.815,348.1
1698.5304,4.824,352.1
1707.7926,4.827,353.8
1801.104,4.78,376.8
1687.785,4.825,349.8
1687.0,4.82,350.0
1671.5549,4.813,347.3
1707.1456,4.832,353.3
1686.368,4.832,349.0
1655.94,4.825,343.2
1684.8624,4.836,348.4
1708.8174,4.819,354.6
1713.8338,4.802,356.9
1641.3771,4.829,339.9
1633.7926,4.838,337.7
1641.5831,4.841,339.1
1660.488,4.827,344.0
1652.2612,4.834,341.8
1695.2838,4.834,350.7
1683.7616,4.808,350.2
1814.2267,4.763,380.9
1715.8968,4.824,355.7
1658.2023,4.833,343.1
1648.3372,4.831,341.2
1691.254,4.846,349.0
1660.554,4.83,343.8
1652.6244,4.828,342.3
1655.4798,4.842,341.9
1680.521,4.843,347.0
1778.034,4.812,369.5
1627.955,4.825,337.4
1673.672,4.84,345.8
1685.5592,4.838,348.4
1643.7033,4.833,340.1
1652.4027,4.833,341.9
1679.0008,4.847,346.4
1681.4896,4.843,347.2
1764.6671,4.781,369.1
1647.8228,4.838,340.6
1660.8978,4.831,343.8
1642.1615,4.837,339.5
1688.5408,4.841,348.8
1650.744,4.848,340.5
1641.5831,4.841,339.1
1661.5516,4.847,342.8
1673.8101,4.839,345.9
1856.6704,4.784,388.1
1667.799,4.83,345.3
1692.61,4.825,350.8
1696.9984,4.832,351.2
1676.3679,4.813,348.3
1714.4228,4.828,355.1
1680.3738,4.837,347.4
1687.1696,4.826,349.6
1783.2078,4.782,372.9
1702.0002,4.827,352.6
1665.0871,4.811,346.1
1758.0882,4.818,364.9
1714.6404,4.811,356.4
1702.9936,4.808,354.2
1724.9993,4.801,359.3
1721.56,4.825,356.8
1707.3717,4.819,354.3
1827.7734,4.786,381.9
1691.7948,4.842,349.4
1678.2285,4.835,347.1
1648.5924,4.836,340.9
1664.9645,4.819,345.5
1684.221,4.83,348.7
1683.3894,4.829,348.6
1756.7599,4.817,364.7
1834.1664,4.737,387.2
1684.0064,4.828,348.8
1654.7713,4.823,343.1
1673.948,4.838,346.0
1638.8712,4.843,338.4
1639.3536,4.833,339.2
1688.285,4.85,348.1
1645.8465,4.845,339.7
1638.57,4.825,339.6
1783.1496,4.778,373.2
1690.6329,4.829,350.1
1704.0751,4.837,352.3
1660.1455,4.819,344.5
1665.8516,4.844,343.9
1628.9115,4.835,336.9
1640.7104,4.837,339.2
1681.4896,4.843,347.2
1728.4392,4.824,358.3
1666.1428,4.828,345.1
1669.9944,4.821,346.4
1697.64,4.816,352.5
1700.5521,4.827,352.3
1702.3136,4.832,352.3
1658.562,4.82,344.1
1688.5408,4.841,348.8
1642.3056,4.836,339.6
1763.068,4.804,367.0
1642.0635,4.851,338.5
1637.7103,4.841,338.3
1633.3534,4.841,337.4
1657.8166,4.846,342.1
1641.2868,4.833,339.6
1661.7248,4.832,343.9
1677.6084,4.836,346.9
1707.2666,4.793,356.2
1741.92,4.8,362.9
1659.5226,4.827,343.8
1684.1656,4.834,348.4
1704.821,4.835,352.6
1644.2959,4.849,339.1
1671.736,4.84,345.4
1637.0648,4.852,337.4
1632.1734,4.849,336.6
1738.815,4.81,361.5
1611.1144,4.844,332.6
1656.7903,4.843,342.1
1617.7122,4.842,334.1
1732.1623,4.829,358.7
1694.82,4.808,352.5
1737.36,4.826,360.0
1718.4892,4.811,357.2
1778.3705,4.787,371.5
1778.5845,4.785,371.7
1670.8824,4.818,346.8
1703.3544,4.824,353.1
1684.1403,4.827,348.9
1688.5776,4.819,350.4
1673.1324,4.812,347.7
1675.7988,4.828,347.1
1699.755,4.822,352.5
1851.7269,4.759,389.1
1722.3106,4.819,357.4
1714.5156,4.812,356.3
1737.351,4.83,359.7
1688.5967,4.837,349.1
1672.8423,4.839,345.7
1700.1178,4.834,351.7
1679.7387,4.831,347.7
1726.7712,4.818,358.4
1798.328,4.76,377.8
1696.1184,4.824,351.6
1733.6316,4.821,359.6
1685.6862,4.819,349.8
1718.812,4.82,356.6
1675.4864,4.816,347.9
1689.3648,4.824,350.2
1667.799,4.83,345.3
1774.8034,4.789,370.6
1636.7876,4.844,337.9
1656.8474,4.846,341.9
1646.5259,4.847,339.7
1639.8748,4.826,339.8
1682.1181,4.849,346.9
1652.6851,4.831,342.1
1690.9438,4.823,350.6
1717.6352,4.814,356.8
1820.1267,4.781,380.7
1685.2392,4.826,349.2
1637.0802,4.842,338.1
1661.9292,4.834,343.8
1676.2945,4.835,346.7
1647.513,4.83,341.1
1663.9512,4.854,342.8
1646.4756,4.844,339.9
1787.7676,4.811,371.6
1624.581,4.815,337.4
1672.0095,4.845,345.1
1648.2515,4.835,340.9
1667.6612,4.831,345.2
1700.6433,4.841,351.3
1690.5052,4.819,350.8
1667.864,4.84,344.6
1626.6532,4.847,335.6
1812.0305,4.795,377.9
1656.9545,4.835,342.7
1656.1284,4.834,342.6
1665.1638,4.842,343.9
1627.5032,4.838,336.4
1669.432,4.853,344.0
1659.9245,4.855,341.9
1625.1591,4.821,337.1
1790.6648,4.793,373.6
1659.2444,4.829,343.6
1664.901,4.83,344.7
1677.6525,4.825,347.7
1696.6866,4.838,350.7
1704.2833,4.813,354.1
1659.7273,4.829,343.7
1693.217,4.835,350.2
1697.8632,4.818,352.4
1762.241,4.79,367.9
1736.1688,4.808,361.1
1715.5845,4.815,356.3
1761.7882,4.811,366.2
1725.6839,4.819,358.1
1666.274,4.82,345.7
1682.6112,4.824,348.8
1660.3218,4.842,342.9
1740.02,4.82,361.0
1692.96,4.8,352.7
1665.7977,4.827,345.1
1755.8082,4.821,364.2
1702.3278,4.817,353.4
1721.5224,4.798,358.8
1710.4724,4.802,356.2
1700.46,4.824,352.5
1703.2912,4.817,353.6
1806.888,4.765,379.2
1667.8656,4.826,345.6
1684.1078,4.838,348.1
1661.492,4.844,343.0
1650.3513,4.827,341.9
1674.293,4.846,345.5
1651.4361,4.833,341.7
1690.182,4.836,349.5
1734.5958,4.821,359.8
1785.972,4.801,372.0
1651.7994,4.827,342.2
1729.2649,4.829,358.1
1660.8978,4.831,343.8
1672.9785,4.845,345.3
1667.1645,4.845,344.1
1636.5868,4.822,339.4
1675.3994,4.838,346.3
1788.9019,4.787,373.7
1641.717,4.83,339.9
1670.7609,4.847,344.7
1672.3836,4.814,347.4
1679.6046,4.814,348.9
1694.3604,4.819,351.6
1663.5186,4.833,344.2
1697.7387,4.841,350.7
1705.3976,4.808,354.7
1742.0631,4.811,362.1
1671.525,4.845,345.0
1652.6832,4.848,340.9
1636.7876,4.844,337.9
1639.4018,4.846,338.3
1623.2244,4.844,335.1
1631.0364,4.837,337.2
1696.45,4.847,350.0
1750.4424,4.767,367.2
1696.118,4.835,350.8
1693.7486,4.831,350.6
1645.2066,4.819,341.4
1674.981,4.834,346.5
1669.7324,4.837,345.2
1678.0278,4.854,345.7
1647.371,4.831,341.0
1700.643,4.83,352.1
1700.3808,4.832,351.9
1621.1755,4.835,335.3
1677.4758,4.851,345.8
1635.6276,4.842,337.8
1754.9364,4.812,364.7
1699.1429,4.823,352.3
1721.4864,4.814,357.6
1729.1988,4.806,359.8
1814.031,4.77,380.3
1688.784,4.832,349.5
1683.547,4.835,348.2
1701.6476,4.826,352.6
1678.1604,4.814,348.6
1673.7314,4.829,346.6
1734.6052,4.813,360.4
1709.68,4.816,355.0
1696.7314,4.823,351.8
1821.186,4.77,381.8
1701.568,4.834,352.0
1665.9352,4.826,345.2
1706.1814,4.817,354.2
1687.602,4.83,349.4
1686.8512,4.832,349.1
1675.1801,4.829,346.9
1720.7712,4.812,357.6
1852.3307,4.763,388.9
1704.3741,4.797,355.3
1679.6032,4.832,347.6
1665.0392,4.829,344.8
1677.4716,4.837,346.8
1662.4608,4.844,343.2
1653.3117,4.847,341.1
1638.0015,4.839,338.5
1649.0415,4.843,340.5
1756.2058,4.801,365.8
1696.5152,4.832,351.1
1668.5481,4.821,346.1
1712.1064,4.831,354.4
1705.3045,4.835,352.7
1654.8192,4.833,342.4
1653.0588,4.842,341.4
1666.555,4.825,345.4
1708.4886,4.814,354.9
1671.9984,4.824,346.6
1626.912,4.842,336.0
1728.6732,4.826,358.2
1690.0478,4.837,349.4
1693.8785,4.819,351.5
1705.1736,4.836,352.6
1646.1198,4.833,340.6
1659.5544,4.844,342.6
1762.0586,4.817,365.8
1629.7098,4.846,336.3
1665.648,4.842,344.0
1646.7204,4.849,339.6
1642.0172,4.838,339.4
1647.8228,4.838,340.6
1665.1466,4.849,343.4
1652.22,4.824,342.5
1738.576,4.816,361.0
1727.7366,4.782,361.3
1654.7713,4.823,343.1
1677.035,4.826,347.5
1671.5901,4.827,346.3
1674.64,4.84,346.0
1656.732,4.84,342.3
1644.15,4.85,339.0
1634.3216,4.841,337.6
1753.8972,4.796,365.7
1620.2827,4.841,334.7
1653.7964,4.847,341.2
1620.6124,4.829,335.6
1730.4795,4.827,358.5
1696.518,4.806,353.0
1701.107,4.819,353.0
1707.272,4.816,354.5
1770.2214,4.813,367.8
1729.5391,4.819,358.9
1730.6973,4.833,358.1
1663.864,4.82,345.2
1660.6968,4.822,344.4
1700.816,4.81,353.6
1768.5495,4.815,367.3
1740.984,4.816,361.5
1733.004,4.83,358.8
1826.5042,4.759,383.8
1681.806,4.83,348.2
1668.2112,4.827,345.6
1677.8184,4.838,346.8
1704.1158,4.833,352.6
1664.1425,4.825,344.9
1666.1376,4.821,345.6
1740.1409,4.819,361.1
1740.9816,4.812,361.8
1861.641,4.737,393.0
1718.997,4.83,355.9
1656.2224,4.816,343.9
1720.3928,4.838,355.6
1652.8029,4.837,341.7
1639.3555,4.843,338.5
1657.7,4.84,342.5
1660.9248,4.848,342.6
1785.3888,4.784,373.2
1650.44,4.84,341.0
1667.915,4.85,343.9
1675.316,4.828,347.0
1710.528,4.832,354.0
1712.3172,4.818,355.4
1684.1656,4.834,348.4
1666.9708,4.829,345.2
1710.882,4.833,354.0
1793.8095,4.795,374.1
1665.2448,4.824,345.2
1661.5095,4.837,343.5
1672.2879,4.843,345.3
1678.0995,4.843,346.5
1653.2866,4.837,341.8
1652.88,4.85,340.8
1640.314,4.853,338.0
1760.1057,4.779,368.3
1739.6508,4.827,360.4
1669.5864,4.824,346.1
1677.4065,4.841,346.5
1653.6856,4.841,341.6
1635.0039,4.833,338.3
1692.978,4.844,349.5
1636.3472,4.847,337.6
1673.5337,4.841,345.7
1757.3938,4.799,366.2
1690.8264,4.842,349.2
1636.64,4.825,339.2
1668.069,4.842,344.5
1670.2161,4.837,345.3
1652.7648,4.827,342.4
1669.0374,4.842,344.7
1680.6582,4.842,347.1
1769.28,4.8,368.6
1653.309,4.83,342.3
1651.6062,4.842,341.1
1650.207,4.845,340.6
1658.8885,4.835,343.1
1668.8308,4.826,345.8
1722.6504,4.824,357.1
1694.847,4.83,350.9
1702.4115,4.805,354.3
1903.0374,4.741,401.4
1696.0278,4.821,351.8
1732.5446,4.822,359.3
1707.726,4.82,354.3
1700.978,4.82,352.9
1679.2556,4.831,347.6
1649.2185,4.835,341.1
1663.935,4.83,344.5
1729.3202,4.801,360.2
1774.7565,4.785,370.9
1716.191,4.814,356.5
1677.0645,4.815,348.3
1734.9556,4.822,359.8
1688.6502,4.833,349.4
1687.0872,4.812,350.6
1693.9665,4.833,350.5
1709.6256,4.824,354.4
1831.758,4.764,384.5
1652.0608,4.832,341.9
1682.868,4.84,347.7
1666.691,4.838,344.5
1710.945,4.825,354.6
1665.384,4.83,344.8
1714.5504,4.827,355.2
1676.6288,4.829,347.2
1776.5192,4.804,369.8
1739.2914,4.806,361.9
1663.0057,4.847,343.1
1669.447,4.846,344.5
1655.28,4.84,342.0
1661.6333,4.843,343.1
1663.4904,4.847,343.2
1687.0885,4.841,348.5
1645.6076,4.823,341.2
1878.296,4.76,394.6
1686.3442,4.814,350.3
1725.4017,4.829,357.3
1674.981,4.834,346.5
1668.42,4.836,345.0
1659.6961,4.843,342.7
1636.7876,4.844,337.9
1669.149,4.855,343.8
1663.3794,4.834,344.1
1724.0166,4.813,358.2
1627.2868,4.846,335.8
1645.666,4.826,341.0
1692.2592,4.824,350.8
1722.7563,4.827,356.9
1670.1888,4.816,346.8
1672.4966,4.838,345.7
1646.3714,4.838,340.3
1752.4344,4.792,365.7
1672.6248,4.851,344.8
1657.5584,4.841,342.4
1642.7367,4.833,339.9
1678.8624,4.848,346.3
1681.4243,4.847,346.9
1631.6608,4.816,338.8
1656.1284,4.834,342.6
1708.5588,4.836,353.3
1835.3316,4.782,383.8
1650.9787,4.843,340.9
1686.3915,4.839,348.5
1646.4048,4.831,340.8
1656.5902,4.841,342.2
1678.5604,4.829,347.6
1695.5457,4.821,351.7
1676.396,4.82,347.8
1825.6738,4.778,382.1
1719.5962,4.802,358.1
1747.6952,4.804,363.8
1728.0934,4.819,358.6
1708.9239,4.799,356.1
1686.7818,4.818,350.1
1731.3208,4.828,358.6
1662.8206,4.838,343.7
1685.67,4.83,349.0
1757.847,4.795,366.6
1656.248,4.84,342.2
1682.361,4.815,349.4
1686.036,4.82,349.8
1757.0074,4.819,364.6
1711.9371,4.821,355.1
1719.6507,4.821,356.7
1709.112,4.828,354.0
1843.6275,4.775,386.1
1701.4248,4.824,352.7
1658.4435,4.845,342.3
1690.5315,4.837,349.5
1647.3923,4.841,340.3
1697.122,4.82,352.1
1667.2458,4.827,345.4
1679.1955,4.835,347.3
1681.4578,4.829,348.2
1833.216,4.774,384.0
1650.6932,4.828,341.9
1639.4455,4.829,339.5
1665.1638,4.842,343.9
1666.336,4.844,344.0
1650.4695,4.833,341.5
1672.91,4.835,346.0
1670.2161,4.837,345.3
1749.02,4.805,364.0
1732.9189,4.799,361.1
1680.1008,4.839,347.2
1678.209,4.81,348.9
1679.3133,4.827,347.9
1654.275,4.83,342.5
1672.7724,4.836,345.9
1671.7347,4.833,345.9
1654.8354,4.826,342.9
1758.2642,4.774,368.3
1641.8727,4.839,339.3
1665.0643,4.853,343.1
1653.0764,4.852,340.7
1628.428,4.835,336.8
1651.6062,4.842,341.1
1683.985,4.846,347.5
1651.5975,4.825,342.3
1703.8287,4.809,354.3
1775.6976,4.794,370.4
1686.7818,4.818,350.1
1669.5123,4.821,346.3
1664.3496,4.827,344.8
1710.0096,4.836,353.6
1673.602,4.837,346.0
1624.56,4.835,336.0
1650.94,4.85,340.4
1768.3836,4.782,369.8
1636.258,4.841,338.0
1627.0996,4.844,335.9
1622.0328,4.839,335.2
1700.3376,4.836,351.6
1704.9622,4.819,353.8
1691.513,4.826,350.5
1720.6475,4.813,357.5
1738.9222,4.801,362.2
1812.8901,4.767,380.3
1703.6008,4.807,354.4
1665.6575,4.835,344.5
1657.3875,4.825,343.5
1698.3162,4.833,351.4
1662.54,4.84,343.5
1675.663,4.829,347.0
1716.099,4.807,357.0
1860.0165,4.751,391.5
1716.208,4.81,356.8
1690.3296,4.824,350.4
1673.672,4.84,345.8
1712.557,4.835,354.2
1685.8039,4.829,349.1
1698.448,4.832,351.5
1678.9654,4.826,347.9
1747.473,4.81,363.3
1868.322,4.754,393.0
1695.843,4.815,352.2
1674.1984,4.822,347.2
1675.7988,4.828,347.1
1685.554,4.82,349.7
1661.0669,4.847,342.7
1633.1172,4.836,337.7
1676.8545,4.845,346.1
1754.6074,4.823,363.8
1648.762,4.828,341.5
1636.6954,4.838,338.3
1674.3597,4.849,345.3
1666.6256,4.828,345.2
1677.8814,4.834,347.1
1708.2416,4.831,353.6
1674.6806,4.822,347.3
1681.7268,4.827,348.4
1837.0891,4.763,385.7
1675.7988,4.828,347.1
1692.8162,4.838,349.9
1653.4496,4.829,342.4
1643.6126,4.837,339.8
1649.1035,4.829,341.5
1663.8336,4.848,343.2
1628.889,4.845,336.2
1750.54,4.796,365.0
1688.6174,4.826,349.9
1689.0804,4.837,349.2
1663.935,4.823,345.0
1677.035,4.826,347.5
1685.0528,4.831,348.8
1680.0091,4.829,347.9
1688.4345,4.831,349.5
1670.6304,4.834,345.6
1780.4916,4.794,371.4
1630.5527,4.837,337.1
1619.3512,4.831,335.2
1649.4341,4.847,340.3
1642.1636,4.847,338.8
1617.9765,4.837,334.5
1626.5356,4.838,336.2
1694.9959,4.847,349.7
1772.1466,4.813,368.2
1728.5975,4.795,360.5
1664.6796,4.842,343.8
1635.7766,4.831,338.6
1684.7566,4.826,349.1
1729.1692,4.822,358.6
1692.4725,4.815,351.5
1711.2004,4.823,354.8
1673.694,4.815,347.6
1806.1032,4.773,378.4
1669.1802,4.834,345.3
1690.4154,4.827,350.2
1698.6676,4.834,351.4
1707.696,4.824,354.0
1710.3344,4.826,354.4
1726.276,4.822,358.0
1687.3866,4.806,351.1
1727.8737,4.809,359.3
1729.0665,4.815,359.1
1729.404,4.824,358.5
1702.3896,4.824,352.9
1674.7368,4.818,347.6
1673.3848,4.828,346.6
1688.3478,4.806,351.3
1736.646,4.804,361.5
1746.6377,4.813,362.9
1901.058,4.729,402.0
1677.8184,4.838,346.8
1664.3462,4.834,344.3
1639.8748,4.826,339.8
1673.602,4.837,346.0
1662.056,4.84,343.4
1639.404,4.836,339.0
1688.2101,4.847,348.3
1684.4574,4.821,349.4
1728.8351,4.793,360.7
1690.5478,4.826,350.3
1665.384,4.83,344.8
1710.8469,4.837,353.7
1662.817,4.81,345.7
1665.4526,4.826,345.1
1682.6373,4.831,348.3
1651.2358,4.831,341.8
1808.2204,4.766,379.4
1650.7527,4.831,341.7
1654.0272,4.842,341.6
1624.7483,4.837,335.9
1648.3372,4.831,341.2
1644.2182,4.826,340.7
1646.9082,4.841,340.2
1698.4032,4.836,351.2
1694.6206,4.817,351.8
1791.086,4.789,374.0
1658.5454,4.834,343.1
1685.1521,4.841,348.1
1671.3169,4.829,346.1
1643.1108,4.827,340.4
1679.2698,4.838,347.1
1644.4877,4.841,339.7
1652.9159,4.843,341.3
1805.2792,4.786,377.2
1642.9872,4.848,338.9
1636.986,4.836,338.5
1642.0028,4.828,340.1
1672.22,4.84,345.5
1698.1842,4.834,351.3
1657.8738,4.818,344.1
1694.9331,4.833,350.7
1652.4224,4.826,342.4
1796.324,4.78,375.8
1678.5009,4.833,347.3
1664.5391,4.843,343.7
1644.7761,4.839,339.9
1656.6264,4.827,343.2
1669.3016,4.819,346.4
1701.3048,4.836,351.8
1667.383,4.826,345.5
1738.1748,4.791,362.8
1728.3483,4.813,359.1
1733.509,4.822,359.5
1717.7,4.825,356.0
1722.696,4.812,358.0
1662.1965,4.839,343.5
1682.5203,4.839,347.7
1664.6913,4.821,345.3
1688.9458,4.838,349.1
1829.2106,4.781,382.6
1699.7218,4.837,351.4
1676.9312,4.816,348.2
1722.1029,4.809,358.1
1709.0716,4.817,354.8
1725.2246,4.811,358.6
1745.4308,4.811,362.8
1706.634,4.821,354.0
1811.2556,4.774,379.4
1705.991,4.826,353.5
1682.1108,4.842,347.4
1623.8579,4.843,335.3
1624.2646,4.837,335.8
1657.015,4.838,342.5
1642.8906,4.842,339.3
1702.976,4.838,352.0
1663.4527,4.823,344.9
1868.0112,4.752,393.1
1663.59,4.822,345.0
1734.0939,4.829,359.1
1691.8635,4.827,350.5
1664.1954,4.842,343.7
1642.2534,4.833,339.8
1678.1536,4.832,347.3
1683.8172,4.833,348.4
1767.879,4.791,369.0
1710.9786,4.794,356.9
1690.7694,4.846,348.9
1639.6467,4.841,338.7
1652.7127,4.817,343.1
1725.5072,4.832,357.1
1685.4548,4.828,349.1
1657.9419,4.821,343.9
1700.2494,4.833,351.8
1850.726,4.765,388.4
1631.329,4.835,337.4
1634.0051,4.853,336.7
1659.384,4.852,342.0
1628.2377,4.833,336.9
1662.056,4.84,343.4
1680.7212,4.838,347.4
1661.7976,4.828,344.2
1772.1743,4.817,367.9
1708.088,4.798,356.0
1686.2044,4.826,349.4
1663.246,4.828,344.5
1660.3524,4.821,344.4
1694.8004,4.834,350.6
1676.01,4.83,347.0
1657.3128,4.829,343.2
1658.3012,4.846,342.2
1801.0296,4.776,377.1
1626.9442,4.858,334.9
1615.8208,4.832,334.4
1641.5334,4.838,339.3
1689.3738,4.842,348.9
1687.5264,4.816,350.4
1708.3066,4.823,354.2
1702.9376,4.816,353.6
1769.4654,4.794,369.1
1821.8475,4.763,382.5
1696.6152,4.809,352.8
1728.714,4.81,359.4
1708.4628,4.818,354.6
1675.9478,4.834,346.7
1673.8084,4.846,345.4
1674.4318,4.838,346.1
1688.4846,4.827,349.8
1765.0362,4.782,369.1
1733.04,4.814,360.0
1704.834,4.82,353.7
1714.9745,4.835,354.7
1685.321,4.829,349.0
1647.5964,4.826,341.4
1684.4075,4.825,349.1
1698.1216,4.816,352.6
1704.284,4.828,353.0
1697.8019,4.811,352.9
1693.0838,4.814,351.7
1725.024,4.832,357.0
1668.3482,4.826,345.7
1657.044,4.824,343.5
1698.84,4.84,351.0
1661.868,4.824,344.5
1632.6786,4.839,337.4
1634.9049,4.827,338.7
1670.5614,4.838,345.3
1669.5255,4.835,345.3
1647.536,4.84,340.4
1667.2404,4.841,344.4
1643.56,4.834,340.0
1655.5968,4.824,343.2
1668.744,4.816,346.5
1713.7818,4.833,354.6
1700.6012,4.834,351.8
1674.3333,4.821,347.3
1659.8,4.825,344.0
1699.324,4.84,351.1
1680.1785,4.849,346.5
1647.03,4.83,341.0
1650.2592,4.848,340.4
1663.4658,4.854,342.7
1655.4486,4.849,341.4
1618.758,4.835,334.8
1643.2786,4.846,339.1
1685.3019,4.847,347.7
1674.294,4.839,346.0
1624.0068,4.842,335.4
1643.5604,4.817,341.2
1707.7926,4.827,353.8
1704.637,4.829,353.0
1681.9136,4.822,348.8
1680.4823,4.811,349.3
1702.6659,4.833,352.3
1649.9862,4.833,341.4
1631.9148,4.854,336.2
1640.7104,4.837,339.2
1636.1565,4.845,337.7
1637.1255,4.845,337.9
1661.149,4.843,343.0
1634.468,4.84,337.7
1667.9932,4.846,344.2
1621.4,4.84,335.0
1642.88,4.832,340.0
1719.6849,4.813,357.3
1714.7942,4.802,357.1
1724.3748,4.814,358.2
1731.9555,4.815,359.7
1733.5214,4.814,360.1
1703.931,4.827,353.0
1688.1348,4.826,349.8
1678.135,4.825,347.8
1690.111,4.822,350.5
1695.018,4.836,350.5
1697.1303,4.831,351.3
1685.0232,4.824,349.3
1723.7813,4.811,358.3
1726.1775,4.815,358.5
1693.3966,4.819,351.4
1717.7422,4.817,356.6
1684.5408,4.824,349.2
1681.4007,4.833,347.9
1727.4744,4.824,358.1
1674.7712,4.832,346.6
1680.8958,4.826,348.3
1690.5854,4.811,351.4
1686.8754,4.839,348.6
1644.9555,4.831,340.5
1714.5504,4.827,355.2
1668.412,4.822,346.0
1679.679,4.835,347.4
1662.9,4.82,345.0
1688.568,4.83,349.6
1628.66,4.84,336.5
1681.2864,4.848,346.8
1668.2086,4.841,344.6
1668.9711,4.839,344.9
1673.2565,4.843,345.5
1649.9862,4.833,341.4
1687.1456,4.837,348.8
1646.007,4.827,341.0
1661.864,4.831,344.0
1679.3392,4.816,348.7
1664.28,4.824,345.0
1680.2787,4.827,348.1
1707.1575,4.843,352.5
1692.9147,4.819,351.3
1664.0548,4.843,343.6
1636.7924,4.834,338.6
1679.6169,4.839,347.1
1654.3359,4.833,342.3
1661.9932,4.837,343.6
1650.9528,4.833,341.6
1657.0464,4.848,341.8
1635.4872,4.833,338.4
1666.3185,4.851,343.5
1655.7051,4.837,342.3
1657.3214,4.822,343.7
1671.9984,4.824,346.6
1716.5224,4.838,354.8
1674.95,4.82,347.5
1698.4032,4.836,351.2
1677.2615,4.835,346.9
1625.527,4.835,336.2
1645.8465,4.845,339.7
1672.4201,4.849,344.9
1644.2959,4.849,339.1
1648.6473,4.839,340.7
1631.564,4.84,337.1
1672.215,4.847,345.0
1663.1472,4.846,343.2
1652.6851,4.831,342.1
1677.5738,4.822,347.9
1735.3219,4.819,360.1
1716.0,4.8,357.5
1693.694,4.798,353.0
1690.812,4.824,350.5
1760.03,4.822,365.0
1667.5098,4.818,346.1
1673.188,4.84,345.7
1677.17,4.825,347.6
1676.1459,4.829,347.1
1682.6373,4.831,348.3
1668.2813,4.837,344.9
1705.4352,4.834,352.8
1694.6675,4.835,350.5
1663.66,4.825,344.8
1682.6248,4.813,349.6
1740.2616,4.818,361.2
1686.3442,4.814,350.3
1726.7428,4.826,357.8
1700.8684,4.802,354.2
1709.4975,4.825,354.3
1694.2688,4.816,351.8
1666.6245,4.835,344.7
1657.7589,4.843,342.3
1683.5004,4.846,347.4
1651.7189,4.831,341.9
1661.0669,4.847,342.7
1634.3754,4.834,338.1
1664.3184,4.848,343.3
1645.501,4.81,342.1
1665.2457,4.831,344.7
1656.2903,4.819,343.7
1672.6164,4.823,346.8
1719.2256,4.832,355.8
1675.0844,4.819,347.6
1699.626,4.845,350.8
1647.052,4.84,340.3
1679.1955,4.835,347.3
1672.91,4.835,346.0
1653.912,4.836,342.0
1644.7324,4.846,339.4
1664.1425,4.825,344.9
1662.7565,4.835,343.9
1662.555,4.819,345.0
1710.6888,4.827,354.4
1649.185,4.825,341.8
1675.678,4.843,346.0
1653.4284,4.836,341.9
1663.452,4.83,344.4
1680.1785,4.849,346.5
1641.3384,4.836,339.4
1630.5082,4.834,337.3
1656.306,4.843,342.0
1647.3923,4.841,340.3
1644.6699,4.833,340.3
1670.6208,4.848,344.6
1637.9532,4.836,338.7
1634.568,4.836,338.0
1665.8516,4.844,343.9
1688.192,4.84,348.8
1672.2827,4.829,346.3
1669.8708,4.836,345.3
1644.2182,4.826,340.7
1676.357,4.831,347.0
1681.5525,4.839,347.5
1624.6653,4.831,336.3
1703.4598,4.838,352.1
1629.5614,4.847,336.2
1673.3262,4.839,345.8
1692.3834,4.834,350.1
1683.7093,4.823,349.1
1680.9174,4.833,347.8
1712.2922,4.822,355.1
1711.8354,4.818,355.3
1682.7564,4.812,349.7
1699.8234,4.814,353.1
1697.1732,4.827,351.6
1710.0776,4.828,354.2
1674.844,4.835,346.4
1659.5122,4.834,343.3
1648.735,4.835,341.0
1689.6288,4.822,350.4
1683.144,4.82,349.2
1675.1178,4.833,346.6
1687.6293,4.837,348.9
1710.436,4.81,355.6
1711.0215,4.813,355.5
1712.5908,4.812,355.9
1740.258,4.81,361.8
1698.0579,4.809,353.1
1716.9085,4.835,355.1
1663.8517,4.841,343.7
1648.3605,4.841,340.5
1645.6365,4.833,340.5
1638.579,4.845,338.2
1675.401,4.845,345.8
1634.3273,4.831,338.3
1688.2101,4.847,348.3
1656.1437,4.827,343.1
1665.867,4.83,344.9
1693.926,4.826,351.0
1708.854,4.83,353.8
1688.8824,4.824,350.1
1701.7396,4.829,352.4
1647.396,4.824,341.5
1693.4832,4.833,350.4
1678.8588,4.841,346.8
1645.94,4.841,340.0
1687.6496,4.844,348.4
1642.0172,4.838,339.4
1648.8774,4.834,341.1
1653.1682,4.831,342.2
1657.216,4.84,342.4
1698.3064,4.844,350.6
1647.513,4.83,341.1
1664.0019,4.833,344.3
1680.0264,4.836,347.4
1660.8978,4.831,343.8
1692.4136,4.841,349.6
1651.892,4.84,341.3
1646.0311,4.837,340.3
1652.4316,4.843,341.2
1652.88,4.85,340.8
1632.0038,4.837,337.4
1633.1172,4.836,337.7
1665.9139,4.847,343.7
1669.1105,4.831,345.5
1671.872,4.832,346.0
1647.7845,4.845,340.1
1647.1719,4.829,341.1
1655.1616,4.834,342.4
1698.4401,4.843,350.7
1681.613,4.835,347.8
1647.3923,4.841,340.3
1681.6266,4.842,347.3
1645.6908,4.836,340.3
1669.3821,4.843,344.7
1693.0836,4.836,350.1
1677.6084,4.836,346.9
1668.412,4.822,346.0
1688.1822,4.822,350.1
1724.7712,4.834,356.8
1687.2636,4.818,350.2
1719.2175,4.809,357.5
1700.658,4.815,353.2
1705.4441,4.819,353.9
1695.204,4.805,352.8
1753.9872,4.816,364.2
1694.54,4.825,351.2
1680.0264,4.836,347.4
1677.2259,4.821,347.9
1658.8885,4.835,343.1
1651.3518,4.837,341.4
1658.3525,4.825,343.7
1655.1144,4.824,343.1
1733.5164,4.818,359.8
1701.297,4.81,353.7
1714.3002,4.806,356.7
1711.1848,4.804,356.2
1725.024,4.832,357.0
1678.908,4.83,347.6
1635.675,4.825,339.0
1646.62,4.843,340.0
1660.5232,4.844,342.8
1662.864,4.848,343.0
1634.4223,4.837,337.9
1675.678,4.843,346.0
1661.8944,4.848,342.8
1681.5125,4.825,348.5
1704.2546,4.817,353.8
1680.646,4.835,347.6
1656.6264,4.827,343.2
1737.2373,4.827,359.9
1704.0285,4.815,353.9
1677.8235,4.845,346.3
1634.7608,4.828,338.6
1695.8522,4.837,350.6
1651.7492,4.841,341.2
1647.768,4.835,340.8
1677.5467,4.847,346.1
1626.5356,4.838,336.2
1668.8978,4.843,344.6
1626.576,4.841,336.0
1670.6304,4.834,345.6
1691.4989,4.837,349.7
1709.972,4.84,353.3
1644.5268,4.834,340.2
1662.552,4.833,344.0
1703.5479,4.841,351.9
1661.9932,4.837,343.6
1638.8554,4.823,339.8
1678.6491,4.839,346.9
1680.246,4.845,346.8
1635.582,4.839,338.0
1673.463,4.845,345.4
1657.8731,4.849,341.9
1633.7465,4.835,337.9
1636.1565,4.845,337.7
1640.2248,4.847,338.4
1665.66,4.828,345.0
1667.04,4.832,345.0
1673.112,4.83,346.4
1648.1377,4.829,341.3
1681.5525,4.839,347.5
1670.976,4.835,345.6
1710.035,4.817,355.0
1682.5024,4.832,348.2
1659.3836,4.828,343.7
1668.2112,4.827,345.6
1710.6888,4.827,354.4
1697.5656,4.824,351.9
1690.8069,4.813,351.3
1714.3906,4.813,356.2
1733.4,4.815,360.0
1734.244,4.804,361.0
1704.436,4.808,354.5
1673.022,4.82,347.1
1681.9,4.84,347.5
1689.9134,4.838,349.3
1677.9217,4.823,347.9
1654.8983,4.829,342.7
1673.256,4.836,346.0
1648.3608,4.824,341.7
1676.7644,4.828,347.3
1741.7052,4.814,361.8
1709.6361,4.801,356.1
1714.2028,4.799,357.2
1701.4248,4.824,352.7
1672.8384,4.832,346.2
1655.1006,4.831,342.6
1639.792,4.84,338.8
1639.1088,4.848,338.1
1672.8384,4.832,346.2
1657.3128,4.829,343.2
1661.8944,4.848,342.8
1647.5697,4.833,340.9
1640.5544,4.828,339.8
1639.065,4.835,339.0
1642.3732,4.822,340.6
1722.1476,4.828,356.7
1662.4832,4.816,345.2
1700.3376,4.836,351.6
1701.7396,4.829,352.4
1652.4838,4.829,342.2
1650.5522,4.829,341.8
1670.2161,4.837,345.3
1646.1862,4.846,339.7
1644.1985,4.843,339.5
1653.2572,4.844,341.3
1677.8906,4.841,346.6
1669.3068,4.847,344.4
1636.404,4.84,338.1
1639.1583,4.831,339.3
1708.7247,4.831,353.7
1667.028,4.818,346.0
1682.6922,4.827,348.6
1687.437,4.842,348.5
1657.5161,4.831,343.1
1724.1839,4.831,356.9
1651.4361,4.833,341.7
1667.9292,4.843,344.4
1660.0388,4.844,342.7
1632.54,4.83,338.0
1656.1636,4.844,341.9
1673.94,4.852,345.0
1616.5254,4.837,334.2
1644.0536,4.844,339.4
1610.532,4.851,332.0
1638.4797,4.829,339.3
1680.646,4.835,347.6
1682.96,4.825,348.8
1689.9344,4.816,350.9
1652.4027,4.833,341.9
1746.0378,4.814,362.7
1703.1883,4.829,352.7
1710.4724,4.802,356.2
1679.2062,4.817,348.6
1683.547,4.835,348.2
1680.646,4.835,347.6
1691.8162,4.831,350.2
1719.0212,4.826,356.2
1693.5061,4.807,352.3
1688.661,4.811,351.0
1759.1515,4.813,365.5
1746.0462,4.822,362.1
1708.9488,4.833,353.6
1699.8846,4.821,352.6
1677.035,4.826,347.5
1683.891,4.818,349.5
1650.6932,4.828,341.9
1656.207,4.83,342.9
1663.935,4.823,345.0
1708.3861,4.811,355.1
1734.831,4.795,361.8
1738.092,4.82,360.6
1710.0087,4.821,354.7
1686.5021,4.831,349.1
1678.7214,4.842,346.7
1673.1183,4.837,345.9
1632.1041,4.833,337.7
1664.8828,4.844,343.7
1671.1695,4.851,344.5
1622.852,4.84,335.3
1652.544,4.832,342.0
1683.985,4.846,347.5
1660.1455,4.819,344.5
1687.3344,4.832,349.2
1690.2828,4.828,350.1
1661.179,4.822,344.5
1707.4388,4.826,353.8
1714.1034,4.838,354.3
1678.5604,4.829,347.6
1654.4154,4.829,342.6
1683.7597,4.837,348.1
1662.208,4.832,344.0
1647.8764,4.841,340.4
1654.1697,4.841,341.7
1649.6151,4.839,340.9
1688.9067,4.849,348.3
1663.508,4.84,343.7
1625.3379,4.833,336.3
1681.03,4.825,348.4
1673.9415,4.831,346.5
1661.0412,4.823,344.4
1676.9879,4.837,346.7
1673.877,4.835,346.2
1633.6936,4.822,338.8
1684.0476,4.842,347.8
1684.8797,4.843,347.9
1643.3087,4.829,340.3
1633.5,4.84,337.5
1666.8833,4.847,343.9
1615.6719,4.833,334.3
1653.9536,4.856,340.6
1653.365,4.85,340.9
1627.2711,4.833,336.7
1621.6976,4.838,335.2
1697.9196,4.836,351.1
1694.4011,4.837,350.3
1670.0031,4.803,347.7
1721.182,4.828,356.5
1685.988,4.824,349.5
1752.7774,4.814,364.1
1691.338,4.82,350.9
1694.6206,4.817,351.8
1672.2827,4.829,346.3
1679.3133,4.827,347.9
1676.1524,4.811,348.4
1665.1075,4.825,345.1
1679.8901,4.837,347.3
1673.1846,4.833,346.2
1700.9424,4.824,352.6
1721.0775,4.825,356.7
1711.0422,4.809,355.8
1725.4494,4.817,358.2
1676.01,4.83,347.0
1661.306,4.835,343.6
1693.881,4.83,350.7
1681.0827,4.821,348.7
1683.1402,4.838,347.9
1678.8219,4.809,349.1
1712.9013,4.821,355.3
1703.547,4.815,353.8
1706.3592,4.808,354.9
1675.1046,4.826,347.1
1697.787,4.837,351.0
1669.8184,4.808,347.3
1667.52,4.825,345.6
1699.191,4.841,351.0
1650.7527,4.831,341.7
1653.168,4.848,341.0
1623.363,4.83,336.1
1651.6062,4.842,341.1
1675.9536,4.848,345.7
1626.0704,4.828,336.8
1687.9212,4.842,348.6
1654.7104,4.844,341.6
1648.9837,4.823,341.9
1696.4536,4.814,352.4
1690.0652,4.826,350.2
1704.6725,4.825,353.3
1676.4748,4.823,347.6
1659.9789,4.841,342.9
1674.7712,4.832,346.6
1620.9521,4.843,334.7
1637.853,4.83,339.1
1661.2287,4.839,343.3
1633.439,4.847,337.0
1666.8833,4.847,343.9
1655.5636,4.838,342.2
1632.5753,4.843,337.1
1711.0704,4.839,353.6
1668.2112,4.827,345.6
1643.395,4.825,340.6
1678.6368,4.832,347.4
1707.6831,4.839,352.9
1665.1626,4.814,345.9
1697.3376,4.844,350.4
1634.468,4.84,337.7
1640.8035,4.833,339.5
1633.734,4.845,337.2
1659.8692,4.852,342.1
1616.1912,4.836,334.2
1644.2478,4.846,339.3
1677.4772,4.844,346.3
1655.8217,4.843,341.9
1615.9316,4.828,334.7
1703.3705,4.835,352.3
1663.4527,4.823,344.9
1659.4485,4.831,343.5
1734.486,4.81,360.6
1704.2546,4.817,353.8
1728.0809,4.823,358.3
1678.4828,4.826,347.8
1677.459,4.83,347.3
1690.9438,4.823,350.6
1671.38,4.825,346.4
1700.7738,4.829,352.2
1656.2691,4.833,342.7
1675.316,4.828,347.0
1672.3836,4.814,347.4
1680.3504,4.812,349.2
1742.912,4.82,361.6
1710.1616,4.816,355.1
1705.0847,4.799,355.3
1721.4864,4.814,357.6
1670.2049,4.823,346.3
1683.7914,4.826,348.9
1695.452,4.84,350.3
1681.1424,4.842,347.2
1690.7995,4.835,349.7
1699.9388,4.828,352.1
1652.4838,4.829,342.2
1653.4638,4.822,342.9
1724.2044,4.827,357.2
1673.0784,4.816,347.4
1702.1403,4.837,351.9
1654.3528,4.826,342.8
1695.4164,4.833,350.8
1676.9928,4.844,346.2
1646.7456,4.832,340.8
1677.753,4.842,346.5
1638.8703,4.833,339.1
1651.636,4.835,341.6
1657.8592,4.832,343.1
1669.8708,4.836,345.3
1652.4027,4.833,341.9
1636.9584,4.816,339.9
1660.8345,4.821,344.5
1681.03,4.825,348.4
1706.0099,4.837,352.7
1668.5324,4.814,346.6
1667.4476,4.822,345.8
1676.1459,4.829,347.1
1642.696,4.84,339.4
1666.6013,4.849,343.7
1652.2884,4.844,341.1
1624.491,4.842,335.5
1622.7738,4.834,335.7
1639.9318,4.849,338.2
1668.1968,4.848,344.1
1622.5856,4.832,335.8
1660.1355,4.833,343.5
1711.9776,4.832,354.3
1670.9586,4.821,346.6
1679.815,4.834,347.5
1664.6913,4.821,345.3
1639.535,4.825,339.8
1648.3372,4.831,341.2
1654.3877,4.853,340.9
1627.2711,4.833,336.7
1630.8455,4.835,337.3
1659.3534,4.842,342.7
1674.6385,4.847,345.5
1643.859,4.842,339.5
1632.532,4.84,337.3
1661.2674,4.849,342.6
1628.7406,4.846,336.1
1696.1641,4.831,351.1
1704.7905,4.809,354.5
1717.2784,4.813,356.8
1738.4526,4.821,360.6
1693.2134,4.813,351.8
1689.5826,4.826,350.1
1691.9956,4.826,350.6
1672.193,4.819,347.0
1669.2487,4.837,345.1
1685.8296,4.836,348.6
1692.8289,4.827,350.7
1655.0205,4.835,342.3
1682.1726,4.838,347.7
1681.861,4.826,348.5
1719.5038,4.826,356.3
1729.2927,4.821,358.7
1698.3792,4.814,352.8
1694.6916,4.809,352.4
1731.9555,4.815,359.7
1714.3703,4.817,355.9
1672.209,4.826,346.5
1694.1389,4.817,351.7
1665.8628,4.837,344.4
1664.1425,4.825,344.9
1661.9153,4.841,343.3
1660.3218,4.842,342.9
1634.6142,4.839,337.8
1666.0677,4.839,344.3
1648.3608,4.824,341.7
1695.813,4.83,351.1
1699.8475,4.825,352.3
1709.7858,4.834,353.7
1657.598,4.82,343.9
1701.0408,4.838,351.6
1649.6675,4.825,341.9
1653.1072,4.828,342.4
1678.439,4.837,347.0
1669.8682,4.829,345.8
1661.5854,4.833,343.8
