1675.7468,4.846,345.8
1745.4308,4.811,362.8
1668.832,4.84,344.8
1705.3728,4.812,354.4
1665.7272,4.824,345.3
1792.0438,4.789,374.2
1718.9704,4.834,355.6
1673.2565,4.843,345.5
1667.0375,4.825,345.5
1659.755,4.846,342.5
1720.595,4.825,356.6
1644.58,4.837,340.0
1786.8242,4.802,372.1
1662.056,4.84,343.4
1748.7985,4.811,363.5
1641.5328,4.848,338.6
1764.4458,4.813,366.6
1610.8378,4.849,332.2
1733.8459,4.831,358.9
1624.3792,4.846,335.2
1775.0344,4.813,368.8
1623.2603,4.847,334.9
1760.6896,4.808,366.2
1688.5162,4.834,349.3
1703.2912,4.817,353.6
1719.9011,4.819,356.9
1634.3656,4.844,337.4
1776.4446,4.809,369.4
1628.0664,4.857,335.2
1712.841,4.81,356.1
1679.83,4.855,346.0
1736.2845,4.803,361.5
1637.4634,4.846,337.9
1765.296,4.784,369.0
1686.8754,4.839,348.6
1817.7524,4.766,381.4
1734.236,4.82,359.8
1826.2377,4.767,383.1
1672.5555,4.827,346.5
1736.592,4.84,358.8
1703.6008,4.807,354.4
1707.51,4.844,352.5
1813.559,4.765,380.6
1714.295,4.829,355.0
1853.8332,4.773,388.4
1679.1955,4.835,347.3
1779.6212,4.802,370.6
1677.9532,4.858,345.4
1785.233,4.79,372.7
1657.4524,4.828,343.3
1814.2254,4.797,378.2
1711.7088,4.819,355.2
1869.3264,4.776,391.4
1721.5146,4.833,356.2
1742.181,4.83,360.7
1718.9704,4.834,355.6
1675.8144,4.849,345.6
1744.358,4.82,361.9
1671.9426,4.842,345.3
1808.704,4.79,377.6
1664.0734,4.829,344.6
1810.4434,4.787,378.2
1682.9856,4.832,348.3
1798.5414,4.791,375.4
1645.6,4.84,340.0
1755.4742,4.799,365.8
1671.2456,4.847,344.8
1778.8848,4.813,369.6
1672.3546,4.846,345.1
1704.183,4.81,354.3
1699.3086,4.818,352.7
1719.0212,4.826,356.2
1780.764,4.787,372.0
1695.3685,4.837,350.5
1773.3667,4.789,370.3
1721.104,4.84,355.6
1782.9566,4.811,370.6
1678.135,4.825,347.8
1767.6162,4.802,368.1
1656.4728,4.852,341.4
1793.226,4.805,373.2
1628.9658,4.851,335.8
1748.4448,4.814,363.2
1654.0272,4.842,341.6
1753.8972,4.796,365.7
1711.7822,4.826,354.7
1719.4538,4.834,355.7
1751.8644,4.797,365.2
1664.0048,4.826,344.8
1771.68,4.8,369.1
1636.596,4.842,338.0
1781.9944,4.811,370.4
1641.1524,4.867,337.2
1740.739,4.81,361.9
1660.2792,4.866,341.2
1726.9044,4.813,358.8
1619.0811,4.849,333.9
1742.182,4.81,362.2
1623.2094,4.857,334.2
1781.8836,4.812,370.3
1620.2462,4.838,334.9
1778.406,4.83,368.2
1744.288,4.792,364.0
1709.9154,4.833,353.8
1772.1474,4.787,370.2
1698.0051,4.839,350.9
1704.0606,4.826,353.1
1645.116,4.84,339.9
1828.528,4.768,383.5
1724.5408,4.832,356.9
1790.235,4.806,372.5
1688.2698,4.843,348.6
1796.9084,4.802,374.2
1721.8442,4.838,355.9
1784.1149,4.787,372.7
1692.6732,4.806,352.2
1794.5577,4.797,374.1
1803.4642,4.799,375.8
1707.4464,4.807,355.2
1820.4098,4.783,380.6
1715.838,4.847,354.0
1755.9971,4.807,365.3
1653.7416,4.844,341.4
1798.3953,4.797,374.9
1723.9068,4.837,356.4
1786.1816,4.781,373.6
1721.7162,4.839,355.8
1747.7264,4.816,362.9
1666.662,4.852,343.5
1765.2938,4.814,366.7
1653.2866,4.837,341.8
1706.3445,4.827,353.5
1680.2183,4.813,349.1
1716.3792,4.824,355.8
1774.122,4.782,371.0
1697.3376,4.844,350.4
1837.6344,4.788,383.8
1628.9546,4.838,336.7
1785.6566,4.786,373.1
1646.3762,4.858,338.9
1771.4385,4.815,367.9
1671.1695,4.851,344.5
1760.094,4.809,366.0
1636.7688,4.854,337.2
1794.9172,4.789,374.8
1703.8368,4.824,353.2
1727.1405,4.815,358.7
1740.9816,4.824,360.9
1695.7136,4.816,352.1
1784.8391,4.807,371.3
1656.3628,4.846,341.8
1771.6653,4.813,368.1
1649.0976,4.856,339.6
1764.4484,4.796,367.9
1628.9658,4.851,335.8
1791.7845,4.805,372.9
1634.0844,4.836,337.9
1793.106,4.788,374.5
1641.3888,4.839,339.2
1776.8088,4.797,370.4
1694.35,4.841,350.0
1706.698,4.828,353.5
1649.6448,4.832,341.4
1662.8375,4.855,342.5
1719.4192,4.819,356.8
1620.7191,4.851,334.1
1831.9708,4.772,383.9
1659.2704,4.846,342.4
1769.9055,4.803,368.5
1624.4496,4.852,334.8
1784.275,4.79,372.5
1670.0058,4.842,344.9
1783.796,4.79,372.4
1672.2696,4.822,346.8
1790.6512,4.784,374.3
1732.175,4.825,359.0
1784.1684,4.791,372.4
1771.273,4.795,369.4
1706.4936,4.837,352.8
1787.0965,4.795,372.7
1672.564,4.834,346.0
1819.1784,4.776,380.9
1667.649,4.845,344.2
1860.9041,4.763,390.7
1737.5972,4.828,359.9
1705.689,4.798,355.5
1676.01,4.83,347.0
1821.5208,4.796,379.8
1699.808,4.829,352.0
1791.8915,4.795,373.7
1765.27,4.81,367.0
1776.4085,4.805,369.7
1734.2336,4.796,361.6
1707.378,4.845,352.4
1787.7846,4.802,372.3
1657.497,4.855,341.4
1763.2888,4.823,365.6
1655.6792,4.844,341.8
1797.4514,4.783,375.8
1676.9224,4.841,346.4
1845.9441,4.781,386.1
1621.018,4.865,333.2
1786.344,4.802,372.0
1702.533,4.845,351.4
1734.8331,4.823,359.7
1682.4775,4.825,348.7
1723.6775,4.835,356.5
1749.0043,4.801,364.3
1688.0019,4.827,349.7
1792.022,4.78,374.9
1676.1576,4.836,346.6
1767.8056,4.796,368.6
1658.5569,4.851,341.9
1782.252,4.791,372.0
1672.215,4.847,345.0
1761.5367,4.809,366.3
1634.9968,4.843,337.6
1828.2352,4.796,381.2
1663.992,4.84,343.8
1827.854,4.795,381.2
1706.8898,4.819,354.2
1723.2579,4.823,357.3
1698.55,4.853,350.0
1647.4444,4.844,340.1
1750.1244,4.812,363.7
1640.76,4.84,339.0
1813.6305,4.779,379.5
1673.3216,4.832,346.3
1841.6412,4.781,385.2
1662.9804,4.854,342.6
1796.6772,4.822,372.6
1652.9159,4.843,341.3
1749.02,4.805,364.0
1673.8446,4.863,344.2
1746.5192,4.814,362.8
1697.8324,4.807,353.2
1738.8078,4.826,360.3
1761.7882,4.811,366.2
1732.1853,4.821,359.3
1750.9569,4.809,364.1
1667.4528,4.836,344.8
1770.274,4.804,368.5
1662.7632,4.828,344.4
1888.1883,4.743,398.1
1689.7227,4.843,348.9
1778.4655,4.795,370.9
1685.6945,4.837,348.5
1813.9485,4.795,378.3
1694.3604,4.819,351.6
1781.9772,4.798,371.4
1784.3814,4.789,372.6
1817.4054,4.794,379.1
1794.3461,4.799,373.9
1744.587,4.81,362.7
1782.0222,4.802,371.1
1699.4568,4.839,351.2
1775.9152,4.792,370.6
1720.8255,4.827,356.5
1842.525,4.75,387.9
1702.887,4.835,352.2
1841.196,4.765,386.4
1669.1664,4.848,344.3
1799.7896,4.802,374.8
1713.3948,4.836,354.3
1723.7563,4.819,357.7
1684.1656,4.834,348.4
