1638.7518,4.857,337.4
1627.7312,4.856,335.2
1627.0608,4.854,335.2
1641.3702,4.859,337.8
1654.9754,4.859,340.6
1654.8354,4.826,342.9
1685.0275,4.849,347.5
1748.7008,4.832,361.9
1702.6129,4.811,353.9
1672.0752,4.848,344.9
1642.8872,4.852,338.6
1630.827,4.845,336.6
1628.0664,4.857,335.2
1640.6149,4.841,338.9
1691.6328,4.836,349.8
1687.9514,4.831,349.4
1761.3736,4.802,366.8
1704.7668,4.828,353.1
1707.6288,4.832,353.4
1671.5973,4.841,345.3
1661.7744,4.842,343.2
1673.1176,4.844,345.4
1668.069,4.842,344.5
1676.716,4.846,346.0
1705.696,4.832,353.0
1781.295,4.782,372.5
1711.5543,4.839,353.7
1704.164,4.84,352.1
1704.7797,4.839,352.3
1691.6328,4.836,349.8
1672.3584,4.839,345.6
1660.64,4.85,342.4
1677.062,4.847,346.0
1767.3075,4.809,367.5
1669.248,4.83,345.6
1694.105,4.85,349.3
1695.6154,4.846,349.9
1677.2615,4.835,346.9
1670.9008,4.846,344.8
1678.8482,4.834,347.3
1661.853,4.838,343.5
1712.7984,4.848,353.3
1725.3376,4.814,358.4
1686.3326,4.843,348.2
1652.1984,4.848,340.8
1668.178,4.855,343.6
1626.0552,4.851,335.2
1660.7145,4.863,341.5
1657.9284,4.852,341.7
1638.34,4.84,338.5
1773.8157,4.811,368.7
1656.4096,4.832,342.8
1684.6065,4.845,347.7
1663.3676,4.841,343.6
1662.4608,4.844,343.2
1648.079,4.826,341.5
1694.046,4.854,349.0
1655.1612,4.851,341.2
1643.665,4.85,338.9
1740.249,4.83,360.3
1647.5844,4.863,338.8
1647.3929,4.861,338.9
1681.344,4.865,345.6
1636.0096,4.846,337.6
1645.5565,4.847,339.5
1691.4672,4.848,348.9
1693.6359,4.857,348.7
1788.6372,4.803,372.4
1713.0996,4.842,353.8
1628.63,4.85,335.8
1656.6702,4.854,341.3
1679.4755,4.861,345.5
1638.831,4.863,337.0
1642.3563,4.849,338.7
1665.8647,4.861,342.7
1624.698,4.86,334.3
1731.6,4.81,360.0
1664.7558,4.838,344.1
1660.488,4.827,344.0
1676.7842,4.849,345.8
1681.0774,4.846,346.9
1671.1074,4.827,346.2
1710.233,4.838,353.5
1663.3488,4.848,343.1
1762.0184,4.792,367.7
1665.4526,4.826,345.1
1676.2993,4.849,345.7
1668.744,4.851,344.0
1650.9906,4.853,340.2
1667.5711,4.849,343.9
1693.4864,4.822,351.2
1708.8866,4.826,354.1
1701.7396,4.829,352.4
1823.085,4.785,381.0
1711.59,4.835,354.0
1659.8692,4.852,342.1
1672.494,4.845,345.2
1675.124,4.84,346.1
1669.11,4.838,345.0
1718.684,4.84,355.1
1678.404,4.823,348.0
1781.401,4.79,371.9
1691.5998,4.818,351.1
1691.096,4.84,349.4
1676.7644,4.828,347.3
1693.5606,4.854,348.9
1632.7224,4.842,337.2
1661.6672,4.853,342.4
1662.462,4.861,342.0
1635.8625,4.847,337.5
1675.811,4.835,346.6
1628.66,4.84,336.5
1657.5161,4.831,343.1
1679.6898,4.842,346.9
1679.7536,4.838,347.2
1669.9389,4.839,345.1
1651.5975,4.825,342.3
1665.1793,4.859,342.7
1725.56,4.82,358.0
1657.959,4.845,342.2
1628.928,4.848,336.0
1641.7884,4.866,337.4
1655.1206,4.858,340.7
1617.528,4.84,334.2
1669.855,4.85,344.3
1656.5055,4.845,341.9
1673.4548,4.852,344.9
1798.6045,4.795,375.1
1639.8792,4.869,336.8
1643.356,4.862,338.0
1631.5786,4.853,336.2
1683.4304,4.864,346.1
1651.4759,4.853,340.3
1634.45,4.85,337.0
1677.5311,4.861,345.1
1661.4458,4.834,343.7
1719.7095,4.805,357.9
1662.8835,4.841,343.5
1690.922,4.852,348.5
1636.8408,4.837,338.4
1673.595,4.851,345.0
1667.3792,4.864,342.8
1632.3216,4.848,336.7
1644.624,4.86,338.4
1752.9156,4.821,363.6
1655.5595,4.865,340.3
1634.6785,4.855,336.7
1656.526,4.855,341.2
1609.6612,4.844,332.3
1682.1181,4.849,346.9
1702.575,4.83,352.5
1686.8512,4.832,349.1
1722.2148,4.812,357.9
1784.3145,4.803,371.5
1710.1944,4.842,353.2
1643.7142,4.843,339.4
1660.2609,4.839,343.1
1690.3614,4.849,348.6
1645.0224,4.844,339.6
1653.2572,4.844,341.3
1652.9448,4.836,341.8
1770.5727,4.797,369.1
1705.0592,4.822,353.6
1725.276,4.83,357.2
1725.6332,4.831,357.2
1659.2704,4.846,342.4
1662.4377,4.851,342.7
1661.7126,4.839,343.4
1653.85,4.85,341.0
1647.4551,4.827,341.3
1765.4076,4.796,368.1
1708.9446,4.818,354.7
1706.2715,4.835,352.9
1668.2813,4.837,344.9
1680.4549,4.847,346.7
1681.323,4.83,348.1
1624.1148,4.851,334.8
1666.8636,4.854,343.4
1740.858,4.809,362.0
1649.3892,4.854,339.8
1640.25,4.86,337.5
1679.4106,4.858,345.7
1655.28,4.84,342.0
1663.3488,4.848,343.1
1661.2475,4.825,344.3
1672.0128,4.838,345.6
1666.336,4.844,344.0
1789.4052,4.818,371.4
1641.2625,4.863,337.5
1626.156,4.86,334.6
1615.474,4.844,333.5
1644.6817,4.853,338.9
1616.8674,4.854,333.1
1664.236,4.852,343.0
1619.5836,4.868,332.7
1772.314,4.82,367.7
1686.3915,4.839,348.5
1665.2265,4.845,343.7
1676.37,4.845,346.0
1692.2411,4.853,348.7
1660.8978,4.831,343.8
1700.4912,4.853,350.4
1662.2088,4.856,342.3
1666.0936,4.856,343.1
1756.0914,4.802,365.7
1615.5912,4.856,332.7
1645.3132,4.852,339.1
1654.584,4.855,340.8
1630.827,4.845,336.6
1638.7518,4.857,337.4
1674.8344,4.856,344.9
1670.1993,4.851,344.3
1703.3725,4.805,354.5
1710.7272,4.849,352.8
1676.9816,4.858,345.2
1648.1751,4.849,339.9
1636.135,4.855,337.0
1627.614,4.86,334.9
1670.49,4.842,345.0
1676.4384,4.848,345.8
1655.9875,4.835,342.5
1731.457,4.823,359.0
1703.8368,4.824,353.2
1741.3374,4.829,360.6
1717.0908,4.826,355.8
1681.7712,4.848,346.9
1668.758,4.844,344.5
1679.3429,4.841,346.9
1649.3892,4.854,339.8
1764.852,4.822,366.0
1722.2933,4.823,357.1
1634.2764,4.838,337.8
1675.1904,4.836,346.4
1723.7402,4.823,357.4
1711.91,4.825,354.8
1716.4404,4.812,356.7
1684.221,4.83,348.7
1737.417,4.845,358.6
1788.4284,4.796,372.9
1691.874,4.845,349.2
1633.3968,4.844,337.2
1651.6208,4.852,340.4
1644.5802,4.857,338.6
1668.6635,4.855,343.7
1624.56,4.835,336.0
1694.968,4.84,350.2
1704.4803,4.819,353.7
1738.4535,4.809,361.5
1694.2158,4.842,349.9
1641.8714,4.849,338.6
1679.484,4.854,346.0
1645.12,4.85,339.2
1632.3584,4.864,335.6
1621.8062,4.847,334.6
1655.5595,4.865,340.3
1741.22,4.81,362.0
1627.5032,4.838,336.4
1649.2896,4.848,340.2
1652.486,4.846,341.0
1671.8745,4.839,345.5
1682.256,4.848,347.0
1673.1176,4.844,345.4
1673.595,4.851,345.0
1657.2746,4.843,342.2
1724.3622,4.818,357.9
1652.5459,4.859,340.1
1653.0318,4.859,340.2
1643.3724,4.852,338.7
1651.7655,4.851,340.5
1653.5177,4.859,340.3
1659.5271,4.851,342.1
1633.7926,4.838,337.7
1794.826,4.799,374.0
1669.9389,4.839,345.1
1687.0404,4.852,347.7
1661.864,4.831,344.0
1683.352,4.84,347.8
1703.6712,4.851,351.2
1649.9229,4.857,339.7
1623.9301,4.849,334.9
1655.6064,4.858,340.8
1677.6084,4.836,346.9
1614.184,4.862,332.0
1679.4106,4.858,345.7
1655.8641,4.829,342.9
1676.5056,4.851,345.6
1687.1456,4.837,348.8
1687.9514,4.831,349.4
1689.0146,4.823,350.2
1710.288,4.815,355.2
1679.3316,4.834,347.4
1668.4872,4.839,344.8
1704.29,4.85,351.4
1636.4942,4.846,337.7
1685.5884,4.827,349.2
1704.4137,4.827,353.1
1728.4064,4.832,357.7
1701.87,4.828,352.5
1845.5745,4.785,385.7
1684.4559,4.839,348.1
1705.0425,4.837,352.5
1672.1397,4.851,344.7
1678.3747,4.841,346.7
1643.0848,4.844,339.2
1690.3422,4.842,349.1
1667.1748,4.838,344.6
1806.6163,4.801,376.3
1791.1998,4.797,373.4
1662.4608,4.844,343.2
1701.648,4.848,351.0
1706.4484,4.852,351.7
1624.7844,4.853,334.8
1657.1556,4.854,341.4
1637.4022,4.853,337.4
1633.1832,4.852,336.6
1700.643,4.83,352.1
1672.9804,4.838,345.8
1679.2087,4.849,346.3
1641.728,4.84,339.2
1698.5736,4.842,350.8
1641.4088,4.822,340.4
1688.285,4.85,348.1
1627.3962,4.842,336.1
1660.0975,4.847,342.5
1654.537,4.835,342.2
1664.6934,4.859,342.6
1664.579,4.853,343.0
1628.7368,4.859,335.2
1640.464,4.832,339.5
1694.968,4.84,350.2
1690.0716,4.844,348.9
1666.5394,4.846,343.9
1765.0722,4.799,367.8
1665.6315,4.849,343.5
1621.3873,4.853,334.1
1634.787,4.851,337.0
1647.64,4.846,340.0
1653.9063,4.863,340.1
1635.461,4.853,337.0
1627.5442,4.841,336.2
1662.6804,4.839,343.6
1781.5133,4.811,370.3
1677.13,4.85,345.8
1645.4038,4.838,340.1
1674.5708,4.844,345.7
1662.9804,4.854,342.6
1628.0684,4.844,336.1
1636.9788,4.846,337.8
1638.1176,4.858,337.2
1731.4814,4.807,360.2
1651.328,4.864,339.5
1650.8943,4.857,339.9
1636.4497,4.843,337.9
1620.6864,4.848,334.3
1691.2944,4.824,350.6
1687.415,4.835,349.0
1705.1199,4.829,353.1
1719.0212,4.826,356.2
1765.797,4.818,366.5
1678.996,4.84,346.9
1672.7722,4.843,345.4
1656.7046,4.847,341.8
1647.7845,4.845,340.1
1664.97,4.826,345.0
1680.246,4.845,346.8
1711.3306,4.837,353.8
1861.3584,4.752,391.7
1697.5656,4.824,351.9
1717.1352,4.818,356.4
1721.7435,4.835,356.1
1680.868,4.844,347.0
1667.799,4.83,345.3
1694.0992,4.832,350.6
1687.066,4.834,349.0
1687.7254,4.847,348.2
1764.0798,4.782,368.9
1686.9315,4.835,348.9
1690.7852,4.853,348.4
1672.215,4.847,345.0
1648.02,4.84,340.5
1671.2118,4.861,343.8
1647.054,4.86,338.9
1632.9543,4.847,336.9
1747.119,4.813,363.0
1634.0817,4.859,336.3
1632.698,4.852,336.5
1655.1705,4.861,340.5
1619.7168,4.848,334.1
1680.7952,4.841,347.2
1658.405,4.835,343.0
1683.2157,4.841,347.7
1655.7051,4.837,342.3
1792.371,4.795,373.8
1642.8279,4.859,338.1
1670.2614,4.854,344.1
1639.048,4.855,337.6
1636.9788,4.846,337.8
1695.4,4.844,350.0
1653.792,4.83,342.4
1655.592,4.848,341.5
1746.5284,4.822,362.2
1675.663,4.829,347.0
1654.6782,4.834,342.3
1691.0404,4.844,349.1
1643.8775,4.825,340.7
1684.122,4.845,347.6
1697.0692,4.846,350.2
1652.145,4.845,341.0
1632.3238,4.861,335.8
1732.6827,4.809,360.3
1601.6452,4.852,330.1
1639.1958,4.854,337.7
1647.787,4.855,339.4
1655.8998,4.866,340.3
1641.0324,4.858,337.8
1614.4668,4.857,332.4
1625.454,4.855,334.8
1729.585,4.838,357.5
1692.9909,4.811,351.9
1654.82,4.85,341.2
1684.2672,4.851,347.2
1650.4695,4.833,341.5
1698.356,4.84,350.9
1666.4879,4.829,345.1
1680.1785,4.849,346.5
1669.5255,4.835,345.3
1789.3327,4.801,372.7
1672.1509,4.837,345.7
1682.6564,4.838,347.8
1694.9156,4.844,349.9
1694.0,4.84,350.0
1729.416,4.82,358.8
1709.2993,4.819,354.7
1726.8822,4.821,358.2
1761.125,4.825,365.0
1702.2304,4.814,353.6
1668.0064,4.832,345.2
1694.0814,4.843,349.8
1668.282,4.83,345.4
1704.6899,4.847,351.7
1668.066,4.821,346.0
1695.9875,4.825,351.5
1698.489,4.839,351.0
1827.87,4.775,382.8
1714.0677,4.827,355.1
1638.1827,4.851,337.7
1654.7286,4.854,340.9
1627.66,4.85,335.6
1644.15,4.85,339.0
1645.9914,4.854,339.1
1628.3312,4.852,335.6
1651.3308,4.854,340.2
1772.7096,4.808,368.7
1654.226,4.844,341.5
1649.5268,4.826,341.8
1696.3152,4.848,349.9
1667.368,4.847,344.0
1702.0956,4.841,351.6
1668.5216,4.856,343.6
1634.45,4.85,337.0
1780.32,4.8,370.9
1644.8274,4.842,339.7
1664.236,4.852,343.0
1660.44,4.848,342.5
1689.7503,4.857,347.9
1672.8392,4.846,345.2
1665.3672,4.844,343.8
1657.959,4.845,342.2
1678.7192,4.856,345.7
1790.023,4.79,373.7
1651.463,4.843,341.0
1667.712,4.848,344.0
1654.9266,4.866,340.1
1635.124,4.852,337.0
1658.0354,4.858,341.3
1651.328,4.864,339.5
1631.54,4.85,336.4
1738.686,4.803,362.0
1635.8188,4.844,337.7
1632.7738,4.858,336.1
1661.2921,4.859,341.9
1641.4316,4.852,338.3
1661.9153,4.841,343.3
1672.494,4.845,345.2
1642.9848,4.838,339.6
1675.6079,4.847,345.7
1793.456,4.78,375.2
1673.4396,4.859,344.4
1615.2308,4.852,332.9
1629.3732,4.858,335.4
1646.6696,4.856,339.1
1669.9389,4.839,345.1
1653.509,4.849,341.0
1676.8545,4.845,346.1
1739.9888,4.796,362.8
1760.8934,4.802,366.7
1709.8518,4.826,354.3
1689.9327,4.827,350.1
1698.3162,4.833,351.4
1693.616,4.832,350.5
1671.5904,4.848,344.8
1677.753,4.842,346.5
1670.284,4.84,345.1
1769.2444,4.796,368.9
1684.5318,4.842,347.9
1683.8172,4.833,348.4
1693.217,4.835,350.2
1700.8125,4.825,352.5
1688.1669,4.833,349.3
1693.1352,4.821,351.2
1686.06,4.845,348.0
1754.7258,4.822,363.9
1736.5299,4.809,361.1
1675.5242,4.858,344.9
1649.0,4.85,340.0
1653.7122,4.861,340.2
1624.332,4.856,334.5
1655.802,4.86,340.7
1638.048,4.832,339.0
1692.301,4.849,349.0
1810.8762,4.773,379.4
1675.332,4.842,346.0
1685.4548,4.828,349.1
1668.618,4.845,344.4
1645.7984,4.852,339.2
1656.578,4.858,341.0
1644.9264,4.848,339.3
1673.6592,4.854,344.8
1669.731,4.83,345.7
1747.954,4.81,363.4
1671.6546,4.851,344.6
1676.6875,4.825,347.5
1694.2676,4.838,350.2
1683.952,4.832,348.5
1699.2381,4.837,351.3
1686.5445,4.845,348.1
1645.3116,4.842,339.8
1701.5246,4.838,351.7
1637.7804,4.857,337.2
1634.4084,4.847,337.2
1648.8512,4.861,339.2
1622.964,4.865,333.6
1605.1022,4.861,330.2
1641.3865,4.849,338.5
1655.8436,4.853,341.2
1631.564,4.84,337.1
1797.2688,4.821,372.8
1655.2505,4.847,341.5
1645.12,4.85,339.2
1661.7232,4.856,342.2
1616.0768,4.856,332.8
1642.0864,4.864,337.6
1640.3984,4.859,337.6
1643.4175,4.855,338.5
1724.5074,4.809,358.6
1625.7306,4.866,334.1
1613.9277,4.851,332.7
1643.2704,4.856,338.4
1681.01,4.85,346.6
1676.5677,4.833,346.9
1713.1023,4.827,354.9
1690.5834,4.833,349.8
1721.6101,4.813,357.7
1777.569,4.79,371.1
1661.7126,4.839,343.4
1708.7876,4.849,352.4
1697.121,4.842,350.5
1648.2168,4.842,340.4
1690.0716,4.844,348.9
1707.068,4.84,352.7
1672.22,4.84,345.5
1797.656,4.781,376.0
1721.7684,4.831,356.4
1694.0575,4.825,351.1
1668.2736,4.844,344.4
1670.0058,4.842,344.9
1669.9173,4.853,344.1
1653.912,4.836,342.0
1691.1756,4.843,349.2
1675.1154,4.854,345.1
1763.4832,4.813,366.4
1667.3139,4.837,344.7
1664.2575,4.845,343.5
1664.6617,4.849,343.3
1678.0278,4.854,345.7
1617.9286,4.847,333.8
1667.2355,4.865,342.7
1637.2224,4.864,336.6
1704.5432,4.826,353.2
1648.504,4.84,340.6
1642.424,4.865,337.6
1639.3555,4.843,338.5
1706.7153,4.839,352.7
1664.0734,4.829,344.6
1682.868,4.84,347.7
1670.5598,4.831,345.8
1689.3916,4.849,348.4
1760.76,4.824,365.0
1673.4548,4.852,344.9
1645.896,4.848,339.5
1657.9825,4.855,341.5
1668.723,4.858,343.5
1660.3815,4.845,342.7
1633.6684,4.852,336.7
1655.645,4.834,342.5
1787.6958,4.829,370.2
1692.171,4.821,351.0
1696.6651,4.849,349.9
1685.8647,4.857,347.1
1658.2432,4.843,342.4
1635.3778,4.847,337.4
1658.0354,4.858,341.3
1634.8272,4.854,336.8
1616.02,4.85,333.2
1739.5392,4.816,361.2
1625.7009,4.863,334.3
1610.0955,4.857,331.5
1614.3134,4.858,332.3
1640.478,4.865,337.2
1611.655,4.85,332.3
1647.6408,4.856,339.3
1626.69,4.85,335.4
1707.552,4.84,352.8
1698.0579,4.809,353.1
1669.7142,4.851,344.2
1647.536,4.84,340.4
1668.3795,4.857,343.5
1621.2666,4.857,333.8
1645.4112,4.848,339.4
1684.3325,4.847,347.5
1668.4614,4.853,343.8
1767.504,4.803,368.0
1688.9996,4.834,349.4
1680.3853,4.819,348.7
1701.5246,4.838,351.7
1686.9315,4.835,348.9
1720.136,4.84,355.4
1704.5588,4.837,352.4
1642.9872,4.848,338.9
1669.9392,4.832,345.6
1783.2,4.8,371.5
1655.67,4.82,343.5
1665.1466,4.849,343.4
1665.2396,4.838,344.2
1746.7632,4.836,361.2
1690.0478,4.837,349.4
1693.5971,4.843,349.7
1685.016,4.842,348.0
1782.359,4.79,372.1
1678.1674,4.853,345.8
1666.8636,4.854,343.4
1652.7357,4.851,340.7
1639.8712,4.856,337.7
1625.2697,4.853,334.9
1684.1995,4.855,346.9
1682.603,4.849,347.0
1651.2552,4.824,342.3
1791.834,4.791,374.0
1657.9215,4.835,342.9
1674.1538,4.847,345.4
1675.1178,4.833,346.6
1637.4432,4.856,337.2
1625.184,4.86,334.4
1635.525,4.846,337.5
1644.7272,4.856,338.7
1772.861,4.798,369.5
1658.2701,4.853,341.7
1652.2506,4.851,340.6
1659.8127,4.849,342.3
1638.8712,4.843,338.4
1679.964,4.84,347.1
1678.1652,4.839,346.8
1685.6496,4.848,347.7
1650.9528,4.833,341.6
1809.6668,4.804,376.7
1643.8422,4.862,338.1
1635.798,4.854,337.0
1663.488,4.864,342.0
1635.9463,4.853,337.1
1645.7984,4.852,339.2
1669.668,4.865,343.2
1629.8933,4.861,335.3
1742.0568,4.807,362.4
1696.3947,4.851,349.7
1647.98,4.847,340.0
1651.9194,4.833,341.8
1691.254,4.846,349.0
1692.252,4.86,348.2
1653.8526,4.833,342.2
1690.4205,4.845,348.9
1691.0698,4.858,348.1
1771.8267,4.803,368.9
1655.1072,4.848,341.4
1638.9802,4.862,337.1
1661.3454,4.862,341.7
1637.6544,4.848,337.8
1688.568,4.83,349.6
1697.4194,4.847,350.2
1662.8206,4.838,343.7
1772.267,4.777,371.0
1730.2805,4.805,360.1
1739.3967,4.833,359.9
1672.91,4.835,346.0
1653.2866,4.837,341.8
1703.6348,4.844,351.7
1682.868,4.84,347.7
1647.536,4.84,340.4
1663.4443,4.837,343.9
1768.7205,4.805,368.1
1706.1519,4.821,353.9
1735.9993,4.837,358.9
1699.4376,4.817,352.8
1681.0528,4.832,347.9
1670.284,4.84,345.1
1671.1695,4.851,344.5
1678.2336,4.856,345.6
1751.7206,4.831,362.6
1707.195,4.809,355.0
1611.6275,4.847,332.5
1655.8515,4.863,340.5
1632.9234,4.857,336.2
1639.2593,4.837,338.9
1699.8429,4.847,350.7
1675.2618,4.839,346.2
1638.2919,4.837,338.7
1828.6368,4.782,382.4
1707.6372,4.854,351.8
1647.1043,4.843,340.1
1650.3102,4.851,340.2
1638.5204,4.852,337.7
1686.2796,4.854,347.4
1624.0068,4.842,335.4
1657.4432,4.852,341.6
1709.664,4.857,352.0
1727.622,4.815,358.8
1719.0391,4.841,355.1
1667.316,4.83,345.2
1657.0743,4.841,342.3
1668.2134,4.834,345.1
1706.6971,4.861,351.1
1655.214,4.854,341.0
1649.484,4.86,339.4
1735.9254,4.818,360.3
1644.0726,4.867,337.8
1604.772,4.86,330.2
1616.7424,4.858,332.8
1639.5424,4.868,336.8
1628.9849,4.867,334.7
1624.5285,4.845,335.3
1658.9535,4.855,341.7
1696.8225,4.855,349.5
1788.535,4.795,373.0
1645.94,4.841,340.0
1661.8944,4.848,342.8
1652.1992,4.868,339.4
1616.808,4.848,333.5
1674.975,4.855,345.0
1636.5796,4.852,337.3
1610.63,4.844,332.5
1764.0,4.8,367.5
1624.6776,4.844,335.4
1680.102,4.86,345.7
1629.264,4.849,336.0
1725.0766,4.843,356.2
1677.7872,4.824,347.8
1704.352,4.82,353.6
1696.779,4.83,351.3
1721.4342,4.826,356.7
1709.6256,4.824,354.4
1705.9245,4.845,352.1
1677.4772,4.844,346.3
1649.417,4.837,341.0
1665.8642,4.823,345.4
1749.546,4.833,362.0
1685.346,4.836,348.5
1689.8,4.828,350.0
1837.1104,4.768,385.3
1712.799,4.818,355.5
1675.7409,4.853,345.3
1670.0383,4.859,343.7
1648.504,4.84,340.6
1658.1587,4.847,342.1
1694.105,4.85,349.3
1655.5212,4.828,342.9
1656.9324,4.842,342.2
1823.095,4.775,381.8
1636.0096,4.846,337.6
1636.2834,4.854,337.1
1644.5352,4.854,338.8
1647.54,4.86,339.0
1630.8655,4.861,335.5
1659.0972,4.854,341.8
1675.5867,4.861,344.7
1723.6584,4.812,358.2
1695.044,4.81,352.4
1727.6256,4.842,356.8
1677.8652,4.827,347.6
1678.446,4.851,346.0
1645.9912,4.844,339.8
1676.5773,4.847,345.9
1644.7808,4.849,339.2
1663.914,4.844,343.5
1665.928,4.84,344.2
1657.4598,4.821,343.8
1664.601,4.846,343.5
1664.7624,4.824,345.1
1707.108,4.836,353.0
1708.0371,4.851,352.1
1682.1108,4.842,347.4
1637.8875,4.853,337.5
1726.242,4.83,357.4
1704.2958,4.839,352.2
1644.6666,4.863,338.2
1613.52,4.86,332.0
1629.8235,4.855,335.7
1650.0159,4.863,339.3
1620.5046,4.862,333.3
1622.7032,4.841,335.2
1677.8928,4.848,346.1
1875.7575,4.779,392.5
1702.0816,4.852,350.8
1692.5139,4.851,348.9
1637.5073,4.849,337.7
1642.402,4.852,338.5
1655.0695,4.855,340.9
1675.3832,4.859,344.8
1644.0498,4.854,338.7
1670.697,4.83,345.9
1717.527,4.811,357.0
1627.66,4.85,335.6
1639.4532,4.839,338.8
1667.1645,4.845,344.1
1687.7855,4.843,348.5
1693.2134,4.813,351.8
1724.034,4.836,356.5
1705.5414,4.822,353.7
1802.06,4.78,377.0
1680.246,4.845,346.8
1676.357,4.831,347.0
1676.7135,4.839,346.5
1685.2276,4.844,347.9
1668.4896,4.832,345.3
1658.748,4.836,343.0
1722.9872,4.829,356.8
1737.61,4.82,360.5
1811.733,4.774,379.5
1696.1641,4.831,351.1
1653.168,4.848,341.0
1681.8417,4.851,346.7
1679.9694,4.854,346.1
1652.1984,4.848,340.8
1680.5928,4.846,346.8
1672.905,4.849,345.0
1781.88,4.79,372.0
1702.166,4.822,353.0
1681.1424,4.842,347.2
1681.1483,4.849,346.7
1669.8664,4.843,344.8
1664.6796,4.842,343.8
1652.06,4.859,340.0
1634.3805,4.857,336.5
1671.6546,4.851,344.6
1751.2313,4.823,363.1
1618.8648,4.844,334.2
1686.2713,4.847,347.9
1698.7995,4.833,351.5
1683.4268,4.843,347.6
1671.526,4.831,346.0
1692.8668,4.834,350.2
1697.688,4.845,350.4
1726.2894,4.818,358.3
1648.8549,4.851,339.9
1665.1224,4.856,342.9
1626.8395,4.849,335.5
1633.6684,4.852,336.7
1651.1855,4.855,340.1
1673.1846,4.833,346.2
1689.1182,4.851,348.2
1660.604,4.84,343.1
1813.4154,4.786,378.9
1655.052,4.845,341.6
1655.1705,4.861,340.5
1634.7543,4.861,336.3
1623.5436,4.858,334.2
1616.715,4.855,333.0
1630.044,4.86,335.4
1641.6,4.864,337.5
1711.0215,4.813,355.5
1661.5854,4.833,343.8
1651.7678,4.861,339.8
1640.6082,4.851,338.2
1686.1415,4.855,347.3
1647.06,4.85,339.6
1638.4854,4.839,338.6
1685.7866,4.847,347.8
1681.01,4.85,346.6
1769.4252,4.803,368.4
1649.8234,4.861,339.4
1625.0496,4.848,335.2
1640.7095,4.847,338.5
1663.7508,4.852,342.9
1665.8628,4.837,344.4
1674.5019,4.841,345.9
1670.0715,4.845,344.7
1748.059,4.805,363.8
1733.76,4.8,361.2
1720.4206,4.834,355.9
1661.572,4.84,343.3
1681.0774,4.846,346.9
1698.5736,4.842,350.8
1674.2232,4.836,346.2
1663.3488,4.848,343.1
1665.005,4.85,343.3
1780.6048,4.784,372.2
1709.5369,4.847,352.7
1676.9879,4.837,346.7
1693.1796,4.828,350.7
1672.146,4.83,346.2
1716.8616,4.824,355.9
1709.6256,4.824,354.4
1680.8715,4.851,346.5
1658.1012,4.844,342.3
1706.0236,4.822,353.8
1655.9876,4.852,341.3
1624.56,4.835,336.0
1691.254,4.846,349.0
1649.1616,4.832,341.3
1662.7221,4.849,342.9
1672.4268,4.842,345.4
1675.1937,4.843,345.9
1845.8397,4.761,387.7
1648.758,4.855,339.6
1635.905,4.85,337.3
1649.34,4.851,340.0
1676.645,4.85,345.7
1645.3132,4.852,339.1
1635.3778,4.847,337.4
1646.1376,4.853,339.2
1720.944,4.845,355.2
1744.897,4.774,365.5
1687.5726,4.841,348.6
1652.6851,4.831,342.1
1685.364,4.843,348.0
1678.2372,4.842,346.6
1671.6644,4.844,345.1
1669.7535,4.861,343.5
1634.717,4.858,336.5
1786.2954,4.798,372.3
1614.978,4.86,332.3
1625.6379,4.857,334.7
1637.6709,4.861,336.9
1607.4905,4.855,331.1
1658.5276,4.868,340.7
1613.742,4.868,331.5
1614.2321,4.849,332.9
1689.8002,4.846,348.7
1764.56,4.795,368.0
1674.4895,4.855,344.9
1651.8576,4.847,340.8
1654.1376,4.848,341.2
1664.0082,4.857,342.6
1644.874,4.855,338.8
1644.1964,4.853,338.8
1640.4696,4.842,338.8
1759.6224,4.792,367.2
1631.5002,4.847,336.6
1656.4331,4.859,340.9
1623.1446,4.851,334.6
1633.984,4.84,337.6
1747.1244,4.837,361.2
1719.8601,4.827,356.3
1710.5167,4.817,355.1
1704.4137,4.827,353.1
1869.87,4.764,392.5
1681.0053,4.843,347.1
1704.3382,4.846,351.7
1655.3374,4.843,341.8
1665.5702,4.846,343.7
1677.398,4.834,347.0
1696.8532,4.844,350.3
1654.2811,4.847,341.3
1773.7524,4.772,371.7
1703.6126,4.822,353.3
1699.7218,4.837,351.4
1713.7818,4.833,354.6
1681.9,4.84,347.5
1662.7565,4.835,343.9
1646.575,4.85,339.5
1678.158,4.86,345.3
1661.0669,4.847,342.7
1845.7597,4.783,385.9
1679.9702,4.847,346.6
1641.0907,4.831,339.7
1688.3464,4.846,348.4
1693.3818,4.841,349.8
1674.561,4.83,346.7
1683.1988,4.834,348.2
1667.712,4.848,344.0
1795.249,4.813,373.0
1680.7818,4.834,347.7
1626.4665,4.845,335.7
1651.914,4.86,339.9
1634.2185,4.845,337.3
1657.26,4.86,341.0
1618.7472,4.848,333.9
1653.2015,4.841,341.5
1688.2101,4.847,348.3
1854.9648,4.771,388.8
1652.4316,4.843,341.2
1672.4268,4.842,345.4
1649.6305,4.859,339.5
1622.81,4.85,334.6
1653.4552,4.846,341.2
1664.2075,4.859,342.5
1628.77,4.862,335.0
1722.338,4.811,358.0
1722.882,4.826,357.0
1641.0324,4.858,337.8
1651.6214,4.862,339.7
1686.42,4.86,347.0
1657.4745,4.845,342.1
1640.032,4.835,339.2
1694.8608,4.848,349.6
1652.5912,4.852,340.6
1819.3716,4.764,381.9
1665.5775,4.863,342.5
1617.7408,4.861,332.8
1643.652,4.86,338.2
1627.6461,4.863,334.7
1639.9125,4.859,337.5
1666.3508,4.861,342.8
1628.1,4.86,335.0
1683.9753,4.821,349.3
1749.8976,4.818,363.2
1652.6295,4.845,341.1
1663.992,4.84,343.8
1637.856,4.84,338.4
1692.064,4.84,349.6
1706.3626,4.838,352.7
1707.4656,4.848,352.2
1651.9776,4.836,341.6
1796.054,4.81,373.4
1645.9912,4.844,339.8
1684.3325,4.847,347.5
1646.523,4.857,339.0
1674.078,4.83,346.6
1698.7069,4.841,350.9
1672.0091,4.831,346.1
1736.2485,4.835,359.1
1734.5768,4.829,359.2
1745.8905,4.803,363.5
1667.8527,4.847,344.1
1684.668,4.841,348.0
1645.7439,4.839,340.1
1644.8128,4.832,340.4
1664.3184,4.848,343.3
1675.5384,4.812,348.2
1692.3462,4.827,350.6
1840.7625,4.775,385.5
1652.827,4.847,341.0
1630.57,4.85,336.2
1638.7104,4.854,337.6
1636.0526,4.849,337.4
1653.4171,4.853,340.7
1640.27,4.85,338.2
1634.23,4.835,338.0
1693.5418,4.847,349.4
1670.2161,4.837,345.3
1689.74,4.85,348.4
1661.9153,4.841,343.3
1650.2418,4.838,341.1
1699.6556,4.852,350.3
1627.7312,4.856,335.2
1648.2244,4.852,339.7
1651.2817,4.861,339.7
1619.199,4.845,334.2
1617.4338,4.863,332.6
1634.717,4.858,336.5
1652.8371,4.857,340.3
1628.8488,4.842,336.4
1675.5354,4.851,345.4
1661.5095,4.837,343.5
1671.1695,4.851,344.5
1664.3781,4.851,343.1
1644.3432,4.842,339.6
1678.1674,4.853,345.8
1642.3563,4.849,338.7
1626.3546,4.849,335.4
1649.382,4.844,340.5
1630.608,4.853,336.0
1667.5504,4.856,343.4
1662.178,4.846,343.0
1652.2506,4.851,340.6
1641.728,4.84,339.2
1702.8083,4.861,350.3
1634.6592,4.842,337.6
1661.9526,4.851,342.6
1651.5507,4.839,341.3
1666.1322,4.842,344.1
1689.3916,4.849,348.4
1635.525,4.846,337.5
1662.178,4.846,343.0
1640.179,4.867,337.0
1616.99,4.85,333.4
1640.3984,4.859,337.6
1648.0707,4.863,338.9
1649.5258,4.843,340.6
1653.9398,4.846,341.3
1714.8686,4.847,353.8
1681.9608,4.836,347.8
1659.6522,4.833,343.4
1679.3316,4.834,347.4
1672.0728,4.827,346.4
1691.9,4.834,350.0
1693.0474,4.829,350.6
1674.0142,4.834,346.3
1695.75,4.845,350.0
1682.6736,4.852,346.8
1678.6544,4.846,346.4
1662.9606,4.837,343.8
1674.432,4.845,345.6
1689.9931,4.841,349.1
1653.0588,4.842,341.4
1714.932,4.824,355.5
1706.5058,4.822,353.9
1729.6514,4.822,358.7
1731.9393,4.823,359.1
1707.722,4.835,353.2
1664.294,4.855,342.8
1647.4953,4.847,339.9
1644.635,4.85,339.1
1683.0896,4.856,346.6
1638.9,4.856,337.5
1680.3155,4.855,346.1
1658.9535,4.855,341.7
1656.3816,4.856,341.1
1640.517,4.845,338.6
1660.7242,4.846,342.7
1685.0754,4.838,348.3
1663.7112,4.842,343.6
1698.1198,4.849,350.2
1665.5496,4.853,343.2
1639.9526,4.862,337.3
1616.8383,4.851,333.3
1645.4046,4.858,338.7
1627.2791,4.859,334.9
1645.7433,4.859,338.7
1620.568,4.852,334.0
1656.6784,4.864,340.6
1638.7252,4.844,338.3
1676.5056,4.851,345.6
1639.4469,4.849,338.1
1661.5516,4.847,342.8
1670.0584,4.852,344.2
1636.3032,4.844,337.8
1686.6192,4.848,347.9
1652.642,4.855,340.4
1633.2912,4.848,336.9
1644.2416,4.856,338.6
1654.83,4.86,340.5
1645.845,4.855,339.0
1637.2125,4.851,337.5
1634.6044,4.862,336.2
1634.5296,4.856,336.6
1606.4737,4.849,331.3
1633.4091,4.857,336.3
1656.4482,4.842,342.1
1644.0036,4.841,339.6
1674.0864,4.844,345.6
1659.897,4.845,342.6
1684.9616,4.853,347.2
1688.3464,4.846,348.4
1639.7401,4.847,338.3
1668.438,4.86,343.3
1637.55,4.852,337.5
1676.7842,4.849,345.8
1657.332,4.846,342.0
1668.6816,4.848,344.2
1657.2746,4.843,342.2
1681.613,4.835,347.8
1694.4498,4.833,350.6
1692.954,4.815,351.6
1701.3472,4.832,352.1
1705.1877,4.821,353.7
1686.5538,4.827,349.4
1706.144,4.847,352.0
1671.8036,4.843,345.2
1671.7264,4.826,346.4
1672.6346,4.837,345.8
1675.3908,4.831,346.8
1695.3456,4.848,349.7
1652.4994,4.822,342.7
1738.8132,4.822,360.6
1708.404,4.826,354.0
1699.9516,4.813,353.2
1730.633,4.814,359.5
1707.1992,4.839,352.8
1666.494,4.86,342.9
1637.2262,4.841,338.2
1664.0937,4.853,342.9
1643.811,4.849,339.0
1655.592,4.848,341.5
1655.7352,4.847,341.6
1663.865,4.858,342.5
1639.0635,4.845,338.3
1630.2591,4.839,336.9
1684.338,4.854,347.0
1648.394,4.834,341.0
1678.1652,4.839,346.8
1702.3998,4.846,351.3
1652.6608,4.838,341.6
1665.8516,4.844,343.9
1646.7642,4.842,340.1
1648.9038,4.854,339.7
1657.9825,4.855,341.5
1621.7712,4.844,334.8
1665.3483,4.851,343.3
1656.76,4.85,341.6
1651.122,4.842,341.0
1640.9464,4.852,338.2
1645.7984,4.852,339.2
1649.1449,4.849,340.1
1687.998,4.845,348.4
1638.6306,4.838,338.7
1695.8023,4.841,350.3
1671.6672,4.837,345.6
1707.5981,4.847,352.3
1664.1321,4.839,343.9
1634.5125,4.843,337.5
1645.8465,4.845,339.7
1638.6678,4.851,337.8
1632.0639,4.853,336.3
1627.3244,4.849,335.6
1633.632,4.862,336.0
1613.11,4.85,332.6
1637.4432,4.856,337.2
1647.289,4.865,338.6
1642.3563,4.849,338.7
1625.0435,4.835,336.1
1660.3544,4.852,342.2
1682.8818,4.854,346.7
1631.2832,4.832,337.6
1668.1424,4.838,344.8
1713.714,4.841,354.0
1687.5135,4.845,348.3
1681.0053,4.843,347.1
1632.5874,4.833,337.8
1641.0015,4.845,338.7
1687.3012,4.843,348.4
1649.076,4.836,341.0
1654.3688,4.843,341.6
1682.6691,4.809,349.9
1690.856,4.82,350.8
1718.5608,4.822,356.4
1701.9613,4.831,352.3
1706.9562,4.826,353.7
1663.4296,4.844,343.4
1674.5652,4.851,345.2
1668.1968,4.848,344.1
1657.5312,4.848,341.9
1669.7324,4.837,345.2
1665.928,4.84,344.2
1686.3326,4.843,348.2
1690.2627,4.839,349.3
1688.3008,4.832,349.4
1633.4549,4.837,337.7
1679.0681,4.843,346.7
1655.2505,4.847,341.5
1655.9472,4.859,340.8
1619.9314,4.853,333.8
1676.6364,4.857,345.2
1652.106,4.852,340.5
1643.6177,4.847,339.1
1646.3762,4.858,338.9
1627.7323,4.843,336.1
1637.7455,4.867,336.5
1635.1434,4.842,337.7
1660.0388,4.844,342.7
1692.5724,4.847,349.2
1653.9325,4.829,342.5
1705.9245,4.845,352.1
1677.2615,4.835,346.9
1690.236,4.857,348.0
1634.6785,4.855,336.7
1651.176,4.845,340.8
1664.236,4.852,343.0
1636.934,4.843,338.0
1639.048,4.855,337.6
1613.385,4.845,333.0
1645.2574,4.859,338.6
1664.6049,4.863,342.3
1639.5012,4.842,338.6
1644.4362,4.838,339.9
1667.5086,4.846,344.1
1678.2372,4.842,346.6
1661.2902,4.842,343.1
1688.148,4.851,348.0
1664.2575,4.845,343.5
1634.4084,4.847,337.2
1649.235,4.865,339.0
1635.3126,4.854,336.9
1631.3164,4.858,335.8
1647.933,4.854,339.5
1660.6083,4.857,341.9
1660.662,4.86,341.7
1635.672,4.845,337.6
1657.1556,4.854,341.4
1657.674,4.847,342.0
1679.139,4.846,346.5
1678.3068,4.852,345.9
1636.404,4.84,338.1
1713.8655,4.821,355.5
1701.1274,4.841,351.4
1705.9245,4.845,352.1
1669.1802,4.834,345.3
1689.9134,4.838,349.3
1694.5344,4.836,350.4
1691.1492,4.836,349.7
1663.0353,4.833,344.1
1681.8368,4.844,347.2
1680.4341,4.833,347.7
1680.144,4.828,348.0
1722.4184,4.822,357.2
1698.2707,4.837,351.1
1686.8512,4.832,349.1
1673.25,4.85,345.0
1683.8952,4.836,348.2
1685.091,4.845,347.8
1674.3636,4.842,345.8
1652.0543,4.849,340.7
1681.4896,4.843,347.2
1669.2291,4.851,344.1
1728.996,4.835,357.6
1646.084,4.84,340.1
1666.336,4.844,344.0
1668.2134,4.834,345.1
1706.2766,4.846,352.1
1651.0668,4.839,341.2
1639.7401,4.847,338.3
1658.8988,4.852,341.9
1637.4432,4.856,337.2
1664.4939,4.857,342.7
1636.6602,4.858,336.9
1625.5701,4.851,335.1
1650.8454,4.854,340.1
1673.581,4.858,344.5
1681.6266,4.842,347.3
1659.4948,4.841,342.8
1701.0795,4.845,351.1
1677.4716,4.837,346.8
1701.4788,4.842,351.4
1656.9324,4.842,342.2
1647.1554,4.846,339.9
1656.237,4.857,341.0
1658.3012,4.846,342.2
1644.3428,4.852,338.9
1643.356,4.862,338.0
1603.6065,4.855,330.3
1620.4472,4.856,333.7
1629.44,4.864,335.0
1625.8528,4.862,334.4
1649.5596,4.836,341.1
1685.4469,4.853,347.3
1667.4081,4.857,343.3
1635.3422,4.834,338.3
1699.1704,4.852,350.2
1649.2896,4.848,340.2
1640.7993,4.853,338.1
1653.9063,4.863,340.1
1636.0253,4.859,336.7
1636.9169,4.853,337.3
1615.0784,4.853,332.8
1634.1536,4.852,336.8
1619.8674,4.847,334.2
1640.1231,4.851,338.1
1675.5242,4.858,344.9
1675.8144,4.849,345.6
1661.936,4.82,344.8
1651.636,4.835,341.6
1712.5908,4.812,355.9
1747.4946,4.826,362.1
1692.6531,4.821,351.1
1655.1379,4.841,341.9
1686.0992,4.834,348.8
1669.587,4.845,344.6
1696.5534,4.839,350.6
1678.092,4.836,347.0
1659.792,4.832,343.5
1665.7288,4.831,344.8
1693.1796,4.828,350.7
1713.0512,4.816,355.7
1677.6525,4.825,347.7
1735.902,4.83,359.4
1685.8848,4.832,348.9
1697.85,4.851,350.0
1654.0535,4.835,342.1
1637.3245,4.837,338.5
1648.4132,4.844,340.3
1656.4728,4.852,341.4
1661.4096,4.848,342.7
1710.5865,4.839,353.5
1650.2969,4.841,340.9
1706.8935,4.845,352.3
1671.0405,4.845,344.9
1676.7842,4.849,345.8
1653.2015,4.841,341.5
1676.5716,4.854,345.4
1679.5506,4.857,345.8
1636.1744,4.858,336.8
1645.7016,4.846,339.6
1645.5565,4.847,339.5
1620.3521,4.847,334.3
1690.8592,4.856,348.2
1653.1275,4.855,340.5
1651.7655,4.851,340.5
1675.7225,4.825,347.3
1686.256,4.84,348.4
1655.318,4.826,343.0
1701.0795,4.845,351.1
1653.7703,4.837,341.9
1641.6316,4.844,338.9
1680.7328,4.852,346.4
1648.1246,4.846,340.1
1663.893,4.851,343.0
1664.55,4.86,342.5
1622.9356,4.862,333.8
1618.5048,4.856,333.3
1616.382,4.854,333.0
1667.0916,4.866,342.6
1611.09,4.86,331.5
1629.3735,4.845,336.3
1653.9939,4.849,341.1
1675.3295,4.849,345.5
1703.805,4.85,351.3
1659.152,4.84,342.8
1625.4201,4.839,335.9
1667.024,4.846,344.0
1647.3504,4.848,339.8
1616.4852,4.866,332.2
1612.9575,4.851,332.5
1673.56,4.865,344.0
1651.6214,4.862,339.7
1628.256,4.846,336.0
1629.4509,4.851,335.9
1633.7454,4.858,336.3
1666.9224,4.857,343.2
1673.6592,4.854,344.8
1702.3136,4.832,352.3
1695.505,4.825,351.4
1701.2016,4.822,352.8
1708.5624,4.821,354.4
1722.5043,4.829,356.7
1677.06,4.84,346.5
1655.645,4.834,342.5
1662.3195,4.845,343.1
1693.8912,4.848,349.4
1641.2927,4.843,338.9
1655.1006,4.831,342.6
1709.8896,4.848,352.7
1644.9718,4.841,339.8
1695.4619,4.829,351.1
1728.1336,4.838,357.2
1664.5563,4.829,344.7
1690.2336,4.832,349.8
1672.629,4.83,346.3
1639.3,4.85,338.0
1645.7016,4.846,339.6
1653.7964,4.847,341.2
1664.3984,4.844,343.6
1645.362,4.845,339.6
1671.84,4.86,344.0
1639.785,4.85,338.1
1626.951,4.845,335.8
1686.6808,4.844,348.2
1701.1632,4.848,350.9
1654.6175,4.831,342.5
1701.0846,4.834,351.9
1685.0528,4.831,348.8
1688.134,4.844,348.5
1666.1164,4.849,343.6
1638.7707,4.847,338.1
1672.7508,4.857,344.4
1670.136,4.848,344.5
1655.0172,4.852,341.1
1648.1751,4.849,339.9
1679.07,4.85,346.2
1626.8304,4.836,336.4
1681.218,4.852,346.5
1659.1788,4.826,343.8
1681.215,4.845,347.0
1677.1309,4.843,346.3
1659.6522,4.833,343.4
1673.0142,4.862,344.1
1637.9026,4.843,338.2
1652.3514,4.857,340.2
1636.6987,4.861,336.7
1625.3965,4.865,334.1
1629.1368,4.866,334.8
1599.0635,4.853,329.5
1621.2666,4.857,333.8
1650.3552,4.864,339.3
1667.722,4.865,342.8
1645.4485,4.861,338.5
1629.628,4.84,336.7
1700.2755,4.851,350.5
1640.6596,4.834,339.4
1669.432,4.853,344.0
1645.3116,4.842,339.8
1655.1379,4.841,341.9
1659.5826,4.854,341.9
1646.2355,4.849,339.5
1627.0608,4.854,335.2
1635.9864,4.856,336.9
1664.7795,4.855,342.9
1647.4476,4.854,339.4
1657.7967,4.863,340.9
1689.1028,4.844,348.7
1659.9956,4.834,343.4
1658.405,4.835,343.0
1688.7312,4.836,349.2
1692.2592,4.824,350.8
1674.8928,4.824,347.2
1665.66,4.828,345.0
1687.6522,4.826,349.7
1712.8384,4.844,353.6
1654.3956,4.836,342.1
1700.6433,4.841,351.3
1693.3275,4.845,349.5
1669.6512,4.848,344.4
1664.2575,4.845,343.5
1690.0884,4.851,348.4
1643.3087,4.829,340.3
1668.5532,4.842,344.6
1696.339,4.826,351.5
1709.3024,4.834,353.6
1701.8302,4.843,351.4
1715.616,4.83,355.2
1653.57,4.835,342.0
1624.491,4.842,335.5
1623.726,4.86,334.1
1655.4613,4.859,340.7
1632.1328,4.846,336.8
1655.1206,4.858,340.7
1624.2646,4.837,335.8
1646.2836,4.852,339.3
1651.1352,4.862,339.6
1653.4863,4.839,341.7
1639.1626,4.841,338.6
1725.4328,4.844,356.2
1662.9015,4.827,344.5
1709.0522,4.847,352.6
1655.0798,4.838,342.1
1654.2942,4.857,340.6
1655.896,4.856,341.0
1632.995,4.85,336.7
1669.6946,4.858,343.7
1645.12,4.85,339.2
1658.928,4.845,342.4
1640.925,4.862,337.5
1628.3235,4.839,336.5
1637.6318,4.858,337.1
1638.2661,4.857,337.3
1630.1944,4.846,336.4
1651.0882,4.859,339.8
1635.461,4.853,337.0
1645.896,4.848,339.5
1669.41,4.86,343.5
1661.3505,4.845,342.9
1658.9144,4.862,341.2
1645.3132,4.852,339.1
1643.1231,4.857,338.3
1647.545,4.85,339.7
1648.998,4.86,339.3
1634.6388,4.852,336.9
1656.0922,4.858,340.9
1616.3232,4.848,333.4
1652.9318,4.853,340.6
1701.5141,4.849,350.9
1652.4316,4.843,341.2
1666.896,4.84,344.4
1685.7866,4.847,347.8
1649.1449,4.849,340.1
1661.4312,4.841,343.2
1667.8656,4.864,342.9
1653.543,4.842,341.5
1668.075,4.835,345.0
1689.7227,4.843,348.9
1658.668,4.84,342.7
1639.5012,4.842,338.6
1686.6044,4.841,348.4
1677.4716,4.837,346.8
1728.155,4.834,357.5
1696.2028,4.838,350.6
1693.8336,4.834,350.4
1680.9749,4.829,348.1
1703.9436,4.838,352.2
1646.1376,4.853,339.2
1682.184,4.845,347.2
1656.3628,4.846,341.8
1661.3505,4.845,342.9
1671.3732,4.853,344.4
1657.5312,4.848,341.9
1665.304,4.841,344.0
1667.5086,4.846,344.1
1706.7904,4.816,354.4
1712.235,4.83,354.5
1670.2161,4.837,345.3
1697.7148,4.852,349.9
1667.1018,4.821,345.8
1699.0896,4.849,350.4
1661.6672,4.853,342.4
1663.9512,4.854,342.8
1644.0536,4.844,339.4
1658.9856,4.848,342.2
1650.3102,4.851,340.2
1685.5176,4.856,347.1
1632.025,4.85,336.5
1658.2701,4.853,341.7
1696.2592,4.852,349.6
1666.833,4.83,345.1
1664.2575,4.845,343.5
1667.9292,4.843,344.4
1702.35,4.85,351.0
1646.4768,4.854,339.2
1659.9245,4.855,341.9
1646.2836,4.852,339.3
1649.5296,4.863,339.2
1646.2836,4.852,339.3
1630.9062,4.851,336.2
1645.8295,4.865,338.3
1638.3447,4.863,336.9
1626.642,4.86,334.7
1631.3516,4.861,335.6
1658.358,4.849,342.0
1651.6062,4.842,341.1
1672.1236,4.858,344.2
1670.4026,4.853,344.2
1633.5439,4.843,337.3
1663.0057,4.847,343.1
1675.3832,4.859,344.8
1630.8306,4.858,335.7
1642.9756,4.858,338.2
1649.97,4.86,339.5
1646.184,4.856,339.0
1646.7688,4.852,339.4
1630.9806,4.857,335.8
1657.0115,4.855,341.3
1629.8235,4.855,335.7
1627.0608,4.854,335.2
1663.2656,4.852,342.8
1667.4449,4.843,344.3
1649.1616,4.832,341.3
1690.4772,4.841,349.2
1729.1012,4.838,357.4
1713.9104,4.832,354.7
1692.4663,4.837,349.9
1664.5512,4.836,344.2
1677.9616,4.844,346.4
1663.893,4.851,343.0
1672.765,4.85,344.9
1669.2291,4.851,344.1
1642.1615,4.837,339.5
1657.5867,4.851,341.7
1654.6782,4.834,342.3
1688.8344,4.828,349.8
1686.2868,4.829,349.2
1722.9394,4.837,356.2
1707.552,4.84,352.8
1677.6152,4.843,346.4
1700.946,4.846,351.0
1675.8162,4.842,346.1
1633.3611,4.831,338.1
1653.6528,4.848,341.1
1640.4167,4.849,338.3
1677.942,4.83,347.4
1660.8396,4.852,342.3
1664.2795,4.831,344.5
1663.7882,4.838,343.9
1667.04,4.832,345.0
1670.9654,4.849,344.6
1647.9288,4.844,340.2
1669.7268,4.844,344.7
1649.7225,4.845,340.5
1653.6632,4.858,340.4
1624.0601,4.861,334.1
1631.952,4.857,336.0
1649.3373,4.861,339.3
1632.0639,4.853,336.3
1655.6064,4.858,340.8
1660.0315,4.861,341.5
1637.4634,4.846,337.9
1650.4944,4.843,340.8
1658.7275,4.843,342.5
1673.0496,4.841,345.6
1652.177,4.838,341.5
1699.986,4.835,351.6
1658.8096,4.856,341.6
1665.8334,4.851,343.4
