1623.8046,4.807,337.8
1662.7629,4.821,344.9
1661.6565,4.815,345.1
1758.0032,4.736,371.2
1684.5453,4.787,351.9
1691.0665,4.811,351.5
1671.84,4.8,348.3
1716.252,4.794,358.0
1705.389,4.777,357.0
1633.498,4.82,338.9
1624.4849,4.819,337.1
1635.2008,4.808,340.1
1678.0372,4.804,349.3
1715.6316,4.803,357.2
1689.8443,4.813,351.1
1686.1248,4.812,350.4
1792.8592,4.738,378.4
1679.828,4.805,349.6
1662.1256,4.808,345.7
1660.9707,4.827,344.1
1717.0944,4.791,358.4
1647.154,4.805,342.8
1611.4518,4.806,335.3
1646.8536,4.821,341.6
1660.2825,4.825,344.1
1774.875,4.733,375.0
1713.803,4.81,356.3
1660.9072,4.792,346.6
1661.3833,4.817,344.9
1773.0636,4.774,371.4
1645.4936,4.834,340.4
1629.9972,4.804,339.3
1659.8664,4.828,343.8
1745.9082,4.782,365.1
1639.282,4.82,340.1
1636.5027,4.809,340.3
1644.0192,4.824,340.8
1707.3021,4.773,357.7
1736.5039,4.793,362.3
1650.9248,4.816,342.8
1647.9766,4.799,343.4
1701.0357,4.793,354.9
1814.036,4.76,381.1
1677.5112,4.808,348.9
1672.1883,4.801,348.3
1676.1015,4.815,348.1
1748.824,4.76,367.4
1656.345,4.801,345.0
1649.0061,4.809,342.9
1699.1794,4.819,352.6
1781.3238,4.754,374.7
1677.6408,4.796,349.8
1716.2226,4.806,357.1
1658.8026,4.797,345.8
1799.8429,4.783,376.3
1752.1104,4.756,368.4
1686.1455,4.797,351.5
1661.9289,4.813,345.3
1660.485,4.813,345.0
1707.0442,4.787,356.6
1670.7951,4.797,348.3
1681.4776,4.796,350.6
1709.0806,4.786,357.1
1822.9916,4.724,385.9
1692.5772,4.803,352.4
1642.1457,4.803,341.9
1633.1591,4.819,338.9
1659.7057,4.801,345.7
1664.3445,4.795,347.1
1653.1944,4.817,343.2
1670.7264,4.812,347.2
1689.438,4.805,351.6
1778.6452,4.738,375.4
1651.6071,4.797,344.3
1655.318,4.826,343.0
1640.6291,4.807,341.3
1723.7623,4.771,361.3
1661.2232,4.804,345.8
1693.6654,4.802,352.7
1625.5932,4.818,337.4
1756.2051,4.771,368.1
1674.4574,4.802,348.7
1655.9388,4.804,344.7
1699.8058,4.799,354.2
1758.562,4.78,367.9
1745.9309,4.769,366.1
1700.8684,4.802,354.2
1673.986,4.82,347.3
1613.988,4.815,335.2
1741.6388,4.769,365.2
1645.767,4.815,341.8
1650.6541,4.811,343.1
1628.146,4.817,338.0
1670.5332,4.788,348.9
1672.32,4.8,348.4
1653.1812,4.796,344.7
1664.906,4.798,347.0
1778.2684,4.756,373.9
1650.998,4.805,343.6
1645.3027,4.801,342.7
1661.7194,4.811,345.4
1628.0424,4.794,339.6
1703.9637,4.769,357.3
1636.7835,4.807,340.5
1665.6585,4.785,348.1
1679.853,4.79,350.7
1882.7641,4.727,398.3
1645.2919,4.787,343.7
1697.7336,4.804,353.4
1631.552,4.81,339.2
1696.9232,4.772,355.6
1684.4835,4.795,351.3
1655.7898,4.798,345.1
1652.7608,4.792,344.9
1755.28,4.744,370.0
1715.2432,4.754,360.8
1694.6685,4.767,355.5
1696.2988,4.781,354.8
1687.5027,4.771,353.7
1748.4608,4.772,366.4
1655.9815,4.793,345.5
1675.2864,4.803,348.8
1677.0312,4.797,349.6
1816.378,4.724,384.5
1718.2935,4.785,359.1
1685.3025,4.781,352.5
1710.4008,4.783,357.6
1810.9698,4.742,381.9
1691.1965,4.795,352.7
1650.4236,4.788,344.7
1640.9704,4.808,341.3
1720.1783,4.769,360.7
1741.2165,4.777,364.5
1666.0931,4.789,347.9
1692.2045,4.787,353.5
1651.86,4.788,345.0
1769.7888,4.727,374.4
1687.2939,4.803,351.3
1617.0748,4.807,336.4
1653.4005,4.805,344.1
1776.115,4.73,375.5
1638.4263,4.809,340.7
1659.9741,4.799,345.9
1657.6623,4.809,344.7
1714.1918,4.759,360.2
1635.5801,4.781,342.1
1704.2496,4.798,355.2
1645.9054,4.786,343.9
1745.7687,4.779,365.3
1756.3329,4.743,370.3
1715.1513,4.803,357.1
1628.3808,4.812,338.4
1625.2467,4.807,338.1
1769.0244,4.758,371.8
1674.0948,4.812,347.9
1633.0788,4.806,339.8
1639.0836,4.818,340.2
1711.9,4.75,360.4
1677.2704,4.784,350.6
1694.2729,4.801,352.9
1634.4609,4.803,340.3
1756.6848,4.784,367.2
1702.4895,4.789,355.5
1648.098,4.819,342.0
1688.1822,4.822,350.1
1651.0528,4.822,342.4
1727.3753,4.781,361.3
1623.5098,4.829,336.2
1676.8492,4.813,348.4
1674.7091,4.811,348.1
1857.3339,4.749,391.1
1661.4342,4.806,345.7
1640.2146,4.827,339.8
1626.831,4.806,338.5
1711.8375,4.775,358.5
1648.7196,4.818,342.2
1625.6878,4.814,337.7
1657.9416,4.814,344.4
1737.3636,4.802,361.8
1757.6594,4.753,369.8
1695.181,4.79,353.9
1709.6508,4.797,356.4
1707.8796,4.788,356.7
1805.3496,4.731,381.6
1699.348,4.795,354.4
1691.2881,4.779,353.9
1684.5778,4.798,351.1
1755.8568,4.761,368.8
1664.9868,4.801,346.8
1691.1965,4.795,352.7
1714.6974,4.771,359.4
1814.2892,4.742,382.6
1745.088,4.768,366.0
1674.8935,4.795,349.3
1694.3255,4.793,353.5
1665.004,4.79,347.6
1750.0384,4.792,365.2
1696.4178,4.818,352.1
1661.2383,4.811,345.3
1743.489,4.803,363.0
1880.8464,4.721,398.4
1686.497,4.798,351.5
1675.4556,4.809,348.4
1666.1254,4.814,346.1
1799.2086,4.746,379.1
1674.6327,4.797,349.1
1663.0386,4.794,346.9
1665.4912,4.808,346.4
1708.6128,4.778,357.6
1731.3408,4.788,361.6
1627.8996,4.812,338.3
1637.151,4.794,341.5
1674.3248,4.792,349.4
1818.4769,4.727,384.7
1694.9153,4.811,352.3
1626.794,4.813,338.0
1631.2394,4.802,339.7
1721.9392,4.762,361.6
1641.388,4.805,341.6
1625.6736,4.804,338.4
1628.921,4.798,339.5
1722.168,4.76,361.8
1698.764,4.792,354.5
1643.3595,4.815,341.3
1680.6006,4.821,348.6
1744.106,4.81,362.6
1750.08,4.8,364.6
1640.728,4.82,340.4
1658.6297,4.823,343.9
1635.0994,4.829,338.6
1788.1708,4.771,374.8
1632.7795,4.835,337.7
1641.1472,4.844,338.8
1631.52,4.8,339.9
1840.3616,4.753,387.2
1671.516,4.824,346.5
1648.5252,4.809,342.8
1663.246,4.828,344.5
1754.26,4.78,367.0
1647.9378,4.827,341.4
1625.1908,4.834,336.2
1666.691,4.838,344.5
1625.688,4.824,337.0
1772.2149,4.773,371.3
1653.609,4.814,343.5
1646.512,4.82,341.6
1690.5834,4.833,349.8
1787.625,4.767,375.0
1680.5184,4.818,348.8
1654.0218,4.811,343.8
1654.434,4.815,343.6
1763.5156,4.774,369.4
1666.2402,4.806,346.7
1683.101,4.802,350.5
1710.3483,4.803,356.1
1806.3006,4.771,378.6
1742.0076,4.791,363.6
1665.7186,4.817,345.8
1662.3467,4.817,345.1
1657.5972,4.813,344.4
1758.654,4.766,369.0
1713.463,4.805,356.6
1685.9448,4.806,350.8
1667.3873,4.801,347.3
1859.1912,4.738,392.4
1674.4938,4.809,348.2
1662.6918,4.818,345.1
1687.5684,4.812,350.7
1761.94,4.762,370.0
1685.7744,4.811,350.4
1691.9019,4.797,352.7
1671.7082,4.801,348.2
1694.1996,4.794,353.4
1763.6328,4.764,370.2
1636.137,4.815,339.8
1676.1822,4.818,347.9
1636.3008,4.824,339.2
1744.9756,4.786,364.6
1668.6216,4.824,345.9
1642.7971,4.819,340.9
1638.164,4.804,341.0
1810.4124,4.748,381.3
1685.204,4.808,350.5
1626.268,4.82,337.4
1663.8541,4.813,345.7
1709.5592,4.786,357.2
1674.5888,4.801,348.8
1619.4754,4.817,336.2
1635.5136,4.816,339.6
1687.9674,4.794,352.1
1820.4004,4.732,384.7
1687.149,4.77,353.7
1713.862,4.79,357.8
1622.7,4.808,337.5
1776.7395,4.757,373.5
1603.98,4.824,332.5
1609.8016,4.814,334.4
1659.792,4.832,343.5
1740.5118,4.779,364.2
1669.2256,4.816,346.6
1613.9625,4.825,334.5
1635.777,4.797,341.0
1767.0237,4.803,367.9
1708.0093,4.783,357.1
1708.8174,4.819,354.6
1641.1098,4.807,341.4
1687.6138,4.819,350.2
1789.4232,4.749,376.8
1657.3575,4.839,342.5
1646.9438,4.834,340.7
1619.0811,4.823,335.7
1815.6556,4.763,381.2
1629.2576,4.826,337.6
1650.516,4.812,343.0
1648.1377,4.829,341.3
1807.1697,4.767,379.1
1755.18,4.776,367.5
1706.4432,4.788,356.4
1681.44,4.8,350.3
1766.9575,4.795,368.5
1753.4763,4.761,368.3
1675.804,4.81,348.4
1678.867,4.805,349.4
1661.0286,4.809,345.4
1770.8352,4.768,371.4
1666.2128,4.799,347.2
1702.4014,4.778,356.3
1699.6653,4.773,356.1
1801.5744,4.736,380.4
1676.2907,4.799,349.3
1685.594,4.805,350.8
1667.2232,4.813,346.4
1752.8576,4.784,366.4
1754.7738,4.771,367.8
1694.1555,4.779,354.5
1691.6224,4.784,353.6
1724.76,4.791,360.0
1761.6686,4.769,369.4
1646.73,4.815,342.0
1654.01,4.825,342.8
1617.2988,4.822,335.4
1749.56,4.775,366.4
1710.6432,4.816,355.2
1676.4496,4.816,348.1
1682.1435,4.813,349.5
1796.9808,4.764,377.2
1675.7667,4.803,348.9
1658.3556,4.818,344.2
1665.6555,4.821,345.5
1691.52,4.8,352.4
1743.037,4.765,365.8
1631.8035,4.815,338.9
1692.9909,4.811,351.9
1661.9904,4.809,345.6
1835.975,4.738,387.5
1698.892,4.81,353.2
1674.255,4.818,347.5
1677.9217,4.823,347.9
1808.2278,4.761,379.8
1661.454,4.82,344.7
1631.6706,4.826,338.1
1649.3608,4.834,341.2
1722.484,4.79,359.6
1694.9304,4.792,353.7
1664.8996,4.823,345.2
1691.6889,4.821,350.9
1678.6418,4.814,348.7
1812.5127,4.761,380.7
1651.4572,4.826,342.2
1678.028,4.84,346.7
1639.6221,4.821,340.1
1771.3664,4.772,371.2
1633.8375,4.841,337.5
1655.052,4.845,341.6
1599.5441,4.831,331.1
1757.3675,4.795,366.5
1665.1712,4.796,347.2
1692.824,4.816,351.5
1714.956,4.82,355.8
1710.509,4.79,357.1
1752.5207,4.787,366.1
1642.43,4.825,340.4
1663.928,4.837,344.0
1644.8652,4.818,341.4
1808.4216,4.754,380.4
1692.9147,4.819,351.3
1661.6612,4.822,344.6
1693.0042,4.822,351.1
1831.956,4.746,386.0
1698.72,4.8,353.9
1723.9122,4.806,358.7
1705.4728,4.792,355.9
1812.5098,4.766,380.3
1694.9787,4.803,352.9
1663.7184,4.814,345.6
1685.2392,4.826,349.2
1705.3728,4.812,354.4
1804.6506,4.778,377.7
1714.7052,4.779,358.8
1735.417,4.79,362.3
1680.3853,4.819,348.7
1767.5976,4.776,370.1
1679.288,4.82,348.4
1657.1159,4.813,344.3
1653.6672,4.824,342.8
1844.0296,4.738,389.2
1704.1266,4.818,353.7
1669.9944,4.821,346.4
1658.08,4.82,344.0
1764.4484,4.796,367.9
1711.815,4.795,357.0
1636.2092,4.828,338.9
1650.6932,4.828,341.9
1688.661,4.811,351.0
1716.4692,4.804,357.3
1647.5964,4.826,341.4
1654.296,4.816,343.5
1693.266,4.82,351.3
1792.0896,4.746,377.6
1680.5696,4.832,347.8
1636.4768,4.816,339.8
1636.1575,4.825,339.1
1767.3604,4.787,369.2
1672.209,4.826,346.5
1693.881,4.83,350.7
1620.3816,4.824,335.9
1720.3284,4.788,359.3
1788.0564,4.758,375.8
1653.5259,4.797,344.7
1631.7134,4.819,338.6
1623.7128,4.821,336.8
1715.6433,4.767,359.9
1629.159,4.83,337.3
1616.6696,4.823,335.2
1659.777,4.839,343.0
1784.805,4.785,373.0
1639.3555,4.843,338.5
1650.6112,4.832,341.6
1624.818,4.81,337.8
1778.7977,4.783,371.9
1713.8666,4.786,358.1
1659.9741,4.799,345.9
1696.3796,4.822,351.8
1687.3951,4.817,350.3
1678.9879,4.793,350.3
1664.4117,4.837,344.1
1628.6298,4.827,337.4
1625.4962,4.822,337.1
1702.533,4.769,357.0
1649.8128,4.841,340.8
1636.014,4.826,339.0
1693.0042,4.822,351.1
1827.1794,4.762,383.7
1705.6704,4.802,355.2
1689.9344,4.816,350.9
1660.2146,4.822,344.3
1698.214,4.804,353.5
1668.357,4.79,348.3
1703.7698,4.798,355.1
1713.2148,4.807,356.4
1704.4051,4.789,355.9
1799.28,4.76,378.0
1661.865,4.817,345.0
1684.5927,4.809,350.3
1677.992,4.808,349.0
1781.5616,4.784,372.4
1660.8185,4.807,345.5
1720.6784,4.801,358.4
1714.3906,4.813,356.2
1844.856,4.745,388.8
1752.4912,4.783,366.4
1680.5184,4.818,348.8
1689.2784,4.821,350.4
1717.2042,4.798,357.9
1696.471,4.795,353.8
1652.4994,4.822,342.7
1644.3225,4.815,341.5
1706.8164,4.812,354.7
1815.6528,4.758,381.6
1646.6523,4.819,341.7
1627.036,4.828,337.0
1655.0384,4.828,342.8
1763.8387,4.771,369.7
1658.7455,4.801,345.5
1670.0688,4.824,346.2
1672.4265,4.835,345.9
1715.727,4.81,356.7
1758.2136,4.796,366.6
1660.49,4.82,344.5
1703.931,4.827,353.0
1711.3574,4.783,357.8
1750.9716,4.788,365.7
1642.6281,4.827,340.3
1624.7483,4.837,335.9
1656.5499,4.831,342.9
1748.682,4.77,366.6
1657.5918,4.827,343.4
1619.4754,4.817,336.2
1674.7712,4.832,346.6
1793.6209,4.769,376.1
1685.4548,4.828,349.1
1645.4252,4.814,341.8
1671.8625,4.825,346.5
1696.32,4.8,353.4
1726.3004,4.814,358.6
1646.2624,4.832,340.7
1651.2358,4.831,341.8
1656.99,4.845,342.0
1782.11,4.765,374.0
1674.5232,4.816,347.7
1640.3023,4.823,340.1
1702.166,4.822,353.0
1742.0235,4.795,363.3
1624.7682,4.827,336.6
1627.7976,4.836,336.6
1627.9445,4.835,336.7
1761.7129,4.799,367.1
1707.5912,4.802,355.6
1668.1271,4.817,346.3
1656.9084,4.811,344.4
1700.16,4.8,354.2
1768.0728,4.758,371.6
1730.88,4.8,360.6
1668.066,4.821,346.0
1694.4675,4.807,352.5
1789.1564,4.766,375.4
1710.6864,4.808,355.8
1673.0511,4.809,347.9
1704.7363,4.817,353.9
1808.1323,4.747,380.9
1764.48,4.8,367.6
1667.3873,4.801,347.3
1668.108,4.81,346.8
1672.32,4.8,348.4
1677.679,4.814,348.5
1679.9848,4.822,348.4
1679.796,4.827,348.0
1647.3589,4.807,342.7
1671.7874,4.822,346.7
1668.3378,4.819,346.2
1730.9792,4.787,361.6
1729.92,4.8,360.4
1707.7459,4.793,356.3
1666.8921,4.819,345.9
1647.7016,4.808,342.7
1627.2802,4.823,337.4
1642.0712,4.807,341.6
1649.5437,4.819,342.3
1640.246,4.82,340.3
1634.5662,4.826,338.7
1633.216,4.832,338.0
1638.3731,4.823,339.7
1685.6158,4.834,348.7
1642.968,4.804,342.0
1705.473,4.815,354.2
1653.2655,4.813,343.5
1675.1902,4.811,348.2
1656.7494,4.798,345.3
1667.3111,4.823,345.7
1658.139,4.83,343.3
1669.9944,4.821,346.4
1647.7964,4.828,341.3
1675.044,4.83,346.8
1630.85,4.825,338.0
1657.0952,4.834,342.8
1615.2622,4.826,334.7
1627.425,4.822,337.5
1679.0204,4.822,348.2
1672.2224,4.808,347.8
1689.3219,4.817,350.7
1670.214,4.83,345.8
1660.473,4.806,345.5
1653.3876,4.826,342.6
1624.4368,4.816,337.3
1658.2136,4.826,343.6
1613.1456,4.824,334.4
1632.924,4.824,338.5
1658.4664,4.838,342.8
1615.4417,4.841,333.7
1657.3575,4.839,342.5
1612.1808,4.824,334.2
1625.1114,4.818,337.3
1666.4832,4.822,345.6
1632.052,4.82,338.6
1701.5544,4.823,352.8
1636.6185,4.815,339.9
1664.4874,4.826,344.9
1670.5656,4.806,347.6
1679.7168,4.824,348.2
1680.1299,4.799,350.1
1680.3891,4.797,350.3
1642.7642,4.802,342.1
1645.0834,4.813,341.8
1655.4651,4.811,344.1
1637.8639,4.813,340.3
1676.16,4.8,349.2
1692.9115,4.789,353.5
1678.6376,4.792,350.3
1694.0976,4.791,353.6
1710.4724,4.802,356.2
1688.4004,4.813,350.8
1690.9736,4.808,351.7
1669.0302,4.821,346.2
1684.462,4.81,350.2
1676.0482,4.819,347.8
1685.204,4.808,350.5
1661.936,4.82,344.8
1664.6812,4.814,345.8
1708.0093,4.783,357.1
1703.2263,4.783,356.1
1719.487,4.795,358.6
1697.4063,4.799,353.7
1663.8541,4.813,345.7
1653.8702,4.826,342.7
1616.4896,4.834,334.4
1652.886,4.833,342.0
1670.834,4.829,346.0
1635.5314,4.826,338.9
1635.244,4.838,338.0
1654.0535,4.835,342.1
1623.4664,4.826,336.4
1672.3836,4.814,347.4
1662.0731,4.819,344.9
1655.328,4.812,344.0
1649.6832,4.818,342.4
1709.1984,4.816,354.9
1641.465,4.825,340.2
1644.58,4.837,340.0
1630.4112,4.818,338.4
1614.4065,4.835,333.9
1622.9214,4.833,335.8
1633.2114,4.822,338.7
1670.111,4.813,347.0
1640.3574,4.826,339.9
1632.6849,4.829,338.1
1682.6112,4.824,348.8
1656.1437,4.827,343.1
1688.784,4.832,349.5
1657.045,4.81,344.5
1669.6593,4.827,345.9
1680.6268,4.828,348.1
1606.988,4.82,333.4
1649.702,4.835,341.2
1620.5708,4.826,335.8
1626.1576,4.834,336.4
1643.5935,4.827,340.5
1671.5972,4.834,345.8
1621.8461,4.837,335.3
1621.6825,4.825,336.1
1639.8398,4.843,338.6
1633.302,4.818,339.0
1655.8084,4.819,343.6
1698.7906,4.822,352.3
1674.062,4.805,348.4
1655.0996,4.796,345.1
1694.0994,4.821,351.4
1655.3926,4.822,343.3
1663.9896,4.812,345.8
1660.7646,4.818,344.7
1658.6964,4.812,344.7
1673.9075,4.817,347.5
1665.1008,4.818,345.6
1665.9144,4.812,346.2
1686.5632,4.816,350.2
1697.4792,4.806,353.2
1685.922,4.795,351.6
1685.8887,4.799,351.3
1684.3311,4.811,350.1
1675.9365,4.809,348.5
1654.3627,4.819,343.3
1649.0724,4.812,342.7
1676.5301,4.819,347.9
1664.9325,4.805,346.5
1694.3604,4.819,351.6
1672.4515,4.799,348.5
1690.717,4.795,352.6
1711.815,4.795,357.0
1677.1146,4.811,348.6
1688.2184,4.807,351.2
1649.0442,4.826,341.7
1650.311,4.81,343.1
1675.4517,4.827,347.1
1627.8559,4.829,337.1
1626.1692,4.814,337.8
1644.615,4.83,340.5
1641.3226,4.826,340.1
1646.064,4.83,340.8
1663.246,4.828,344.5
1670.3792,4.811,347.2
1676.2348,4.814,348.2
1685.5126,4.813,350.2
1645.2664,4.822,341.2
1666.8768,4.812,346.4
1650.9894,4.819,342.6
1649.124,4.822,342.0
1640.6702,4.817,340.6
1673.234,4.822,347.0
1654.983,4.818,343.5
1628.2448,4.823,337.6
1648.2515,4.835,340.9
1631.7492,4.812,339.1
1639.5888,4.828,339.6
1633.7,4.805,340.0
1667.028,4.818,346.0
1623.8107,4.817,337.1
1625.2064,4.814,337.6
1668.2757,4.823,345.9
1659.3175,4.825,343.9
1660.212,4.815,344.8
1664.8296,4.834,344.4
1614.3712,4.832,334.1
1614.7796,4.826,334.6
1624.1392,4.828,336.4
1659.8376,4.842,342.8
1640.7104,4.837,339.2
1616.628,4.82,335.4
1643.2192,4.816,341.2
1675.316,4.828,347.0
1663.7976,4.824,344.9
1633.957,4.81,339.7
1654.0728,4.828,342.6
1677.17,4.825,347.6
1654.7094,4.813,343.8
1651.4785,4.805,343.7
1668.6216,4.824,345.9
1661.52,4.816,345.0
1633.4064,4.824,338.6
1627.1352,4.824,337.3
1663.4331,4.809,345.9
1650.582,4.815,342.8
1692.0816,4.818,351.2
1655.4648,4.818,343.6
1684.098,4.798,351.0
1698.0348,4.794,354.2
1686.2555,4.811,350.5
1707.2165,4.805,355.3
1713.177,4.815,355.8
1682.2624,4.823,348.8
1670.805,4.815,347.0
1667.2803,4.809,346.7
1661.9904,4.809,345.6
1648.5014,4.823,341.8
1649.144,4.808,343.0
1674.4427,4.813,347.9
1714.14,4.815,356.0
1684.0224,4.806,350.4
1699.2,4.8,354.0
1693.9472,4.796,353.2
1664.6944,4.828,344.8
1652.3682,4.802,344.1
1695.3738,4.826,351.3
1634.278,4.828,338.5
1648.922,4.82,342.1
1629.642,4.83,337.4
1613.0664,4.818,334.8
1647.6252,4.836,340.7
1623.1842,4.818,336.9
1660.0053,4.827,343.9
1640.691,4.81,341.1
1682.96,4.825,348.8
1656.356,4.808,344.5
1686.687,4.826,349.5
1635.2292,4.818,339.4
1718.5608,4.822,356.4
1648.6206,4.829,341.4
1635.5136,4.816,339.6
1658.4823,4.831,343.3
1649.076,4.836,341.0
1637.856,4.84,338.4
1662.1332,4.836,343.7
1612.886,4.829,334.0
1671.0429,4.831,345.9
1622.7329,4.831,335.9
1687.964,4.82,350.2
1644.36,4.825,340.8
1687.0,4.82,350.0
1648.2486,4.811,342.6
1675.1801,4.829,346.9
1678.4577,4.819,348.3
1652.296,4.82,342.8
1653.57,4.835,342.0
1628.7648,4.836,336.8
1620.528,4.823,336.0
1667.38,4.84,344.5
1634.6656,4.832,338.3
1642.6281,4.827,340.3
1637.9216,4.816,340.1
1623.552,4.832,336.0
1614.1342,4.814,335.3
1690.017,4.83,349.9
1641.3514,4.819,340.6
1660.412,4.81,345.2
1689.0595,4.819,350.5
1671.4208,4.814,347.2
1716.402,4.82,356.1
1676.7438,4.821,347.8
1657.731,4.826,343.5
1664.1998,4.814,345.7
1652.0922,4.818,342.9
1677.5738,4.822,347.9
1659.45,4.81,345.0
1708.8,4.8,356.0
1713.9435,4.805,356.7
1691.7748,4.798,352.6
1679.039,4.811,349.0
1707.732,4.797,356.0
1666.6068,4.814,346.2
1658.88,4.8,345.6
1666.2003,4.817,345.9
1694.7597,4.827,351.1
1656.2832,4.826,343.2
1657.9419,4.821,343.9
1672.0362,4.813,347.4
1686.3442,4.814,350.3
1694.6169,4.783,354.3
1699.7024,4.796,354.4
1700.33,4.825,352.4
1647.1342,4.819,341.8
1635.9387,4.813,339.9
1661.5918,4.826,344.3
1636.8357,4.827,339.1
1690.9332,4.834,349.8
1650.85,4.82,342.5
1653.045,4.825,342.6
1641.143,4.834,339.5
1623.9927,4.829,336.3
1629.3046,4.829,337.4
1674.2143,4.829,346.7
1650.9894,4.819,342.6
1712.546,4.82,355.3
1646.5904,4.816,341.9
1655.5837,4.831,342.7
1663.7027,4.807,346.1
1666.6256,4.828,345.2
1628.3007,4.799,339.3
1649.3859,4.827,341.7
1629.885,4.825,337.8
1653.1072,4.828,342.4
1645.6365,4.833,340.5
1629.8172,4.842,336.6
1644.4362,4.838,339.9
1657.9419,4.821,343.9
1621.8839,4.817,336.7
1676.8401,4.831,347.1
1639.3377,4.823,339.9
1644.584,4.82,341.2
1690.5932,4.822,350.6
1674.6972,4.829,346.8
1671.4208,4.814,347.2
1672.22,4.84,345.5
1629.3046,4.829,337.4
1617.9276,4.821,335.6
1635.5352,4.836,338.2
1647.3923,4.841,340.3
1619.016,4.83,335.2
1652.0608,4.832,341.9
1650.3513,4.827,341.9
1650.9746,4.826,342.1
1618.1256,4.836,334.6
1621.4997,4.813,336.9
1684.287,4.815,349.8
1659.3139,4.811,344.9
1700.5365,4.797,354.5
1704.6882,4.806,354.7
1656.2903,4.819,343.7
1686.3375,4.825,349.5
1682.6248,4.813,349.6
1708.4346,4.822,354.3
1660.9016,4.817,344.8
1711.6064,4.816,355.4
1653.5407,4.811,343.7
1702.74,4.81,354.0
1672.488,4.806,348.0
1719.5962,4.802,358.1
1729.44,4.8,360.3
1700.8684,4.802,354.2
1689.912,4.79,352.8
1681.1809,4.813,349.3
1660.9032,4.824,344.3
1666.0493,4.811,346.3
1647.5634,4.809,342.6
1651.5975,4.825,342.3
1667.1744,4.824,345.6
1708.088,4.798,356.0
1726.9197,4.801,359.7
1690.4615,4.823,350.5
1693.748,4.82,351.4
1689.0146,4.823,350.2
1685.072,4.82,349.6
1639.9622,4.822,340.1
1659.2502,4.822,344.1
1621.5782,4.829,335.8
1612.4374,4.819,334.6
1657.9215,4.835,342.9
1637.9532,4.836,338.7
1648.2515,4.835,340.9
1659.4485,4.831,343.5
1637.4188,4.799,341.2
1685.3814,4.814,350.1
1658.6998,4.819,344.2
1635.881,4.81,340.1
1682.5781,4.817,349.3
1652.917,4.819,343.0
1684.5916,4.838,348.2
1659.0411,4.813,344.7
1619.982,4.83,335.4
1670.6304,4.834,345.6
1666.8302,4.837,344.6
1642.2,4.83,340.0
1618.9344,4.824,335.6
1621.1564,4.822,336.2
1681.6711,4.831,348.1
1645.6398,4.809,342.2
1665.5221,4.829,344.9
1641.5905,4.807,341.5
1682.558,4.828,348.5
1666.3465,4.823,345.5
1638.486,4.812,340.5
1667.6612,4.831,345.2
1644.1607,4.823,340.9
1637.8908,4.823,339.6
1634.906,4.837,338.0
1658.3253,4.839,342.7
1614.8544,4.832,334.2
1615.9695,4.831,334.5
1623.2307,4.821,336.7
1684.9975,4.835,348.5
1611.1036,4.828,333.7
1652.6244,4.828,342.3
1675.8739,4.831,346.9
1672.9755,4.795,348.9
1678.299,4.802,349.5
1722.24,4.8,358.8
1705.8784,4.808,354.8
1674.7368,4.818,347.6
1663.779,4.81,345.9
1668.4548,4.811,346.8
1640.6702,4.817,340.6
1659.8703,4.821,344.3
1647.8322,4.814,342.3
1714.314,4.802,357.0
1742.5375,4.807,362.5
1697.6583,4.797,353.9
1729.92,4.8,360.4
1671.7545,4.797,348.5
1658.488,4.81,344.8
1656.0115,4.807,344.5
1664.6812,4.814,345.8
1683.5,4.81,350.0
1689.715,4.825,350.2
1661.6612,4.822,344.6
1685.091,4.794,351.5
1695.1334,4.798,353.3
1722.807,4.815,357.8
1652.0974,4.811,343.4
1662.7629,4.821,344.9
1634.2967,4.811,339.7
1622.1024,4.832,335.7
1640.0175,4.825,339.9
1631.815,4.825,338.2
1625.4487,4.819,337.3
1651.5975,4.825,342.3
1649.5437,4.819,342.3
1641.52,4.828,340.0
1685.5056,4.824,349.4
1643.5866,4.803,342.2
1691.0754,4.822,350.7
1670.5923,4.813,347.1
1698.1548,4.812,352.9
1650.0256,4.819,342.4
1639.3078,4.813,340.6
1664.97,4.826,345.0
1631.4264,4.821,338.4
1643.395,4.825,340.6
1676.5008,4.812,348.4
1650.7527,4.831,341.7
1644.0762,4.827,340.6
1608.0896,4.832,332.8
1615.5784,4.814,335.6
1667.7285,4.827,345.5
1631.088,4.82,338.4
1678.4256,4.812,348.8
1709.399,4.822,354.5
1667.7612,4.809,346.8
1640.952,4.815,340.8
1673.256,4.836,346.0
1622.626,4.835,335.6
1622.1252,4.812,337.1
1620.6124,4.829,335.6
1621.3023,4.821,336.3
1650.128,4.832,341.5
1632.2496,4.832,337.8
1618.9937,4.817,336.1
1651.122,4.842,341.0
1646.046,4.813,342.0
1649.3444,4.796,343.9
1696.935,4.814,352.5
1652.7123,4.803,344.1
1644.3225,4.815,341.5
1717.44,4.8,357.8
1682.6248,4.813,349.6
1673.101,4.805,348.2
1678.6418,4.814,348.7
1690.416,4.816,351.0
1632.052,4.82,338.6
1658.6964,4.812,344.7
1637.2983,4.817,339.9
1694.3052,4.812,352.1
1724.8812,4.794,359.8
1679.2455,4.791,350.5
1677.9495,4.801,349.5
1698.5142,4.794,354.3
1675.1072,4.808,348.4
1621.9749,4.823,336.3
1657.048,4.817,344.0
1654.64,4.81,344.0
1697.577,4.809,353.0
1686.4317,4.817,350.1
1673.5815,4.805,348.3
1655.2578,4.809,344.2
1753.46,4.804,365.0
1685.7744,4.811,350.4
1673.31,4.825,346.8
1663.171,4.793,347.0
1680.5674,4.814,349.1
1641.4304,4.832,339.7
1652.5625,4.825,342.5
1641.2669,4.823,340.3
1625.7336,4.827,336.8
1667.108,4.835,344.8
1663.935,4.83,344.5
1681.4314,4.822,348.7
1619.52,4.82,336.0
1671.2438,4.826,346.3
1638.846,4.806,341.0
1697.122,4.82,352.1
1656.1476,4.806,344.6
1683.5812,4.802,350.6
1673.1936,4.797,348.8
1668.3482,4.826,345.7
1635.632,4.832,338.5
1635.7653,4.821,339.3
1638.0875,4.825,339.5
1643.981,4.814,341.5
1645.8894,4.821,341.4
1627.6176,4.824,337.4
1615.4754,4.818,335.3
1632.1947,4.839,337.3
1629.8785,4.835,337.1
1669.8586,4.822,346.3
1653.1273,4.807,343.9
1632.1746,4.809,339.4
1703.0346,4.819,353.4
1652.9904,4.808,343.8
1627.5952,4.804,338.8
1667.04,4.832,345.0
1644.92,4.838,340.0
1623.0269,4.829,336.1
1622.2206,4.818,336.7
1649.6062,4.822,342.1
1644.984,4.824,341.0
1616.304,4.832,334.5
1646.568,4.84,340.2
1633.1172,4.836,337.7
1618.2632,4.822,335.6
1648.7289,4.797,343.7
1667.72,4.82,346.0
1646.2592,4.808,342.4
1706.3808,4.804,355.2
1682.9164,4.796,350.9
1690.4928,4.808,351.6
1683.3216,4.804,350.4
1681.4886,4.807,349.8
1669.5228,4.803,347.6
1665.7793,4.813,346.1
1653.742,4.82,343.1
1680.6006,4.821,348.6
1661.3577,4.803,345.9
1683.3689,4.811,349.9
1694.2729,4.801,352.9
1718.4112,4.792,358.6
1706.4312,4.792,356.1
1686.5163,4.809,350.7
1650.6325,4.825,342.1
1649.48,4.816,342.5
1648.8591,4.817,342.3
1672.058,4.82,346.9
1660.3524,4.821,344.4
1649.5524,4.798,343.8
1635.1176,4.812,339.8
1705.6002,4.814,354.3
1648.11,4.812,342.5
1697.0961,4.809,352.9
1703.0655,4.815,353.7
1682.2288,4.816,349.3
1635.9952,4.816,339.7
1668.5481,4.821,346.1
1618.1165,4.823,335.5
1653.792,4.83,342.4
1657.9352,4.828,343.4
1682.2095,4.827,348.5
1647.4551,4.827,341.3
1673.504,4.82,347.2
1632.048,4.84,337.2
1630.4196,4.801,339.6
1679.6364,4.821,348.4
1652.0288,4.808,343.6
1728.4704,4.812,359.2
1684.2424,4.808,350.3
1655.3265,4.819,343.5
1651.535,4.822,342.5
1646.4048,4.831,340.8
1656.1284,4.834,342.6
1618.4204,4.811,336.4
1642.656,4.82,340.8
1654.758,4.83,342.6
1611.9946,4.822,334.3
1645.26,4.839,340.0
1639.106,4.828,339.5
1644.102,4.82,341.1
1674.0633,4.823,347.1
1669.417,4.811,347.0
1696.7112,4.812,352.6
1646.1088,4.816,341.8
1676.7162,4.814,348.3
1636.5324,4.819,339.6
1629.6917,4.823,337.9
1656.347,4.829,343.0
1632.8296,4.828,338.2
1628.676,4.83,337.2
1637.5512,4.822,339.6
1620.1295,4.829,335.5
1635.2832,4.821,339.2
1618.5717,4.833,334.9
1636.2092,4.828,338.9
1718.0988,4.818,356.6
1705.9644,4.788,356.3
1691.2314,4.806,351.9
1718.145,4.806,357.5
1681.44,4.8,350.3
1667.028,4.818,346.0
1670.9637,4.803,347.9
1655.672,4.813,344.0
1667.2803,4.809,346.7
1637.8639,4.813,340.3
1674.7906,4.814,347.9
1644.4168,4.828,340.6
1654.6952,4.799,344.8
1695.0068,4.799,353.2
1725.4692,4.809,358.8
1715.246,4.81,356.6
1679.2594,4.802,349.7
1661.2011,4.797,346.3
1720.537,4.81,357.7
1686.204,4.804,351.0
1665.4669,4.801,346.9
1700.9142,4.813,353.4
1671.3642,4.818,346.9
1618.6576,4.816,336.1
1629.3046,4.829,337.4
1614.03,4.818,335.0
1633.8369,4.821,338.9
1673.234,4.822,347.0
1641.1098,4.807,341.4
1666.9654,4.822,345.7
1665.5184,4.797,347.2
1669.3764,4.822,346.2
1656.2696,4.798,345.2
1690.9871,4.819,350.9
1642.43,4.825,340.4
