2,1000,5000.0,4.97563815117,1004.89622599,1477981522.73,1676.44816262,4.69103738318,357.388785047
2,2000,5000.0,2.51924300194,1984.72318715,20.8146798793,1722.92936296,4.67598148148,368.481481481
2,3000,5000.0,1.70205903053,2937.61844349,1.50225483685,1767.92972432,4.66005405405,379.408108108
2,4000,5000.0,1.27699804306,3915.43278173,47.7499764398,1791.90611071,4.65332142857,385.146428571
2,5000,5000.0,1.02615308762,4872.56731997,15.7851482377,1843.67503636,4.63531818182,397.804545455
2,6000,5000.0,0.866256952286,5771.95944784,54.7607284235,1807.67383158,4.64563157895,389.215789474
2,7000,5000.0,0.77622795105,6441.40679711,57.5329325256,1744.86028824,4.66911764706,373.735294118
2,8000,5000.0,0.690696001053,7239.07477729,59.6654998165,1749.93386667,4.66873333333,374.846666667
2,9000,5000.0,0.600523948669,8326.06261762,70.6656303605,1766.29986923,4.65484615385,379.484615385
2,10000,5000.0,0.571702003479,8745.81507424,62.2693761014,1740.54276154,4.66992307692,372.776923077
2,11000,5000.0,0.519776821136,9619.51321544,57.6260452117,1758.13005,4.66658333333,376.875
2,12000,5000.0,0.494992017746,10101.1729902,55.7698298882,1790.6119,4.64963636364,385.190909091
2,13000,5000.0,0.473465919495,10560.4221848,62.0224770478,1757.44389091,4.66445454545,376.9
2,14000,5000.0,0.441208839417,11332.5018751,59.5848784868,1776.01257,4.6509,382.01
2,15000,5000.0,0.390496969223,12804.196688,55.6910941521,1800.05674444,4.64666666667,387.511111111
4,1000,5000.0,4.97997403145,1004.02129979,1.39445929832,1666.53714579,4.69953271028,354.63364486
4,2000,5000.0,2.49405503273,2004.76731042,1.6542898035,1713.82606296,4.6827962963,366.005555556
4,3000,5000.0,1.70337510109,2935.3487654,17.8764490106,1763.30527027,4.66418918919,378.081081081
4,4000,5000.0,1.25625801086,3980.07412232,1.53663887615,1816.26547778,4.64288888889,391.225925926
4,5000,5000.0,1.03545212746,4828.80846677,4.55137553921,1803.18431304,4.648,388.013043478
4,6000,5000.0,0.860276937485,5812.08187984,54.8285294254,1699.81552105,4.69415789474,362.131578947
4,7000,5000.0,0.777805089951,6428.34569303,60.3620738399,1722.05598235,4.68747058824,367.4
4,8000,5000.0,0.650136947632,7690.68735166,58.7420710133,1730.60841429,4.68164285714,369.671428571
4,9000,5000.0,0.625892162323,7988.59660016,63.935662574,1725.50641429,4.68292857143,368.514285714
4,10000,5000.0,0.569317102432,8782.45178063,60.2763181753,1727.60613846,4.68015384615,369.215384615
4,11000,5000.0,0.536071777344,9327.1091882,60.5422055923,1745.10346667,4.67141666667,373.683333333
4,12000,5000.0,0.488437891006,10236.7160535,60.0661284053,1787.48883636,4.66345454545,383.418181818
4,13000,5000.0,0.473352909088,10562.9434276,61.3588280594,1775.62324545,4.66872727273,380.454545455
4,14000,5000.0,0.449598073959,11121.0440827,65.2748826075,1776.99432,4.664,381.11
4,15000,5000.0,0.433361053467,11537.7234756,60.5797598864,1781.51389,4.6716,381.47
8,1000,5000.0,4.98285412788,1003.44097412,1.48399827261,1661.55003551,4.709,352.857009346
8,2000,5000.0,2.48875284195,2009.03838892,1.51276018243,1723.70399815,4.68624074074,367.842592593
8,3000,5000.0,1.69156599045,2955.8409357,15.4922541407,1743.06172973,4.68132432432,372.372972973
8,4000,5000.0,1.25140810013,3995.49914971,1.52587597399,1809.46326667,4.65533333333,388.711111111
8,5000,5000.0,1.02422189713,4881.75464129,10.7219904589,1809.10375909,4.65709090909,388.509090909
8,6000,5000.0,0.885842084885,5644.34687098,58.0198283528,1726.1859,4.68905263158,368.152631579
8,7000,5000.0,0.773812055588,6461.51732051,58.5583983893,1722.74614118,4.69064705882,367.305882353
8,8000,5000.0,0.68101978302,7341.93062326,58.3677217484,1714.32484,4.69146666667,365.46
8,9000,5000.0,0.62749004364,7968.25392001,58.8910526084,1713.96417857,4.68857142857,365.628571429
8,10000,5000.0,0.561117887497,8910.78347601,60.3579146406,1738.11840833,4.684,371.125
8,11000,5000.0,0.499474048615,10010.5301044,68.3961502119,1792.67935455,4.66781818182,384.109090909
8,12000,5000.0,0.469705104828,10644.9769198,71.2793292933,1800.79934545,4.66609090909,386.018181818
8,13000,5000.0,0.426758766174,11716.2209574,66.130050725,1772.01884,4.6673,379.74
8,14000,5000.0,0.444525957108,11247.9370891,57.158154145,1775.46299,4.67,380.34
8,15000,5000.0,0.425811052322,11742.2973705,60.8795800889,1770.11796,4.6676,379.44
16,1000,5000.0,4.9771938324,1004.5821337,1.48806379051,1662.08207009,4.71400934579,352.599065421
16,2000,5000.0,2.52161192894,1982.85863999,24.489533812,1704.54085556,4.69607407407,362.988888889
16,3000,5000.0,1.65885400772,3014.12901722,1.41907283359,1773.98580833,4.66583333333,380.247222222
16,4000,5000.0,1.27359700203,3925.88863827,63.4399962747,1776.86171429,4.66253571429,381.189285714
16,5000,5000.0,1.05928897858,4720.14728853,61.6878511329,1684.05732174,4.69552173913,358.669565217
16,6000,5000.0,0.893860816956,5593.71202446,63.3155178433,1726.807825,4.68975,368.245
16,7000,5000.0,0.76988196373,6494.50206078,68.7936664267,1728.30787647,4.68752941176,368.747058824
16,8000,5000.0,0.69030380249,7243.1876834,64.3141905038,1722.35117333,4.6886,367.386666667
16,9000,5000.0,0.61568403244,8121.04868171,60.5139856631,1721.73626429,4.68621428571,367.442857143
16,10000,5000.0,0.578634977341,8641.02620097,59.7406059805,1784.98418462,4.66192307692,382.976923077
16,11000,5000.0,0.541991949081,9225.22928334,61.6904211475,1762.08271667,4.66616666667,377.75
16,12000,5000.0,0.499475002289,10010.5109907,62.2223444204,1762.71273636,4.66872727273,377.672727273
16,13000,5000.0,0.465265989304,10746.5409356,59.1809640079,1786.66983,4.6596,383.53
16,14000,5000.0,0.444813013077,11240.6783368,61.9514191699,1783.287,4.6676,382.22
16,15000,5000.0,0.413853883743,12081.558725,57.9567303956,1803.31563333,4.659,387.166666667
